100
96.45837075
92.7518438
94.49733267
93.04439632
90.02180468
84.04010226
86.59573976
94.50412109
98.48264777
97.53832149
98.37873796
96.38374866
92.84005288
92.83766178
89.91393235
90.97412451
91.26554076
91.82467553
91.14412751
86.76712846
91.48435454
93.57249404
92.9533101
93.07898691
92.65904712
91.56362561
90.73856692
87.76686713
87.56662827
86.22154334
84.35812787
79.59556697
74.31861034
77.66757807
78.38478487
77.28820549
74.74728782
77.0534156
76.97269119
73.36818191
72.88344199
69.19256504
64.61315957
66.04497363
64.79323391
60.87868842
59.4632946
59.5298971
67.23116147
72.44909251
78.24959347
75.75678045
77.69003254
76.35026036
76.30551556
77.03907888
77.03833773
75.69303246
79.25834996
82.95335151
84.13466286
83.98737695
87.21428707
86.3331954
85.35792697
87.09471955
85.85249262
87.03607617
85.42446319
81.51799977
82.19727244
83.25576427
83.25576427
83.25576427
84.13316786
83.20885008
84.95160983
90.16666788
94.14196956
96.62881297
97.92367548
95.53407359
91.36196616
88.96273639
88.96273639
92.4059044
94.1366743
94.87939627
94.13625318
90.54767694
93.58761878
96.13757984
96.69890769
97.94074967
99.52479199
96.88646956
101.6464551
101.5157212
98.21052574
99.17240669
97.52588126
97.91309578
97.91309578
94.85291179
94.80808646
92.5635776
94.48144727
93.80853361
97.76542207
97.64417022
92.73734246
89.18790733
89.27089188
87.446272
90.10097024
91.55609197
88.10036629
88.98977572
88.44920887
88.44920887
85.04368212
86.02474088
86.53597405
84.22362686
85.58808166
88.19948647
89.8872118
89.58311352
89.10794049
90.59188647
91.7964909
93.20100877
95.47902686
99.4818827
100.0773974
97.77356761
98.8708284
99.32750516
101.1356427
101.1744938
100.3658148
94.99195901
96.7308023
96.72079152
95.47975334
97.39667803
96.58737298
96.21496626
95.62755557
93.60833226
95.05461584
97.6414396
98.37108492
100.0758371
102.1608176
99.76814234
101.1023733
101.570162
100.6150977
99.11409852
98.63383367
98.75380495
97.55407346
97.71634452
97.71634452
95.68685473
94.64190455
90.89595948
90.58695947
89.08731832
87.54189193
88.98209522
91.14873615
89.99988924
89.98006048
89.70612445
90.33510459
92.76171182
92.76511623
95.01310109
95.18538724
94.6714229
93.83796583
91.86564598
92.18288584
93.35786534
92.47468199
90.56950457
89.26617615
87.44805859
86.33612335
85.89540131
86.648025
88.60697363
88.12332096
87.87456659
88.23182898
89.8371702
90.26374218
89.45374606
88.56630185
89.09155301
88.20457542
87.74604481
87.74604481
88.14132935
87.05038334
87.54598711
87.31635512
84.51307408
85.74762312
83.6851321
80.28699876
82.32670241
84.00462302
83.58602731
82.37203577
83.53518165
82.95157203
81.84317976
81.9076544
82.17223288
83.82129486
83.88569483
82.78264914
82.77385247
83.42344876
85.28540229
88.31825108
89.04548367
90.15887671
92.25168664
93.41466513
92.66471479
92.38450328
91.55846421
95.67971819
95.71236002
95.3537477
95.96132108
95.92990076
95.3935327
93.82290348
93.82290348
93.81708766
96.32639675
97.01542427
96.77284872
97.49704538
97.56965158
97.64808634
102.0425252
103.8477806
104.4740036
104.4740036
104.10407
103.8327876
103.8821266
103.8821266
103.8821266
107.9531486
114.5760366
112.411314
112.8045283
113.630941
112.2081229
108.5507426
108.6276801
109.9077375
110.1291537
109.3648253
109.4234442
109.3293779
111.7176147
114.2221846
115.2952854
114.9408713
113.8674491
114.2416021
115.3356956
116.0123965
116.2430853
115.0793385
114.6615568
111.0238821
112.5709193
112.5300501
113.6611131
114.2417574
115.3648975
115.1148955
111.6013543
109.9172179
105.9942226
105.5876456
105.3038449
106.3082166
106.8787781
107.5463634
105.5737698
104.8537743
104.6040828
99.64406578
103.4957763
106.4988381
107.1334825
106.8110509
104.3239916
100.3169624
101.3601786
99.99200209
102.812314
101.7078446
100.2849275
100.9964197
100.0698217
100.9337577
102.8463672
104.8109495
106.9875698
105.9565186
103.9629782
103.2275235
103.1747068
104.208832
105.284496
103.956982
103.956982
103.956982
101.9773008
102.4265947
103.93875
104.6158307
106.575836
108.0329321
108.3658195
109.1136011
110.0629042
113.1706093
112.9918938
113.3900019
113.1035909
114.2488346
113.3754125
112.7141305
113.5599699
113.5599699
112.8373534
110.8604075
111.4707934
112.037679
113.1067557
113.1116597
114.1548853
115.8485352
116.6222138
118.950527
119.2376122
120.625309
120.6885087
120.0695844
119.6461081
117.8206827
117.9356617
118.2056128
118.7465077
116.6974651
117.0372406
115.903453
112.7784905
113.0598361
115.3785066
116.2351864
115.3875581
115.3875581
113.6843805
112.8241838
113.5276228
113.1904885
113.1904885
114.2097585
114.973131
113.9609558
117.2533831
118.3936624
118.7992323
119.7413607
119.483432
117.995956
117.3760444
116.7042849
117.3434541
118.0969106
115.16126
112.0128164
112.0128164
111.0412798
110.7981227
111.3487764
106.822996
106.3263706
107.3065415
107.0333095
108.6415112
107.2658531
105.6145206
103.9796671
102.6567535
98.66866337
100.8794608
104.2822338
101.7889434
103.3156138
106.6494003
106.0737599
107.268477
108.1450132
107.4206104
105.1742976
102.6526976
98.21209836
98.66747992
101.6829422
103.2896341
103.2896341
101.3844756
97.83382805
97.19181484
98.00977325
98.03968916
101.8296129
101.7868565
99.02670534
100.056937
100.3091307
102.2572401
101.7463463
102.1811184
104.7945022
106.4561327
105.5647211
105.4870237
106.3305491
106.7976147
107.7001047
106.8736451
107.6629953
108.4130063
107.8734111
107.5597241
107.370101
107.2390582
107.9914614
108.8854367
109.1276751
109.1729154
111.041779
111.8929094
112.4066224
112.8265126
115.3133477
113.9042371
113.7931699
112.9507554
112.7731078
112.0015652
108.426769
109.9797935
109.8483727
107.683022
106.3998684
107.1399092
106.7571225
106.6791877
107.3323774
108.4920519
108.3977266
108.3374667
108.7576913
110.1251985
110.3662745
109.9016973
110.4137795
109.5947198
111.2695707
112.2219596
112.9588276
114.0170579
113.8001641
115.5721935
115.7772745
114.9810456
114.833296
115.1957459
115.1242023
115.3243625
113.9031034
113.5953292
115.52914
116.7981461
118.340908
116.700143
117.8499562
116.0687945
116.7718433
118.0713786
114.7126262
111.1892201
112.2931335
112.567814
114.7968207
115.4931303
117.6258065
117.9426407
119.925755
120.398695
120.398695
121.7368554
121.5751225
121.3556217
121.3556217
121.3556217
119.672279
121.0895506
121.6321433
123.730958
125.8993271
127.0596786
128.5177311
128.7394203
131.1966826
132.2579775
130.7765998
129.6681844
130.3698411
130.5313507
129.1727157
129.213656
125.7167072
124.3425577
125.9630235
127.6213152
131.0865031
132.2734015
134.1612019
133.9978273
132.5371165
131.3400684
131.3126713
131.5998036
132.2984015
134.753469
135.9758963
135.3631131
136.9272447
136.3700266
135.7892394
134.906167
137.5655953
140.9300625
140.0792392
137.7865115
134.3834934
133.2146716
132.2953852
132.9345004
132.8028181
133.0874341
135.0811543
137.5143755
135.5074338
134.9109873
132.9758308
132.9536913
130.7815653
131.8863531
131.9840285
133.7125195
134.5852774
136.3806186
136.3017438
135.1569652
135.1569652
135.1569652
130.3593346
131.9347894
133.3464487
130.8743842
131.2318664
131.5021768
130.5781296
130.5107575
129.8997178
126.6336952
126.1752915
128.2636513
130.7485121
129.9078045
129.6163513
128.8557016
132.3509959
134.4360549
133.8123899
133.7202654
133.2584277
136.0142796
136.7438967
136.7438967
138.8524636
139.962225
139.2402914
137.3896714
138.5018166
138.9024516
139.1469972
139.513547
140.3405627
141.4388904
141.5700882
141.2122177
143.2580187
145.2596303
144.9969048
145.2555609
145.0533374
144.7272373
144.4408343
144.9999765
146.8217213
149.8021297
149.1010154
149.1125493
148.8187227
150.1371056
150.1371056
150.8350446
150.0855218
152.0759029
151.9663112
151.9663112
150.7927492
152.3457868
153.0791563
152.6300045
151.5050541
153.093758
152.4873958
151.3310573
149.8538389
149.9323085
150.7752387
151.1440102
152.4697079
152.8526319
153.5442256
156.2563982
156.2563982
156.4843943
156.7692788
154.3658935
150.4722286
151.5649501
150.7602841
148.0591576
145.3426687
149.5652179
152.3691586
155.4553792
157.9807808
159.2451275
160.343494
160.1190915
160.3478413
158.5870444
156.9979413
157.9844573
163.3558663
161.5846513
160.0886174
160.6114506
160.4935216
159.6799648
159.77811
158.5195476
158.5195476
158.8428372
161.7762167
161.4489253
158.5667841
159.1020095
159.2495362
161.8181417
161.3595216
155.465512
151.7841335
155.1413657
157.9971628
158.0384577
157.8258625
158.1535969
158.6020499
154.8109259
152.3250736
155.5200435
153.5640645
157.3992271
157.787049
157.8606406
157.0660134
157.2215856
157.882384
159.8741425
160.4285604
161.56972
161.5205088
161.243652
163.2161396
164.0868237
163.4989772
163.2593461
164.0976991
161.6277717
161.4190168
160.181209
160.532579
161.7384611
163.0126131
163.2627718
161.2375534
164.4145502
166.7378768
167.1522975
157.9546018
151.2922358
130.5571992
139.7899013
135.1440682
125.542562
130.9946188
136.9690661
139.4440667
136.0556181
136.4292886
129.9380076
127.3397413
126.3069816
120.4388283
125.1251918
127.4685452
130.0266704
128.4916651
133.2538574
136.3097927
140.4303239
135.9174044
137.8464249
140.6314321
142.4142534
141.4765997
143.9121537
145.0148887
147.7326879
149.8880679
151.7364307
151.7364307
149.3905956
141.8993143
138.4893013
136.1235555
141.6093732
143.4445518
143.4725809
140.0453594
138.3253287
139.5918514
138.8552112
138.1998218
138.1998218
139.404593
143.661312
147.8915887
147.8915887
147.8915887
148.8943656
146.7696159
140.1368452
139.222825
133.2629856
126.0672399
126.7015185
132.7591109
134.4699259
132.7794797
135.6371377
138.1133456
137.9539999
135.049849
132.3506375
130.8297281
132.1009208
135.4359593
136.1975139
135.1944376
133.9772111
140.1363627
143.9074898
144.0822453
144.251287
144.7854899
143.4070002
145.6006604
146.7846581
145.8145285
144.1708179
143.3702292
143.9499867
141.6933029
142.9161019
142.45285
142.1958486
141.1383429
142.899037
142.1380674
142.571341
142.914447
142.6133749
142.9314402
140.9666778
142.1027504
140.0152616
141.1986374
143.1880808
144.5234027
145.097475
146.0693677
143.3059857
144.2977086
143.9094092
145.5559753
149.5633522
148.5867275
147.1170224
149.5872834
148.881428
149.3149573
148.9220633
148.9971048
149.439544
145.5170432
144.1795347
139.9358023
139.416274
139.416274
139.416274
140.0345316
141.6057351
141.4807645
141.6661823
143.862648
144.8394356
144.999017
146.0818679
144.4526323
144.3446571
140.9320335
142.9506925
144.3102664
146.6568374
146.6568374
148.4433898
147.9358358
147.0353429
145.0752263
146.4518923
145.3802232
143.6015718
141.2790562
140.5604999
141.8129725
135.5480252
135.0549585
136.0995672
135.3930029
133.1005933
133.1005933
127.5221568
129.8414163
131.2387224
128.3278411
125.7348187
128.7090084
128.4712045
129.56576
131.0630913
131.0630913
127.8829687
123.7771098
121.2599914
122.0921504
122.0921504
116.6098051
123.4678617
120.2595148
120.5738637
119.5922868
122.2019727
121.7770463
119.0303204
118.286522
120.2719094
121.802641
125.3642983
127.3676758
127.2405851
127.9110797
130.9488432
131.1420748
131.1420748
130.8554895
134.1774967
136.2683891
135.9231011
135.9883467
138.5323252
136.5128107
134.5651302
133.3758758
131.6639404
132.1966427
132.0236652
130.0784089
130.9870001
132.6989212
129.5521248
127.2360699
122.3087733
121.1063585
120.8926422
117.5116273
115.4585631
112.6121379
112.1870911
112.1620031
113.7765481
113.7765481
110.5061091
109.9832516
103.5297449
96.94689696
97.66071008
97.20622179
96.09471148
87.67243834
90.46523565
88.2472953
96.38026226
95.04137878
88.45197083
85.54387948
90.79941309
87.10344723
82.76667526
73.20950245
77.43815517
82.77079302
95.0006739
92.75264465
89.04245877
91.45807633
90.44644638
96.47613888
104.1100513
100.2771122
101.8044188
104.1960413
104.4235686
101.2668371
93.8737973
98.86072319
95.74254669
96.94634745
94.324957
94.36848299
99.76503037
99.76503037
101.852583
101.7876275
109.7768399
108.1888183
108.6951161
111.8927747
113.3934154
114.6287724
111.6968334
110.5806563
112.0120995
109.15851
109.5314415
115.1363141
118.3917245
119.5609198
121.2843144
121.9883967
120.462399
118.1225309
118.8657669
119.2030014
115.4344029
117.2444552
118.1310352
117.4866808
116.8802555
118.5644208
122.2599674
122.0586063
123.3880989
123.7919838
124.316947
124.51319
118.9056996
118.4952451
116.1964457
110.0761729
110.1754531
110.6020202
110.6020202
108.9868616
108.1026327
106.6940688
101.6798717
103.7380862
104.9202734
104.3764845
105.6679561
108.5230997
108.9023624
110.8484718
110.9916456
110.9916456
108.5267247
108.8183841
107.4300675
107.4300675
107.4300675
109.4052676
110.5953408
113.9227517
112.743393
110.1035657
106.9224794
103.0627962
93.1456643
90.88077999
101.0714561
99.78881566
102.4918718
102.941671
97.40558089
97.33776424
97.43486659
97.42502919
100.2419537
100.3149742
102.2422
106.1523417
106.3028605
107.4123616
106.5325353
106.4841225
105.6875374
104.1796387
104.699381
105.6599904
104.53864
105.438975
105.0357021
102.8967918
103.8182882
105.8228918
105.6370047
104.0402023
103.0051135
101.6377752
103.1662904
103.5048886
103.1779248
103.1099109
105.427675
106.7544637
106.6266158
107.0654757
110.3426215
111.3168069
110.3045153
111.8852049
110.6464094
110.833685
110.996776
110.5768723
108.9983603
108.7021074
108.072616
110.3994959
109.2589715
111.1906074
111.3887996
111.9434339
111.9434339
111.9434339
114.9336786
115.2467202
116.3162602
115.8119483
114.6983779
113.6308369
114.0272704
114.9836108
117.2664495
124.5667936
127.4318013
125.2291089
125.8789934
125.3695872
124.8346628
125.0384893
123.7490044
125.5691221
128.6976101
144.9416278
148.2415075
147.963513
151.317954
152.471232
150.3759171
148.5589099
146.0561296
142.007811
143.2163039
142.952368
141.6925414
143.0720747
138.6781678
138.6295772
134.688749
133.4221482
133.4221482
136.8807539
134.8118659
137.1698203
138.540835
138.2688776
138.6555977
138.8842057
139.6546397
139.0297831
140.4722793
139.3823768
138.7026465
137.2700254
137.2700254
136.3476527
138.2416508
139.9952326
139.9447077
139.9447077
141.928951
144.1326226
142.975089
141.612818
142.0467321
139.6735658
132.5634781
137.0546956
138.684397
139.4955971
140.0276699
137.6856785
129.9860948
129.9860948
119.3247161
125.0763169
125.0946269
125.1878501
130.7346203
130.487877
126.2267406
127.6570199
125.3043571
124.0887155
120.6766425
121.1504761
123.0171112
124.2311388
124.7731783
122.1467261
122.0248097
121.1897997
122.2481553
121.8060144
122.6093701
121.0154213
123.0986741
122.3791976
124.1130755
124.1130755
124.9032202
122.7157165
123.2749422
122.4619436
124.8725982
126.6654365
131.8259901
131.1951995
130.9152466
129.5220539
130.2202798
132.137074
131.8688288
132.4554297
132.5704709
131.2474639
131.0806458
133.4101242
134.6623071
135.5900874
135.3798907
134.6260403
132.3740359
131.7550575
132.2453785
131.0333927
129.5064978
128.3414733
127.7111886
132.5147806
132.6333967
132.6647809
134.2997573
131.8734269
134.6750667
133.7120412
134.166474
135.1991696
134.4418224
134.4418224
130.9575161
127.1869785
128.4521028
126.5277201
125.6228309
128.3912709
130.5754593
132.8549254
135.3745031
135.6181475
134.2785809
133.7475879
133.3394298
133.7765204
133.8703142
137.9621332
141.1295415
140.2890377
141.7279914
143.7008445
143.0464412
142.3815941
139.4744315
137.8259035
139.7710896
137.0357746
132.6462603
133.730989
130.9344895
135.7171564
135.1925402
134.8265207
136.0809344
137.6414459
136.2718896
133.1899117
135.1736664
136.7203462
137.8958679
136.0680203
136.1580965
136.1580965
136.7024433
138.1859269
137.7414774
134.1995783
134.5261792
136.1341523
138.4842042
139.008767
139.26878
138.7831188
137.9819323
138.4402302
136.1481439
137.6464191
138.3826754
139.822407
139.822407
139.8092789
132.5692423
134.4222917
133.2049474
132.0064834
131.68847
131.6718287
131.4518741
145.3457556
147.8681168
148.3766245
150.6641563
151.170383
150.3624783
148.751328
148.3286817
145.8917349
150.2296052
150.6306599
147.662547
146.565278
148.9682344
150.929725
155.3123256
158.0375723
158.6596123
162.6221383
163.2013518
169.3487021
168.2197029
167.7351914
166.8463147
166.2831285
167.1156926
163.4112869
164.236811
163.2933561
165.3727572
167.9460749
166.7815825
166.432365
166.0795245
165.4897386
170.1460877
172.0051693
168.4809819
165.0917972
164.4269762
164.4425576
161.8331471
161.2806657
160.9390898
159.3648997
161.7811362
158.4246072
158.9935267
156.5140579
157.3010918
159.2472167
159.5346
158.4682193
154.5633817
152.5108653
150.4909067
148.5499016
147.8287257
145.0961491
142.761129
146.61342
151.0174861
149.3511969
146.5785899
144.8933637
143.3820253
135.6926897
136.0479664
137.8083753
135.9136565
135.9136565
135.9136565
134.9592933
137.2767701
136.8938353
134.4167006
135.0358202
135.0358202
137.9153472
132.9622596
132.5709263
130.9807961
128.1413385
129.1836427
123.2253239
124.0366729
125.4220797
128.3195547
128.9443881
125.4584433
123.6626773
116.2787814
116.7825628
115.2586027
120.0701204
120.0701204
123.5766136
123.3625529
128.1649048
126.3549992
128.7295684
135.5923266
134.2226353
131.6357297
132.6304947
131.7687761
133.3365007
132.9266226
135.4475008
136.2606873
136.198204
131.3571593
131.3571593
130.3370852
130.0634785
128.7259732
128.0873889
125.5744297
126.6464933
127.704681
128.2851677
134.0450922
135.7591665
136.5534549
137.9115622
140.6317864
140.8721862
140.5498234
141.2894293
142.9595694
139.8626355
141.8742244
141.0749021
139.5200741
137.5047856
137.4022476
135.0298925
132.5649762
133.181713
131.6326057
128.739057
126.5774998
128.137603
124.1629738
124.2616212
124.8066126
124.5204148
125.4254884
126.1406769
125.7247912
123.4853316
122.9924051
121.8451555
119.1541954
116.7309149
119.2033402
116.9945367
116.9945367
116.8399544
120.8969078
121.4155321
122.0578572
121.2987994
121.5870528
122.3564455
123.9085625
125.78756
125.8854237
125.1202971
125.1039457
126.3905066
124.5519004
123.4410454
122.2912873
121.0704635
121.4336004
121.1570498
119.4539367
120.7979002
120.3089797
120.7007016
120.2578202
121.5810669
119.3649381
118.191848
118.7010138
118.7922617
117.997191
116.6521527
117.6669187
116.340256
114.1233937
111.6879462
109.1799109
107.3824283
105.8709483
107.2077057
107.2077057
102.8053997
101.9338273
106.9224232
105.0288158
101.343829
100.5713692
95.8222051
100.4100135
108.8021973
108.7808095
110.3276135
107.7443669
108.28241
105.4551647
105.4551647
107.124871
104.916897
107.1736393
109.3222922
111.1073135
110.1909749
108.6980751
108.0199742
105.739363
106.9565582
106.9813207
104.3330573
104.5569934
104.8718568
105.2123758
102.0999817
102.5247394
99.83923356
100.6162323
99.91049278
103.4542863
102.6805019
102.5859555
102.5859555
104.2805463
104.719971
103.5555515
101.9769781
100.9554877
101.6072484
103.055809
101.8715186
105.4413194
105.1700302
105.1700302
104.6258526
104.0370072
103.2061543
103.2061543
103.2061543
103.5410943
111.3698987
115.1311877
115.6103404
115.6855738
124.0957155
124.9886943
126.23277
124.6216118
125.4690841
125.0608733
126.9990865
130.4032878
129.989891
130.2348388
133.4145435
132.8483117
131.5017979
130.6206277
132.1356162
132.5042842
133.5604418
131.771631
129.638162
127.5609954
127.8430002
125.8734225
127.3683743
125.6777107
126.3841594
125.1340152
124.0815558
124.1786847
121.1514837
121.2780887
117.5884439
112.6487515
115.3877069
115.0393658
113.5654892
110.931359
108.2244623
109.1272629
111.8687678
121.7014636
119.1369648
119.3280075
119.1497579
118.8290737
116.1179731
115.8290724
112.2837777
113.2247982
111.1496423
108.5728
107.7560388
106.8538429
100.0655248
105.7736085
112.4766334
114.4482176
113.0590427
110.0358118
110.087403
110.087403
107.1330671
106.8178905
110.8915057
112.1208757
114.8763246
114.231682
113.0371925
113.0371925
113.0371925
109.7290573
110.9127451
115.0928847
110.5007065
103.7318598
102.2438754
104.1598446
103.9514988
108.2002107
111.0706712
107.1095013
107.1095013
106.0961963
105.4276475
107.9870979
108.3740355
104.7442599
105.630626
105.5045234
102.7658673
101.8261523
102.6387395
105.1980168
105.5263196
103.9872667
105.5295173
106.4294313
107.9075177
107.9492798
107.9492798
106.8759664
105.2989374
105.2976235
108.2582558
107.2041387
108.7128094
108.3971044
107.8372407
110.6871603
111.009543
109.9178846
111.1634976
109.9766892
108.0955036
108.0771577
108.0771577
103.887323
104.0711351
105.5548785
104.0527193
106.4894369
105.3046652
104.824864
103.2185126
101.1291017
102.2245062
98.1762113
97.62301159
94.61835422
93.3575197
93.3575197
88.79859514
86.43819123
77.20331302
81.65664913
80.25522013
84.05602358
81.06011148
79.33321993
82.53041834
83.60200697
81.04938949
81.95051374
80.16040597
80.26332389
79.2539865
79.77792095
76.23960737
77.62548648
77.53627931
75.17436693
76.66351533
80.66030674
82.63611807
83.53184207
81.7801157
79.59909771
81.37600221
83.11418676
78.60979244
78.60979244
76.16385756
81.83965428
79.83293103
78.93179746
78.48567611
80.27477937
81.02356067
79.73218755
79.9665806
79.80188381
79.2118344
79.41254818
77.79194232
76.41920935
73.17123892
69.65714237
69.65714237
67.77573104
68.09432438
68.21554253
69.01277262
64.81397278
62.50634478
61.6250838
63.37387256
62.57514653
62.57199837
62.63551076
61.04269059
60.60163361
58.28960165
53.84319929
51.82907742
54.24710014
54.24710014
53.8441662
56.01258884
57.42514846
57.48422541
57.41006387
59.57363983
61.59427106
61.08455676
61.56454123
61.26909484
59.78243492
59.39352346
59.2710418
58.20108499
53.78958982
54.43090529
54.79071319
56.70859296
56.28366839
57.69130457
57.69130457
58.70495345
58.49452869
57.38900497
57.02173989
56.34889872
55.86238975
56.48321242
54.37822749
54.0362312
50.91184714
51.09266126
51.7894989
52.81276339
55.48065687
54.57955554
53.57667718
51.06260353
52.49325733
54.46058556
53.53836306
58.27039258
66.04676745
66.64085238
62.69075354
63.66372346
64.04406809
67.59186838
68.27346674
69.68673702
68.82140151
74.77608504
88.05044383
88.05044383
88.05044383
88.05044383
88.05044383
88.05044383
80.46806986
80.46806986
80.46806986
87.50579441
91.76603373
94.4637817
94.4637817
94.4637817
94.4637817
94.4637817
94.4637817
94.4637817
94.4637817
94.4637817
104.9233716
120.0242892
125.1070858
116.8024815
115.64439
110.1517307
112.4263014
116.3454611
117.1674074
125.9256405
123.2053367
128.6598257
128.6598257
128.6598257
139.9964093
135.795736
138.3321441
123.526916
112.9461535
117.7308836
112.4037108
111.4939304
116.554566
118.0485302
117.9023557
115.0667837
113.9968883
116.0504495
114.5385275
116.9666633
115.8550149
115.0778409
109.8851739
107.7233783
111.1245555
108.8214494
110.893393
113.1569039
118.2076379
117.1927109
113.9841982
113.4709659
114.6198917
117.0309422
119.8664103
118.0807826
126.8487166
130.7481234
130.5793807
129.7398033
129.7398033
129.7398033
129.7398033
128.4925781
128.1488967
122.5338947
117.2809776
112.2037896
112.559927
114.1344581
112.6785418
114.2171261
114.4941806
107.239906
107.5482009
114.3529543
119.820539
119.820539
119.820539
119.820539
119.820539
119.820539
112.0501344
109.4818954
109.4818954
116.0856216
115.4914841
116.5370036
114.335205
114.2329114
112.9561814
113.2737805
111.7810264
110.6814045
105.9097028
106.7551203
108.6827676
109.6015789
109.4024356
107.0297857
104.6311775
99.54333017
96.19808824
100.6578217
100.9076783
99.09760027
95.32993183
92.59982878
88.96908367
88.16471015
88.85752437
90.554931
85.93280681
89.53147534
88.05134438
88.91733512
87.90646561
87.90646561
94.06488867
96.72395314
100.290272
97.25634012
99.82643195
105.9423077
105.9052399
104.7397434
109.822777
116.5858023
113.8052324
116.7870105
119.9295001
115.8621421
122.0734149
122.0734149
118.4761638
113.194136
112.8283354
110.925274
115.2613846
114.5129639
116.6581614
114.8473764
112.4675002
113.2999054
112.7685707
112.468712
111.2966496
110.6357553
111.5900886
111.1308996
111.4620427
111.1323395
107.166892
107.9098056
108.669858
112.4314649
114.8372806
112.9714314
111.967467
111.7777321
112.9393102
115.1236835
115.1236835
114.46964
115.3810615
115.5198115
115.5600647
113.8276307
114.0528011
113.0733166
113.9017897
113.281588
111.4649928
111.5536229
112.6288479
111.1947075
111.8128111
113.4928158
114.6360666
117.3071218
120.2935142
116.031666
113.675615
113.4910346
112.8412824
111.9838761
110.506399
110.517305
110.6633616
111.8920645
114.6259721
114.1389207
113.5809243
113.2485576
112.1954788
115.540978
115.2236191
113.2003302
112.1375415
110.6775525
114.8459681
115.4048575
115.4048575
116.9316252
118.7674827
119.2779298
123.6711753
121.7392999
118.9127412
118.4743347
118.7229922
119.2977538
117.6744383
114.3211093
115.208532
115.9393793
115.2319212
114.7939909
113.9460347
113.9460347
116.6408204
115.7655197
114.7803378
119.8259702
119.1395869
117.300872
118.8424124
119.379362
118.8312561
119.661513
124.2308393
122.9257482
123.7126981
123.3120899
125.9073131
124.0099336
124.6809813
126.5939282
127.6065966
125.8436229
126.4760501
126.7264241
124.6077934
123.9436477
119.1573715
116.2454737
112.7152742
126.2230213
125.9569294
124.5839613
127.088901
130.5919651
132.7356061
133.0142732
133.0142732
131.6033539
130.4343136
132.1740196
132.696324
132.696324
132.7264305
133.5458481
138.0179276
139.3123583
142.4090941
150.4159972
148.2795472
148.2365221
148.5410707
148.0149612
152.5722301
145.9061173
146.0877229
140.9370759
142.0891205
141.7020058
139.7135221
137.9272183
140.5407697
141.24954
138.2965234
137.8897564
137.5852217
142.4642303
140.878108
140.7038297
141.1476566
144.3520729
144.5522413
147.0457506
148.6612716
147.5096708
147.5190646
148.0352597
147.5793237
147.9100855
150.7574014
150.8556318
149.6994816
149.6367202
148.4732001
152.9004434
152.1063625
152.1747222
152.192441
149.5465195
147.4140711
143.4783834
143.8628335
142.730942
144.4164352
142.1718748
143.6118175
144.1993939
141.1847972
143.4713936
145.2184446
141.5355964
140.7622047
140.2089816
139.6191293
140.1569617
140.1569617
140.5650256
136.4950887
139.4819552
140.0446263
138.8830622
138.9525559
138.9811369
137.6953892
137.8821707
142.1180196
143.3528737
145.2739128
145.2739128
145.2739128
151.1819861
151.614555
156.0578963
152.9297523
157.5389534
144.8549641
148.36824
149.4205582
149.4205582
153.5838828
153.248551
148.7088712
150.1478017
147.7524774
149.8331087
146.0414333
144.7315455
145.246099
143.0716243
145.8062833
144.1404927
140.6719349
142.2547559
145.6324832
146.8661564
148.5437775
148.5584244
150.2720419
150.9893441
149.8978474
153.6085413
152.7724909
151.1643613
152.5591593
154.4196969
153.3280277
155.2172784
155.6211325
158.5980001
161.2639162
161.2639162
167.5797257
165.2606539
168.7473285
171.3274024
171.6053777
171.2635848
172.9084239
164.4837632
163.5653342
165.2715108
164.7134899
164.2751686
160.0766875
161.6879748
162.3506762
159.5113317
159.5113317
155.9311594
156.9228059
157.5307614
155.7230115
155.8040965
158.791124
161.5661418
160.0948253
160.7983167
161.6910018
160.3556911
160.8689318
159.318965
162.2361028
165.0486688
164.436229
162.964347
164.5645699
162.9819167
162.4976635
161.8102876
161.6314613
157.8384292
157.8724899
158.6501797
158.7396366
157.7622963
157.7622963
152.4199404
151.4189463
157.363619
154.6124754
155.9429962
156.9906425
159.9394782
161.121512
161.0705497
160.5470201
163.0627808
166.3315829
165.8750275
167.4337136
168.5660633
165.3451604
169.0234324
169.0750985
170.5757021
172.6502801
174.9898996
175.1667182
176.0086993
174.2623109
177.4524715
177.5254149
181.3172613
178.4902585
178.4327306
179.9463115
179.0324554
179.7837865
179.5478427
180.0144102
178.878775
177.2970998
179.0571437
181.4813388
181.7294351
181.7294351
181.2949096
181.7660972
179.1118181
180.0999629
182.0912268
184.6166428
182.6510971
180.4631447
182.3878604
181.5175552
183.9492507
187.2893574
187.1447169
186.1522937
188.8169696
190.5541209
192.9459551
192.9459551
191.9443528
190.0937914
186.3254192
186.9349947
188.9930376
190.401082
187.1282058
187.4435501
187.8914776
186.8042618
189.6865156
191.5468495
195.4223761
195.9462581
195.8030933
195.2796765
197.184181
199.9603161
200.3679076
198.5098289
203.0234611
203.0234611
204.3962206
199.290938
200.5775621
201.9639739
200.2388285
201.916002
204.3888442
210.2205732
209.2736265
216.1404171
216.7364883
220.11082
220.11082
225.6339983
230.0480517
230.4957201
229.5792293
229.5792293
237.7152026
248.8414503
251.3642356
250.3607346
251.3736797
259.3139375
249.6360678
252.343316
252.2061327
250.086073
252.1931492
263.3582637
261.8587601
255.1616825
255.159009
250.3588246
257.978617
256.1400938
253.5641666
244.8885502
243.5396324
239.479744
244.9408196
242.8321301
234.3278429
232.1414242
237.3473952
220.259011
227.1006213
232.3166345
233.714676
240.5494918
240.6074457
243.1940967
245.0084673
249.2734892
259.3421794
256.9637289
250.2787796
254.2236878
250.4891361
259.996121
260.8229612
256.6776996
254.9773481
250.1570086
249.0683382
256.7963256
259.158653
256.4006364
257.9691641
251.7685884
251.7769097
254.9420432
255.6363951
259.2450342
254.7470781
253.5328389
250.4127741
251.0340239
245.4547282
240.2596004
244.7739009
247.596165
248.0053326
247.8338679
247.8338679
247.1312725
246.6290458
246.6290458
246.6290458
244.0370854
247.2835331
243.4199027
240.2594732
238.4200097
232.2316333
229.0420222
223.6117718
224.7664269
233.0880668
231.3000203
228.9568527
225.9485991
222.1379191
216.6508765
215.2028663
217.7123597
218.1303199
214.6892679
205.768657
192.5848706
201.2429633
199.6079229
195.4031096
194.7148978
185.066557
186.9334196
195.553022
195.4478365
199.0642806
205.5358286
205.5358286
209.0453599
211.231121
210.5366822
207.0414052
211.8283405
213.605449
208.8393184
204.0460612
205.2459906
206.1368114
197.9004751
196.6762582
195.7977127
191.2801515
196.3964739
200.3028173
201.3707871
208.5895098
208.5895098
208.519885
209.9136385
205.3879705
207.4507558
203.7204898
204.82849
210.3491387
212.3794196
216.3089198
216.7885705
215.8305234
217.4238527
220.3967909
220.3967909
220.1963531
213.9636676
220.5629218
217.5256088
219.0778483
217.3694154
221.1713542
220.3789077
218.3423552
217.2205298
214.4828804
213.50918
215.8017726
217.2621565
220.0583359
221.1111241
224.8712842
233.3831611
231.2188914
233.5471115
235.0974606
234.2291294
232.09345
230.2310643
227.1547754
227.1547754
230.2556696
231.3639215
231.7924482
230.1960066
226.3600938
226.5860774
223.7390172
223.2722002
227.0564621
226.3754191
225.9187873
231.5393818
232.1426338
232.6995921
235.1218751
234.5149815
235.3666343
245.0465349
243.2120709
247.0903285
249.0610367
247.6218971
253.9841648
252.4284086
253.1261381
256.8599731
255.7839246
259.008695
257.1441571
257.8834156
264.965759
264.3340561
268.5001931
270.8884756
272.0914478
268.741787
271.9057294
272.4058752
271.2373949
271.2373949
265.5911357
264.1092007
264.2248359
270.1258498
269.8384594
262.6959807
259.5805821
264.4274427
260.0353518
260.3939452
264.4652079
270.4648671
270.4792489
271.2324425
274.7185187
271.083396
269.9771174
273.3784825
276.8835002
277.5367004
278.8797469
280.371235
276.3275177
281.4684119
276.2715048
279.1458686
279.6620754
279.0261331
278.8674474
270.1927845
270.8857735
269.4528388
271.8445449
273.7465259
271.4026852
278.0170298
274.7293381
271.3525332
277.0257046
278.3217772
273.4229723
273.4229723
273.3741354
272.7860743
274.7841576
273.4535295
277.453733
274.0814842
274.3584416
278.8201791
279.9397605
277.9361844
282.9597148
286.1845122
284.8472592
286.0927358
289.5218321
287.4933819
289.8885873
283.7606121
280.8632178
274.3317378
276.8284141
274.4904561
277.6888598
277.5003296
273.5866224
275.4949183
276.5647753
277.9013909
275.5791976
275.9631161
272.8349327
275.1763897
274.4689146
272.8556561
278.2199093
282.6995656
285.1963432
285.1437625
287.3657834
291.122049
298.0882129
301.8191043
303.3743965
310.9507968
311.9182674
312.7691104
314.5598011
318.8121767
317.0271936
322.9395996
324.3839476
332.0689962
327.1738838
332.0006128
329.4673239
334.3400163
352.3105959
355.4611918
361.3275555
358.1948469
356.9009829
360.2977655
364.7136049
360.1821531
345.7430283
334.103279
329.7436245
318.2979974
319.2615247
320.6449068
334.5570407
335.5805853
326.7611483
326.4590836
318.2988315
318.2988315
318.2988315
316.2751546
314.5562287
321.4274055
322.4650948
328.6032112
325.2925815
326.5813458
326.6158386
325.902874
322.7939863
320.6516694
311.3677259
303.23917
295.8315354
285.3536904
289.3654373
304.4920569
296.9187166
305.9902404
306.5589386
310.3056542
304.6676451
301.6502282
293.6685309
302.5843603
311.3882697
320.4026974
330.3670802
337.5953074
336.1545024
337.7418203
332.2670431
329.5864862
326.6153164
332.2430251
330.1751217
328.9523191
334.1993635
333.2937439
332.7949409
334.1694255
338.4873503
338.4873503
335.2670898
340.6540446
346.3947532
339.2545412
346.5367063
351.3502911
348.7726116
344.673723
347.1099217
343.2599632
339.2328862
338.2236406
337.2355324
338.8101906
340.8865036
345.5028582
347.3209461
347.3209461
352.3947817
353.9344567
354.2947326
352.9931675
353.7333229
357.6233596
352.4172824
349.3400919
348.8043745
351.0113689
358.2232698
359.2445311
364.4585016
365.5076297
376.6514443
378.1219274
377.1544933
372.7772611
371.3996829
370.9322795
374.4297314
378.1490118
376.1623143
379.4197151
373.5144836
379.9420401
388.1122069
396.9884183
399.4391115
405.2089042
415.405727
412.0695981
421.8233885
418.8365147
412.4194729
411.7768121
415.4154527
421.9284256
418.2449089
418.2449089
413.1803103
414.8691789
410.4071907
412.3566246
425.0583612
424.2510005
427.157869
438.435753
442.9082851
450.8315244
453.7310607
455.6385
471.0914475
464.4270056
473.7206756
470.5341755
466.8207787
471.3183936
469.0815269
459.3726931
456.6208696
464.3508669
466.2531888
469.7859633
475.6256528
478.2934788
483.3260936
484.8089258
489.5084455
493.0076186
502.4328915
517.7250618
523.6173181
525.8062219
537.0225382
516.1952651
500.0563714
481.9711068
498.4081136
498.4081136
488.9061439
472.6509415
461.7341028
471.1666539
472.4058828
457.7001724
465.6224627
447.004044
457.0150627
468.3839335
457.1819564
463.7080271
451.9346154
463.832053
465.6443101
461.8950734
476.2103597
490.321585
483.5471472
475.4118152
470.9662087
465.0838447
455.0868887
451.7199605
453.814104
448.399785
450.802635
459.5954767
454.3720718
460.123275
469.7773026
470.8564887
470.6653992
471.7464828
455.1755396
456.1683944
458.098835
456.9931053
474.3381479
482.6135793
484.9996928
470.946246
470.946246
476.5788653
475.1177355
473.8561438
475.7169117
479.4686234
474.7384685
464.1580018
464.1652127
464.238604
467.3320507
466.8132111
469.6089531
459.9371734
465.4000687
471.2774691
471.2774691
476.9966177
494.0014907
492.8198136
491.6041808
500.2581115
503.8189535
505.2405193
514.411552
509.2515874
512.6995139
515.2909835
525.2015972
517.8743433
551.3858411
554.895729
562.751527
565.0056883
558.3954935
570.2114325
582.4290963
589.5413827
593.3918742
575.0130114
555.2900139
554.9006317
563.8557069
546.7362521
562.0884256
560.4380884
557.7655585
543.4446889
542.9438914
536.3223027
549.4725179
556.0319775
568.1213241
580.302423
571.1955316
567.283497
575.3666842
576.3290265
567.2663261
584.1459183
614.9434695
627.0824415
619.0453026
600.4705117
602.0229606
594.6856475
603.9455339
609.2234806
622.8741981
630.1614915
630.7336904
624.5435707
623.5505252
618.4892798
617.5796827
614.6135683
614.6135683
620.1134817
610.89396
616.7899225
616.1768565
612.4415925
625.319578
635.2096635
662.4817923
667.0813333
653.7780262
675.4180329
670.4798897
679.1156865
679.1156865
679.1156865
703.6721887
719.7573673
716.9285905
705.3090833
725.4098685
747.9191108
739.7043912
724.3875542
695.8720029
724.8211295
724.8211295
731.3077979
694.4020486
686.7760051
706.4745921
690.7143987
706.100186
705.9824416
694.831629
672.9156663
645.5957396
641.6334103
610.0952162
589.5424797
595.704481
569.3449987
589.0925114
578.3345956
578.3345956
622.3382954
633.5518525
606.698131
601.3532277
613.9817978
617.7832468
605.3037752
599.6363651
582.7220979
582.4694939
570.2884723
540.8802813
542.9096356
549.4696859
577.9383844
573.5552145
573.5552145
560.5194724
573.9901527
574.5701352
583.0376047
600.858119
592.265545
605.0938349
629.3325065
639.7331241
646.4913888
646.6058927
629.1998078
636.3942809
628.1477492
631.5895035
644.2602088
633.1248821
608.3440986
614.7394636
596.1895377
593.2234178
619.0767311
604.7353385
596.0463655
614.8198002
621.3412765
623.0106414
619.736625
622.8382077
632.3181011
632.8511825
642.9022232
646.0826093
629.0579545
619.9831365
607.2074442
600.0880303
601.4907265
596.0265888
585.6790448
597.0142769
604.9499831
599.5488958
608.4586885
608.4586885
612.2721478
605.6596068
610.6891145
619.0060738
615.9786673
616.4679793
609.8645717
609.3492852
618.8635286
618.3323255
620.1756655
607.9295139
605.7079269
598.6807299
579.3172958
590.5976833
600.3604773
597.0486054
592.091221
606.0872529
602.3368067
605.3049992
603.96456
599.970714
590.3307434
598.7175444
601.8599629
606.4644303
600.6131878
608.4206106
596.9689933
601.8308002
606.8001855
602.9023678
606.351277
604.1037284
595.8948512
603.5888918
610.4999786
610.4999786
617.1765599
627.3994857
632.5141969
631.8060419
628.1047129
636.2508204
653.1285258
653.3519321
657.6313155
650.8834367
654.1244773
657.6811696
674.8162403
681.23035
681.23035
686.3011713
704.33334
714.8051632
711.6976625
715.6592858
719.085162
721.535833
709.1240647
705.9842844
712.036549
726.9722646
739.7526043
736.7825028
741.9615512
721.4366289
727.9785062
750.1336228
752.4127697
735.4620434
745.8634476
752.3394964
749.1314701
743.8979732
743.8979732
744.6942566
745.0278225
775.3925015
778.6366764
787.3599087
780.4676376
787.2408753
786.3653339
790.9109639
789.7004717
789.7004717
787.803923
797.457608
792.9947168
792.9947168
792.9947168
812.3557965
796.8159644
781.1939626
780.4992418
782.8072773
762.5106102
784.2748426
779.1060292
802.841037
805.4691505
789.24164
778.554015
766.886798
775.225908
771.3056548
784.1359282
787.2916276
773.9464449
776.2395111
773.4127199
784.8511758
792.1691989
792.5817881
791.9795844
790.0660576
803.8030996
804.4452723
805.032251
799.0100194
801.0801352
806.1594851
810.6400587
807.308866
808.8337586
814.664488
816.0534992
815.3007769
816.3853177
820.1281856
829.3972193
766.2256437
776.1101658
766.4783816
755.5853816
737.2738463
760.9619149
757.7824239
766.3354736
763.2728396
770.1521524
740.6877525
747.1294519
744.8215084
734.9609598
754.8618771
753.0812124
775.5923552
767.4602495
775.3956517
771.9772087
766.6980603
780.8579641
789.9972732
783.9729289
783.9729289
793.8308397
797.0422086
797.0422086
797.0422086
796.2826966
809.598377
803.7560954
817.2175389
824.9314042
828.8330713
820.9248937
820.4156202
812.937999
819.1626003
815.1364688
809.3677244
812.7457719
809.5889324
818.4189526
801.8997599
801.8997599
802.9619341
816.2045389
817.0146792
790.2305825
780.9823822
791.3458774
772.3908513
792.3046325
788.3860313
795.5929107
801.8972076
810.1251002
817.2512751
826.9478579
822.7110348
829.601647
813.4115421
813.4115421
826.7526949
833.0996114
840.2134404
858.7361294
862.3139472
860.5619546
857.8056351
842.111421
819.1492019
819.6320869
821.223576
810.3135968
821.2443795
832.3191898
834.8623898
834.8623898
839.8242498
830.6579202
836.482448
832.8849412
827.1190266
826.3601697
839.0731483
836.2406691
825.8968561
850.0732582
847.025868
851.5759291
855.8587981
865.275137
865.275137
866.8302191
880.1073825
883.6601676
871.3652405
847.1802238
840.4509567
845.9573446
854.8678443
846.4918052
861.7027839
838.9092816
841.7984456
817.1203654
819.9078038
828.3936194
826.9922542
826.1325471
820.8232177
807.9376536
795.9283165
813.0620669
838.9998673
814.4692972
809.6794805
808.973873
794.4564342
764.5726649
721.2056995
753.3750368
753.3750368
769.2264561
789.3227307
804.7641585
817.7960044
812.796218
780.1169273
807.1568693
807.3648679
809.2343432
809.3287582
802.8980494
792.5368328
798.8024766
782.6101393
767.8631024
772.2434383
776.7219714
789.7535022
788.4965302
780.6043366
813.2969881
841.6207559
833.3928542
846.3787207
860.6803576
856.0175186
864.7036977
870.9037901
867.140289
893.0482788
890.4019102
884.7486486
884.5648154
890.2155939
889.9977264
893.441424
886.2961353
882.5344513
891.9307236
891.9307236
877.7478327
880.8675959
885.3562054
870.1514933
863.6837035
868.3571799
862.3009624
867.8748855
897.0668106
895.4403622
890.2321254
899.7113924
873.5023762
876.1013091
846.3923116
846.3923116
849.2257414
816.2604424
828.228737
800.0511177
820.3821364
830.9365201
818.6358527
829.9557192
806.3472251
808.1561716
801.9912527
797.572106
800.4603022
795.7192794
793.0305405
816.1767614
817.3899603
808.7549821
805.6443209
799.8350724
802.7008648
807.0537482
811.5019503
811.1610135
801.4539481
798.5852219
784.8121968
777.4798883
751.6464667
760.2004715
760.7798522
756.9030398
767.8956176
767.8956176
767.8956176
776.9210023
770.1731184
771.0045087
771.0045087
771.0045087
769.1599195
771.7517689
759.7029935
740.2640769
757.7181748
735.82591
725.9901794
720.7598502
745.0022266
708.1571711
707.6505175
685.4472784
679.4816359
634.7825405
671.5267158
656.9111981
692.278109
696.261838
708.6247324
727.1958565
730.5442726
712.2670165
727.168407
737.9623795
719.6780981
705.2754417
687.0969826
693.5358303
694.349282
710.1013395
704.7902532
705.7976765
703.8979809
710.8321708
709.2735955
726.3166426
735.7078133
741.886267
765.0632967
778.4639361
776.404621
793.7556958
781.172293
775.0149524
796.4730081
826.2155785
826.0420619
795.4462915
784.5685738
818.4808234
815.1994588
829.4458807
816.6528067
786.9578329
807.2750204
759.5149772
759.5149772
759.5149772
759.5149772
799.5477003
814.3639291
812.1823766
813.0390032
828.5773406
832.9691602
832.9691602
845.2395294
844.1450268
837.0576226
850.0008766
844.7530622
831.6321171
829.7169121
825.0834253
824.1358388
857.1302509
858.7548677
875.3147124
895.0663936
876.0966248
872.2542984
855.7655099
843.5618446
843.3684722
827.0070977
846.1409119
846.1409119
855.8143522
867.6774969
877.770624
859.87544
866.8105819
866.2510813
891.665849
892.0174715
897.6459257
910.6972314
924.9751883
946.3949481
953.5148174
946.8973617
960.4393463
956.904069
955.5792487
944.6610852
958.930987
952.4603027
955.9761793
947.773111
948.0100624
916.8547559
986.0728026
987.0586953
985.0371925
963.2454148
950.0679076
941.6284294
939.8069168
939.8069168
947.6628487
932.7727975
997.2670628
994.1185735
994.7989331
984.1216966
998.3432004
1010.588335
1043.290741
1061.827584
1040.788398
990.3188898
960.7035769
959.4677125
967.2760141
930.8985097
930.8985097
956.5091828
955.8308259
970.2656943
929.4553479
917.7153157
890.1606582
858.2169528
900.8035248
874.7701948
856.0531926
831.3684732
842.9799872
852.7191166
860.5716413
876.0708339
858.2416353
844.6848777
818.06739
814.4065082
860.0984083
832.4145902
794.1000188
739.152122
732.3577327
753.7474157
762.4823725
747.5218287
747.5218287
762.2162948
782.7940978
791.1547426
779.1686458
766.5134483
776.3056444
800.813153
795.2332865
789.0874348
784.1153634
745.7928994
737.4353099
704.3638824
684.5304135
685.406336
644.2675394
670.5017436
690.3387609
715.1845747
664.7768954
679.3079619
649.3089073
653.5903063
731.764188
737.7207396
695.165768
675.5136314
692.8273412
675.0412845
578.8926477
614.7316616
609.6104473
558.6714944
560.0238044
513.2925932
506.2526439
498.3250035
465.1134484
435.246518
435.246518
493.3200624
410.2486137
418.8252892
435.4540787
440.078576
395.9157952
345.2622478
352.9424824
326.747491
297.7526071
333.4471163
346.7599227
369.1868669
386.9843515
402.4563239
442.5187297
445.8615802
445.8615802
419.0806345
424.0563003
414.075746
403.5377968
410.4266963
422.0642779
409.979172
386.8535306
374.3977783
340.4035198
312.4912244
353.5760373
351.4405338
364.8851607
365.0236906
375.831341
343.1704446
357.187067
359.9283868
359.6052892
357.5770686
357.5770686
375.0261507
387.1968759
399.0187389
406.7985449
411.8136479
423.4702836
424.8670485
415.4392271
398.7638791
377.6214934
377.5824912
377.5824912
377.5824912
374.9357228
379.3724548
377.6092097
377.6092097
377.6092097
390.5375359
398.5895418
413.9474365
403.0945688
399.1643204
390.4352638
382.397755
382.1258049
374.2989288
370.4721523
373.9967529
373.3802857
355.4097308
354.379495
356.4956219
362.582505
363.145172
365.6394841
370.6850818
366.7237383
365.98947
357.0880212
366.9490803
362.4219527
365.3784431
372.8479778
371.3178485
358.5240636
347.4216182
341.1123446
358.4245592
354.3719997
347.0110238
338.927895
336.0030213
330.0079291
324.4833292
332.3356685
326.8577317
330.9660593
325.1558633
303.750145
296.4641951
315.642472
308.8149693
309.8784662
298.0165744
307.9441372
306.5118539
308.804412
312.5592019
312.6965472
314.0830725
315.6783227
318.7166104
315.9356879
330.9357555
330.9357555
341.0804395
350.6334298
351.3879943
344.2923738
345.0171417
336.161937
336.161937
350.1434293
346.107151
336.5227802
334.6446033
334.6446033
334.6446033
346.0578385
345.3129005
348.0255937
356.396981
360.5680762
348.1086568
352.2708531
348.9634456
348.6311278
348.1194598
343.5537085
346.7042706
352.35117
372.0008876
372.0008876
385.0122384
393.9179292
407.98825
417.5748324
440.3048699
453.2076913
460.4234054
439.1841269
423.7400008
419.5762781
441.3204432
446.5044538
451.0671059
450.6979597
444.4353058
444.4353058
435.4597954
421.3348299
389.3875111
381.1559919
419.3243141
444.150042
435.1270335
446.8040582
450.8896193
440.1827466
438.257216
439.1720371
442.8408076
438.7103328
439.0558935
425.8565494
426.2708565
423.473638
437.4381032
432.8194377
429.190404
432.4037496
447.1940883
442.898181
463.282101
476.644083
480.1460218
465.7975967
465.7975967
472.3403097
476.0955355
457.6833321
459.1555385
463.3486236
469.3911947
474.4090613
482.5594501
487.0541834
484.6758842
496.3182083
492.7154137
499.2873856
506.1008948
499.8971376
498.0908307
498.3561232
495.5989663
503.9997602
513.110711
528.0341537
532.898992
532.0406946
526.6876207
530.9104715
535.3187195
527.7468346
526.8025531
537.3380895
523.0472807
500.2137354
509.9583175
512.53234
533.4567404
549.6541165
568.0195296
568.4797649
564.2970884
561.6233897
581.1078209
578.7636167
570.9516593
567.171624
570.9439373
575.0790066
575.0790066
587.221488
596.7898669
587.7162644
589.4890549
590.6167402
593.8083505
608.0070108
602.6199732
591.110994
584.7763421
603.7208994
601.281429
593.2555618
586.2353498
597.7100809
599.7383751
600.1940694
588.3236086
588.1876623
610.4604437
626.2636802
617.0970076
635.3374209
651.1697192
668.4486032
662.9483233
667.3882961
663.782735
654.5538777
670.6520882
671.4468068
670.3251931
686.2161329
683.7281406
671.0516246
670.1667386
643.7155009
662.198914
645.89979
678.3612658
678.6933362
681.772748
683.5296349
692.8982063
699.4602148
692.7339457
685.6437882
676.9851009
680.3107668
676.6839578
672.9813129
671.2072351
652.7371024
650.1613435
657.8196025
666.6494234
669.5869789
669.5869789
647.9606109
634.0602886
650.8411096
653.2223143
650.8793906
647.5247138
650.4120821
646.5828722
638.4416247
641.0738525
642.293318
651.060973
649.8424749
657.9832327
647.7981124
647.3667284
649.7590975
653.8916517
648.5461796
645.3994091
645.3994091
649.893615
651.1610299
653.1181698
660.035271
660.035271
682.774556
696.4516706
683.1942847
690.2712419
685.0348701
680.8943754
671.7761038
678.3234082
687.114919
682.9713955
682.9713955
682.9987868
674.1880985
665.1796042
653.5300508
646.771225
641.24122
635.0156839
635.4579973
638.9998051
642.1973642
647.7034407
636.0596553
610.6711944
606.059283
602.4887252
603.893913
603.2110301
617.2287526
623.634524
623.634524
640.9160356
641.5724051
643.4361231
643.8215699
642.6226277
623.6609685
618.4769018
605.3627066
608.7809148
620.3977413
627.9316022
629.9668135
634.9056037
640.8222654
648.3315927
652.9674873
657.1418456
653.4818868
655.6123167
653.2231196
659.323745
667.2047973
661.2437976
660.6562407
675.0880017
701.0797247
705.1499454
708.4229007
700.6831816
713.2992022
703.1737194
695.1088146
696.4362852
696.4362852
708.4676951
720.6773132
718.3123871
716.6140601
731.4162712
738.4199936
739.563557
742.0844613
741.0002468
729.0337244
727.0361373
728.5121606
722.5146487
726.2844943
721.8662312
715.3807736
694.8584725
693.6834233
705.5432613
688.1054836
703.1397386
678.9502883
660.9204119
620.9536071
614.7185604
668.7455996
662.4131742
665.9141776
661.7590263
637.3583224
625.7380668
629.6335469
623.7279828
598.6818277
601.8879833
596.8676038
573.1827525
565.8051685
613.0659652
612.7848122
612.7848122
619.9200961
636.3392011
647.6045548
631.0411202
626.1991917
624.5819026
632.1531683
642.996025
648.1628634
652.633335
673.8907865
676.317192
672.1947004
678.1210466
680.8096851
686.0929229
679.160714
670.4496365
672.0427627
662.6898751
636.5527889
634.7382289
634.1997551
633.8961409
633.8961409
641.648436
661.8553719
673.0265795
686.2675416
671.5736182
684.4514449
691.453227
686.6864137
674.8836186
683.2547433
704.4901297
708.0434271
717.8165343
725.0547186
733.5023802
736.8051341
731.0796984
739.5339516
735.6807611
757.2479578
749.1160082
761.809876
787.7204357
793.5014042
802.2574027
801.426127
787.3607097
787.5390979
790.6537462
795.2440574
800.9728755
821.9131245
810.3269032
814.7900493
797.4948396
756.6551932
765.2984591
767.5403574
765.4222456
760.454329
767.90755
788.8315976
790.7424091
790.8655934
790.8655934
786.0951963
785.1882263
802.4551283
806.6346901
820.7450942
824.128521
810.9664577
806.1326938
818.5420475
845.1009195
849.5369805
848.1167615
854.6918318
897.9050718
890.5897768
917.8686165
907.3904672
893.9311603
902.3931394
895.020095
919.0401793
906.0399577
892.2338875
908.8231746
909.3712354
911.6072691
930.0727591
929.4348785
930.5838651
928.4139477
926.7658242
958.2004931
965.850031
966.4201125
997.7808554
987.1349507
1059.196733
1025.98381
1037.278697
1038.632037
1060.77633
1088.922995
1144.360705
1129.658214
1100.436577
1082.125381
1109.894709
1096.91203
1068.367071
1080.210686
1035.259643
1038.715343
1067.157627
1077.635396
1092.155044
1060.801478
1091.900761
1091.900761
1084.856017
1080.444511
1070.734571
1103.576282
1117.726121
1110.176688
1128.372907
1118.251002
1117.007997
1123.516192
1145.055084
1143.249608
1135.258898
1097.99993
1095.93777
1095.181223
1105.806995
1110.451104
1116.177353
1104.873317
1104.873317
1100.000225
1097.3704
1105.978085
1114.346974
1122.442889
1151.437848
1149.100661
1130.954642
1133.878504
1131.559335
1124.520942
1125.362552
1132.898096
1118.881972
1109.844398
1109.844398
1134.820223
1165.209991
1152.758269
1142.492026
1136.644473
1125.674755
1141.898353
1130.279246
1099.581554
1109.315082
1110.793478
1106.035038
1103.73882
1085.504998
1074.674665
1083.468721
1065.546249
1034.917876
1044.705462
1062.20338
1049.397554
1057.807597
1047.471558
1054.073116
1054.073116
1039.848409
999.1249615
992.9322925
1017.029093
1019.762316
1006.683276
991.0794245
1019.046354
1022.514914
1016.808929
1022.325649
1017.290269
995.2737853
992.7110152
983.4579591
966.9513133
945.0437748
962.6325211
970.1912753
984.2446054
977.7594049
974.7144147
987.3820404
977.9674497
981.6670265
979.8498307
996.6937866
987.7018627
1015.710223
1043.286695
1050.293667
1050.337646
1034.72122
1035.478548
1022.198797
1011.079705
1011.248752
985.8602882
983.5865808
958.710024
960.7477033
966.4411281
970.9134053
970.9134053
968.3443874
957.5236852
952.8514191
944.8090007
955.5076408
951.1529539
933.8630002
930.0366083
922.3059331
916.4619366
944.1493419
981.1429873
956.1499939
949.808451
937.0806349
929.1304132
935.6446255
953.4562457
949.2666542
943.4083145
929.5386706
929.5955778
930.6265472
935.9965966
941.438812
941.438812
943.1291754
912.0238155
911.8642704
912.4866861
904.8945806
904.7678834
894.3093415
912.4063315
906.6266002
912.3226342
928.7818917
923.3528802
911.5488603
935.7728183
942.2352506
951.2158734
942.0741574
942.138474
933.8671563
941.5215341
955.3808144
971.9403196
988.6924171
1004.937669
1004.937669
1010.822966
1016.538569
1016.2829
1010.342302
988.8015431
965.8041576
970.5148163
962.5543626
969.1737215
947.3516926
946.191182
951.2038371
971.8174509
971.5727262
968.0759485
965.8828716
949.3479091
948.0196298
953.4893921
956.7024221
945.6880516
935.269826
880.1560482
876.3178701
788.8368498
829.6160966
818.1370002
845.9041119
844.5109617
864.2863361
858.0304214
863.9739766
825.9739446
805.7646009
807.9615512
826.6482108
830.6971383
810.8736533
819.5184751
829.5127749
838.4984052
840.3765052
828.2623714
808.9812901
808.9812901
788.8161361
806.9370007
784.6514033
758.5641306
745.9974057
753.407954
772.7284946
774.539839
778.9333247
761.6013043
762.9305232
742.5555047
692.6912101
699.3012962
700.9025208
723.0773041
698.3896544
696.8005393
674.9671324
646.3404886
657.4849819
672.8177905
690.6917305
684.3914734
719.8735379
718.3021235
733.2580939
733.8822724
757.5774356
741.3646361
740.0373216
729.5868309
718.3420913
744.4396763
754.712824
741.5635993
731.9884676
748.7939573
734.7723717
687.1196729
665.3351399
674.2879018
673.2994033
669.3645289
673.9359063
715.3467795
681.0466249
692.4701919
705.1401398
697.1195957
701.7583501
691.8377795
672.7134634
671.5483956
650.7999426
650.3091739
632.6450498
632.6450498
627.2236392
639.3227742
641.1589007
670.1439374
670.1224103
667.8488064
678.0305588
678.4790363
674.9740443
648.6019599
667.1217792
666.1494872
649.2443033
636.8398301
636.1848907
639.0332128
622.1051867
638.2515373
643.2225139
648.2741248
652.7662428
652.7662428
654.4678411
642.2116697
655.0644004
643.8734704
643.8734704
670.0312425
699.9515566
699.342733
713.531607
717.3490295
730.6831934
725.4430855
734.3244558
719.5778847
719.5778847
725.2051385
748.6727347
765.6808584
775.4249397
789.4218394
792.3422159
797.1867054
795.4154121
780.3557245
733.0185778
729.0051194
734.1098831
738.6339082
707.5435265
705.5344038
687.3466887
711.979398
697.6436109
689.9572567
688.3029633
668.1655607
663.0104789
673.3764717
691.636831
691.636831
700.3604935
697.2307164
696.5827317
673.4903803
646.4686676
642.9031427
601.7968998
636.3316237
628.0825824
607.2151286
596.1310703
607.1818949
613.4048488
599.0164427
583.8459509
595.4975507
599.2684646
618.318848
618.230644
617.4580346
607.6781279
635.8000785
618.6086433
621.1176021
597.7186972
593.0013578
589.2399043
602.5753157
603.3986431
557.9011948
549.2506572
535.969954
528.7115633
528.7115633
526.1161805
522.0925346
520.5615615
540.2463558
521.4867321
492.5249221
466.5934435
413.4305179
427.2239923
429.3649709
422.002127
423.4763631
419.0924505
420.003263
422.8417613
424.0149375
420.9489816
415.5879852
406.3208488
418.6589493
415.236493
417.3788788
427.7523606
423.7975035
414.1751006
388.8893553
385.3175175
368.5983749
363.0408771
359.638535
363.8223467
363.1595281
359.8518419
369.0624522
372.5124924
372.5124924
377.3276672
356.2978051
352.1524949
345.1426086
345.2497845
345.0322219
349.9825549
339.0960151
335.6605777
319.1451182
306.8777036
305.936477
305.3971027
306.1352217
321.1303843
328.1583131
328.6486948
318.1109932
333.18744
318.2388501
322.89101
325.0160548
327.8842036
339.2634353
345.143161
356.2395997
356.2395997
346.5078747
341.7236961
333.4145651
329.6665242
340.3864197
334.5913896
337.267374
333.0338362
334.5776856
343.6617579
344.7644384
334.4748426
331.2578441
328.0840924
329.0865539
333.1085768
334.7940509
335.9637574
334.9847075
328.8148191
324.1564728
324.9986322
333.944035
340.8422688
344.4826123
347.8291453
351.8971524
346.329323
349.7601299
346.957214
348.7484602
347.2549872
344.7426051
343.9158826
340.1776537
338.2130409
340.4955182
341.9689297
342.9733667
342.6181424
337.5493033
335.0100506
335.0100506
326.9406489
326.4146623
327.9500021
327.8881006
321.7048977
329.4086179
333.4453943
342.7179572
348.6479856
335.5695272
340.2759935
342.7872536
349.4895486
357.0626982
365.7982688
355.7123408
345.6709373
345.6570606
342.0888803
346.5655102
347.1141556
343.1871286
346.44742
348.6635405
341.1722461
337.9409461
332.4890923
335.2425585
333.0389337
334.2790887
337.7533435
343.7668987
341.8016629
337.9459181
343.2962462
332.2242777
333.0230083
332.5816127
326.9974687
326.9974687
326.9974687
316.797515
316.7912463
319.2153919
317.5247566
319.7845391
312.9814649
312.3265428
311.0975283
312.3306011
304.9183955
302.3253088
302.1091349
297.7521436
304.7169534
304.2336511
304.8243628
304.8243628
303.6121402
310.8316998
308.1682654
317.7556592
337.0037862
332.6705025
331.1879192
336.2539937
336.034993
334.8718195
343.2540713
362.0997636
368.5660273
375.7844528
374.3659616
392.9488389
396.6921697
417.9220394
408.7383936
406.2512444
391.2243686
392.7694648
392.7694648
390.8805307
402.4912649
390.4807459
393.679863
393.679863
412.26526
413.1247466
411.1457444
416.0864522
419.4200176
418.3390243
416.3986067
415.0668898
418.8103604
415.5059466
418.507971
425.9399955
430.5162152
430.5162152
435.5895863
434.951722
436.7936019
438.5786237
442.3820589
462.8404509
456.7195041
459.4380823
466.673308
456.5602164
458.1115462
459.5599622
459.534551
454.7117162
450.559331
450.1605572
454.5503779
451.7902033
449.0103855
449.0103855
445.2877463
434.6554765
418.261382
418.5898547
408.3659037
409.44599
416.83118
363.8401295
379.2160439
403.063972
407.597554
408.0842815
414.0634597
420.4735249
420.0864325
433.9665327
433.573266
436.5960465
434.9306315
434.2877288
431.1897535
430.4954207
429.7678923
427.3851551
420.7457199
413.9853081
411.1180768
404.3983597
404.3983597
396.7830382
394.9016295
396.9893162
399.0371313
399.0621829
407.2763067
422.2141199
415.1910787
415.9564702
414.5684962
401.0393781
403.4379949
393.6925953
390.818576
397.0679932
406.9251706
410.06044
413.7820101
416.6835941
412.6370429
419.2334187
424.2579593
426.1594766
420.6868897
417.1511378
422.23602
428.8485584
424.0467491
417.172014
407.0374573
409.0134873
398.7651502
411.8206019
409.611722
416.9340153
418.2788974
423.9565699
417.8880617
415.376691
411.851193
411.851193
407.6444119
420.1367353
417.2498884
409.3193916
413.200979
416.4068906
416.0242375
414.8226279
423.9414824
429.7944274
420.0227924
410.7286952
412.0756259
404.6614272
403.3955011
399.5266801
392.5743272
379.0736996
382.3563921
377.5980279
382.9887323
389.9359917
398.6120851
395.7520584
400.0716599
397.5616509
395.5291997
395.5291997
392.9283751
392.8889723
390.112138
392.3774511
399.2217849
399.4829409
413.4411551
417.8461168
434.2595035
439.7522945
438.4745947
441.9675512
442.466966
438.7181386
434.4427064
429.9056284
424.9713268
420.522615
432.4595531
440.4409278
444.2843282
443.4653625
444.4678702
447.3258922
454.236832
455.7727361
464.4505064
484.2892515
499.9294741
500.7093564
497.7216747
499.636313
499.0925143
495.2814363
511.7781199
499.1202362
494.5700228
484.6030826
485.906186
491.2174869
484.4728632
484.4728632
494.6312183
501.8980888
506.466298
506.1007549
520.3020634
533.7490633
529.4254419
507.1263315
515.8849109
522.4186814
525.8436193
532.7238482
529.5720645
534.6164004
547.6491265
546.7268195
545.1663851
548.3669503
547.1640599
546.0433691
550.2426665
546.1858087
542.2963331
547.4573476
553.9724516
550.6632496
550.843464
578.2222318
584.4386505
604.7470665
600.5365886
603.6184976
610.4939297
624.1641639
645.4707694
627.5738833
605.8659829
622.786107
601.5689825
598.8938088
591.4855267
586.2927382
588.909037
585.5890651
584.7534755
615.1007642
606.4641605
602.7410265
609.8258544
617.4095289
608.6913739
607.3788105
626.1000813
643.856953
640.3868836
615.7504626
640.1307116
649.1097695
670.9572249
674.9577219
692.8549463
709.2686307
709.2686307
707.8514597
695.9933209
660.5407215
659.1711538
645.7062671
654.68806
664.0153383
658.4129418
646.8300311
645.4652734
644.3879033
665.613245
684.0602943
688.189455
676.8029899
665.4033847
677.3792007
665.2079603
665.2079603
659.6040829
664.3677447
646.0340458
644.2702427
644.2702427
623.8781188
620.0004502
610.9834278
620.1550421
602.9105221
616.8850197
621.2832299
614.4554537
617.0871768
618.4652876
618.1425062
612.5711453
612.5711453
624.537852
598.3789098
531.2373901
504.1714113
532.4875203
528.2538093
504.6129669
501.3166331
490.5863566
475.3886189
490.3566354
486.6956168
499.75293
512.813186
497.0628738
505.0484962
536.7648655
558.3814672
592.515681
592.515681
588.5273875
571.3148699
581.1664846
583.1072881
