100
100
100
103.584
105.4
106.51
105.971
103.452
102.759
101.746
101.35
101.196
100.482
99.996
99.011
98.001
97.01
96.59
93.961
91.145
90.183
88.438
86.401
86.048
86.977
88.451
90.871
93.944
91.502
90.435
89.99
89.799
89.799
89.799
89.799
89.799
89.799
89.799
89.799
88.82
87.768
87.08
85.749
84.385
83.172
82.071
80.264
77.391
76.54
74.549
73.998
75.122
77.753
80.063
79.201
77.883
77.501
75.555
74.179
74.182
74.308
74.604
73.585
73.554
73.359
73.287
73.027
73.253
73.148
73.359
73.509
73.761
73.776
73.512
73.593
73.593
73.44
73.29
73.007
72.758
72.442
72.494
72.567
72.768
73.098
73.098
73.188
73.252
73.078
73.166
73.166
72.495
73.302
72.981
72.995
73.334
73.589
74.081
74.255
74.528
74.738
74.64
74.727
74.817
74.437
73.974
73.875
73.714
73.351
73.019
73.006
72.497
72.558
72.304
72.635
73.077
72.274
72.256
72.402
72.423
72.423
72.423
72.423
72.342
71.537
70.494
70.505
69.603
69.212
69.532
69.61
69.661
69.661
69.661
69.661
69.661
70.914
71.005
71.251
71.24
71.554
71.844
71.41
71.553
71.571
71.733
71.774
71.562
71.687
72.189
72.301
72.212
71.968
71.989
71.991
71.847
72.113
71.853
72.114
72.211
72.442
72.815
72.796
72.933
73.2
73.272
73.785
74.062
74.393
75.259
75.731
75.665
75.47
75.717
76.028
76.256
76.19
76.643
76.77
77.578
77.866
77.989
78.345
78.915
79.327
79.184
79.323
79.331
79.845
80.15
79.976
79.256
79.055
79.103
79.491
78.748
79.003
79.011
78.66
78.769
78.538
78.251
78.051
77.893
77.856
78.002
77.829
77.471
77.133
77.346
77.42
77.779
77.756
77.727
78.072
77.988
78.387
77.942
77.657
78.566
76.953
76.651
76.992
76.872
76.766
76.555
75.202
75.423
73.362
72.707
72.097
71.597
71.109
70.337
70.539
71.187
71.71
72.33
73.365
73.582
73.847
74.246
74.317
74.725
74.642
74.312
74.102
74.263
73.463
75.194
75.194
75.194
75.194
75.194
75.194
75.194
75.194
75.194
75.194
75.194
75.194
75.194
75.194
75.194
75.194
77.918
80.634
80.569
80.348
80.214
80.229
80.168
79.889
78.255
79.161
78.698
78.306
77.603
77.65
78.012
78.068
78.564
78.748
80.004
80.975
81.757
82.246
81.853
82.115
82.607
82.536
82.511
82.521
82.46
82.296
82.6
82.577
83.048
82.545
82.324
82.659
83.212
83.839
84.305
85.073
85.352
85.666
86.713
86.877
87.049
87.126
86.996
87.194
87.143
87.437
87.891
89.157
89.374
89.276
89.743
90.38
90.347
90.453
90.474
90.45
91.023
91.939
92.821
93.894
92.661
92.661
91.885
90.828
91.014
91.56
93.374
94.09
95.098
95.663
95.416
95.589
95.907
96.276
96.135
96.657
97.167
97.837
97.837
98.96
100.388
100.308
101.503
101.503
103.075
102.585
100.887
100.033
100.109
100.032
100.33
100.282
100.393
100.658
100.824
100.603
100.392
100.331
100.269
100.357
100.977
96.261
96.876
98.652
99.199
99.394
99.559
99.24
99.504
100.593
100.533
101.958
101.839
102.255
101.933
101.005
101.191
100.21
99.955
99.012
99.442
99.456
99.614
99.733
100.234
100.234
100.169
99.861
100.054
100.145
99.467
99.35
99.302
98.794
98.81
98.637
98.318
98.182
98.117
98.409
98.749
99.025
99.786
99.716
99.69
100.295
100.753
101.197
101.649
101.702
101.814
101.636
101.524
101.766
101.754
101.843
102.704
101.703
102.368
102.515
102.892
102.967
103.245
103.271
104.426
104.918
105.352
105.564
105.314
105.658
104.928
104.92
104.383
104.148
103.769
103.434
103.754
103.173
103.119
102.455
101.821
100.179
98.748
98.024
98.412
100.534
101.752
101.152
101.035
100.502
100.27
99.901
98.982
98.7
98.139
97.71
96.92
96.474
95.7
95.846
96.472
96.793
96.913
96.435
95.832
93.554
93.554
93.045
90.898
90.748
90.848
91.084
90.696
90.957
90.637
89.952
89.197
87.753
86.223
85.923
87.412
89.604
89.546
90.397
91.632
91.663
92.708
93.166
92.283
92.332
92.64
93.081
93.639
94.011
94.373
93.034
93.735
93.525
93.091
93.277
93.195
93.32
93.749
94.824
96.367
96.496
96.983
96.983
96.983
96.983
96.678
97.163
98.722
98.722
98.722
98.722
99.19
100.409
101.321
101.975
102.301
103.007
102.476
101.985
101.715
102.195
102.431
102.644
102.837
102.849
102.3
102.402
102.739
103.398
103.76
104.362
105.046
105.929
108.081
110.461
112.253
110.841
111.732
112.606
112.43
112.243
112.802
113.668
113.565
115.065
117.66
117.615
117.664
117.087
113.641
112.937
112.452
110.775
108.018
107.553
108.448
108.579
107.554
107.231
106.224
103.647
103.166
102.2
103.453
103.826
103.537
102.361
101.856
103.499
103.896
103.414
103.414
103.623
102.517
101.106
100.619
100.055
99.677
101.729
102.762
102.393
101.789
100.765
102.413
102.093
100.351
99.757
99.025
99.132
99.389
99.488
99.048
98.372
97.964
97.964
97.677
96.615
93.301
92.827
92.827
92.954
94.344
97.284
96.385
95.745
94.679
93.515
90.246
87.278
87.833
89.905
89.014
93.798
94.052
90.284
90.041
90.975
91.456
92.799
92.885
92.778
93.564
94.728
94.786
94.302
94.612
94.516
94.184
94.998
95.053
94.938
92.941
92.314
92.907
92.649
92.399
91.911
93.329
94.252
95.217
97.054
96.299
95.013
95.031
94.739
93.576
93.676
95.39
94.988
95.027
95.1
94.686
95.124
94.826
94.262
94.76
95.828
97.4
97.895
96.996
97.694
98.672
100.338
102.381
104.104
103.088
103.711
105.022
106.128
105.338
103.975
103.784
104.259
104.837
105.096
104.781
106.908
108.514
108.196
108.232
105.446
103.173
104.233
106.536
105.595
105.317
105.319
105.903
105.75
105.803
105.235
105.171
104.85
106.083
104.791
104.8
104.398
103.951
103.892
103.811
104.108
104.693
105.424
104.902
106.14
106.168
106.629
106.466
106.499
108.351
107.787
108.286
110.578
111.475
108.965
108.126
108.089
107.435
108.049
106.088
105.003
104.397
104.397
101.888
99.423
97.349
98.699
101.086
101.532
102.313
102.078
98.125
96.709
94.961
92.999
92.733
93.709
93.756
92.896
93.218
94.902
94.31
92.144
92.516
92.134
91.888
87.575
89.252
90.351
90.266
89.897
90.346
90.928
91.769
91.199
90.332
90.847
91.783
93.305
94.141
93.874
92.539
94.157
94.157
94.157
94.157
94.992
95.356
95.356
95.356
95.356
93.679
93.648
93.512
93.182
91.664
89.985
89.467
89.136
89.668
89.769
90.033
89.824
89.474
88.895
87.9
87.595
87.518
87.359
87.555
87.064
88.632
89.03
87.361
87.769
90.04
92.508
94.049
94.158
91.774
92.046
90.919
90.178
89.646
89.766
90.664
91.054
91.028
91.788
92.749
93.566
95.181
94.402
95.444
94.533
94.703
95.678
95.989
97.195
96.354
95.666
96.902
98.37
99.057
99.861
102.678
102.843
102.118
101.964
101.035
101.679
101.153
100.055
99.59
99.05
98.476
97.028
96.652
96.761
96.753
96.583
96.583
96.192
96.213
96.389
95.654
94.449
94.435
95.295
96.819
98.719
99.226
99.856
101.193
100.29
100.29
99.818
98.531
98.102
96.328
96.328
97.547
96.796
97.337
96.445
95.275
92.744
91.574
92.385
92.891
92.416
93.502
93.1
91.176
91.096
91.035
90.134
89.724
90.185
90.93
90.797
89.382
89.071
89.094
88.76
88.573
86.613
87.21
87.291
87.852
87.266
88.929
92.269
93.811
94.674
94.379
94.717
95.402
95.662
97.897
99.909
99.909
98.268
95.864
94.606
93.037
94.573
97.335
98.757
98.775
99.382
100.027
102.064
100
98.057
97.792
95.734
95.909
96.104
98.072
98.35
95.725
97.179
94.587
93.587
93.539
93.176
89.994
91.858
89.164
90.39
90.496
90.953
92.373
90.694
88.853
87.772
87.97
85.795
80.239
75.13
75.053
73.549
76.607
73.879
74.621
76.09
80.519
78.645
75.963
74.732
76.401
74.708
76.502
72.598
72.905
71.023
72.252
73.401
74.731
72.994
75.478
74.817
72.208
70.675
67.078
65.17
62.825
63.64
63.181
64.528
69.345
68.92
71.383
72.295
74.371
72.601
74.083
73.601
72.769
72.996
74.502
76.316
76.316
76.733
76.871
79.419
79.015
78.459
77.712
76.822
76.848
75.312
76.428
76.513
76.997
78.082
77.712
78.008
79.251
79.886
80.795
79.388
78.667
78.821
78.574
78.662
76.177
75.334
75.432
74.343
74.82
75.231
75.707
77.619
76.933
76.895
76.976
79.986
79.588
79.695
79.52
79.16
80.072
80.072
80.072
80.841
81.728
82.042
82.042
82.042
82.29
82.817
86.101
85.229
86.281
84.997
84.993
80.334
81.224
78.517
79.861
80.292
81.775
81.984
81.095
81.178
80.772
80.629
80.495
80.625
80.255
78.881
78.243
78.877
77.704
76.9
74.91
74.283
74.725
75.404
75.598
75.609
74.64
72.923
73.238
72.594
68.989
68.703
68.768
67.812
66.715
68.328
70.1
70.179
70.91
70.592
71.425
72.491
75.407
75.465
75.258
77.81
78.437
77.509
79.58
79.258
77.23
75.604
77.284
76.574
76.678
78.867
79.696
80.467
81.706
81.706
82.544
82.918
83.947
82.923
80.605
80.626
80.876
80.895
80.446
81.951
81.434
81.781
82.345
82.703
83.16
83.664
83.468
82.839
83.255
84.064
84.842
84.463
85.955
86.009
87.698
94.369
91.05
93.235
93.694
92.15
92.996
98.261
100.5
103.38
107.298
108.214
104.009
99.501
100.918
104.1
104.191
102.141
102.123
100.948
99.463
98.114
98.184
95.64
97.752
99.392
101.744
102.157
101.458
100.51
101.292
100.092
100.084
101.222
100.609
100.405
99.293
100.147
100.339
98.497
98.497
98.497
100.384
100.588
100.676
100.634
97.941
100.058
100.87
100.902
102.389
103.183
103.042
106.621
107.683
106.012
106.255
107.777
106.54
108.356
108.126
110.96
112.253
110.374
110.047
109.664
106.424
107.234
107.471
107.833
106.624
106.912
107.06
107.187
107.182
106.828
106.643
107.619
107.349
107.011
106.592
104.975
104.094
103.54
104.824
106.531
106.085
105.674
104.908
104.641
103.999
104.508
104.754
104.313
104.678
105.567
104.819
104.151
104.087
101.888
103.938
103.273
102.018
102.061
99.72
100.475
101.217
102.915
103.141
104.079
103.327
102.195
100.225
100.534
97.952
97.909
100.134
99.909
99.633
101.314
100.665
101.594
102.228
102.228
102.841
101.023
100.579
101.962
101.885
101.731
101.85
102.075
101.935
102.269
101.665
101.422
101.743
101.248
100.257
99.561
98.988
98.044
96.85
98.315
99.186
98.759
99.579
98.613
98.942
98.218
98.316
98.891
99.075
99.313
100.328
97.634
98.02
97.921
97.232
96.015
94.432
93.184
94.506
97.38
97.38
99.059
100.44
100.118
102.004
102.004
102.004
102.004
100.815
102.64
104.173
106.154
106.008
105.087
105.554
107.97
108.954
108.732
110.805
114.552
116.333
115.546
112.974
114.529
116.677
117.22
117.698
122.156
124.262
125.219
125.522
127.858
130.813
129.68
132.555
136.436
135.151
133.401
134.868
137.794
136.541
134.696
136.262
137.044
138.492
134.422
132.098
134.927
135.593
135.1
143.673
144.293
144.106
141.837
138.993
142.459
141.847
145.332
143.619
144.851
143.987
142.604
142.091
143.414
145.55
150.322
147.603
146.185
142.477
137.49
139.262
136.489
134.936
133.943
138.362
139.198
141.845
138.484
137.225
135.821
132.68
125.491
124.418
123.113
124.089
122.902
122.902
125.732
126.652
125.52
130.159
130.159
134.145
129.905
129.811
129.12
129.12
127.104
123.669
126.287
126.712
126.15
126.938
125.057
126.909
123.573
123.592
124.027
120.392
121.923
122.716
123.616
124.616
124.394
125.068
126.803
125.329
122.999
121.293
121.575
122.085
121.251
117.355
115.016
114.415
115.894
114.866
113.662
110.745
110.746
111.505
113.435
115.068
113.029
111.421
111.06
111.781
109.289
109.289
109.289
107.152
107.903
108.71
111.144
113.188
117.009
120.218
122.03
123.335
122.325
122.042
120.884
120.702
122.591
122.297
123.609
123.282
122.786
118.631
117.855
119.165
118.61
119.964
123.687
123.834
122.821
122.857
121.992
122.104
120.765
120.072
117.921
115.573
114.957
116.572
116.344
115.613
115.264
112.29
115.179
117.83
119.515
117.67
118.089
117.219
115.368
114.663
115.802
115.645
118.282
117.682
116.512
114.855
113.97
111.58
109.724
110.743
108.883
108.86
108.86
107.485
107.523
107.09
106.069
107.151
108.02
107.111
107.183
107.209
108.929
107.015
108.255
109.078
106.552
108.562
109.125
109.881
111.691
109.538
109.309
110.223
109.882
110.226
109.72
108.906
106.872
104.94
105
104.198
103.653
103.319
100.623
103.012
102.352
100.835
100.835
99.761
99.674
99.149
95.533
95.585
98.817
95.648
91.895
87.559
90.84
90.747
95.487
98.995
95.941
98.858
99.082
103.057
102.798
106.259
103.419
105.876
105.858
101.472
99.021
103.003
103.003
103.003
106.268
107.028
107.633
107.633
106.892
104.014
108.91
110.726
110.779
112.645
110.584
108.89
110.655
113.998
112.843
115.001
113.867
116.705
114.596
114.701
115.554
115.688
113.26
113.45
113.084
113.903
113.725
112.078
111.16
111.67
110.77
112.754
111.137
109.719
109.882
106.151
107.646
106.517
107.259
105.276
103.176
103.445
101.192
102.374
102.266
103.431
102.423
103.336
105.154
109.006
107.397
105.656
104.061
101.677
102.75
100.834
102.924
101.536
102.647
102.569
100.969
100.085
100.316
102.368
101.637
102.034
98.304
96.98
96.86
93.934
91.577
95.523
95.256
96.135
96.122
97.915
97.863
100.357
100.357
98.998
100.702
101.372
100.748
98.845
97.836
96.937
96.848
97.091
95.693
95.693
96.195
94.793
93.811
95.45
95.45
96.124
98.282
98.662
97.733
97.328
96.454
97.488
97.15
98.187
100.431
100.658
101.52
101.751
102.658
102.152
101.81
103.06
102.29
102.5
101.435
100.209
99.604
101.25
103.764
102.38
102.58
101.401
101.554
100.634
102.222
99.942
100.467
101.118
100.138
97.809
97.719
94.649
98.259
97.681
95.916
96.559
96.559
96.559
94.803
94.462
92.705
92.729
91.602
84.716
85.532
88.611
89.994
88.213
91.12
90.411
88.801
89.445
89.167
89.609
88.718
86.621
86.765
85.773
85.235
84.386
82.44
83.935
84.094
86.567
88.319
87.203
84.989
84.674
84.577
85.089
85.076
84.223
86
87.145
86.602
85.641
84.984
84.221
83.174
80.656
81.456
81.703
81.41
80.232
78.229
75.692
77.144
73.645
72.764
72.962
75.984
75.009
74.232
74.75
76.156
77.512
75.915
75.915
76.302
78.037
76.495
78.263
78.333
79.201
79.332
81.064
83.703
82.452
81.565
81.804
83.729
83.983
84.83
85.229
85.519
86.489
86.823
89.093
89.177
88.08
89.032
90.114
91.16
91.192
91.613
92.193
93.47
92.667
91.424
94.094
96.097
95.294
95.818
97.578
96.381
95.606
97.174
97.426
97.295
94.741
93.825
93.697
93.225
94.228
96.238
96.26
95.99
94.72
93.791
93.66
94.092
93.523
92.884
91.078
91.412
95.46
95.71
95.911
95.911
95.911
95.911
96.712
97.504
97.504
97.504
95.545
97.93
97.678
99.165
98.151
99.24
100.079
101.242
99.787
98.592
98.33
99.266
98.912
99.278
102.361
101.919
103.331
103.225
103.479
103.008
101.985
104.702
103.738
102.813
102.216
100.889
98.482
98.845
98.806
99.498
99.239
98.808
95.866
96.265
97.599
100.83
98.095
97.385
99.379
100.04
101.267
100.956
102.356
103.632
103.751
104.069
106.968
108.067
107.687
106.545
107.836
107.721
106.896
106.79
103.876
103.458
102.579
106.188
105.499
104.451
104.8
106.349
105.964
105.964
104.516
105.244
105.616
107.065
108.57
111.456
111.444
109.349
109.442
111.128
111.543
112.037
110.006
109.342
109.121
110.089
110.15
111.503
113.657
112.032
111.482
111.482
114.066
115.193
115.691
116.722
116.722
119.653
121.351
120.477
118.453
117.417
118.749
119.443
117.167
115.606
115.504
117.114
116.322
118.178
117.26
117.132
114.119
111.81
116.741
114.937
115.022
113.558
112.836
113.749
115.513
115.031
115.839
111.407
113.943
113.183
110.817
109.165
108.732
105.36
104.042
100.248
102.556
99.637
98.407
93.398
95.657
98.034
98.034
102.099
105.763
105.304
101.607
102.885
100.924
100.781
104.408
104.944
102.732
100.665
102.402
98.076
101.645
102.191
103.872
106.188
110.992
111.539
111.091
107.675
107.901
109.562
110.822
110.973
112.38
112.38
112.384
110.18
111.653
114.541
112.238
112.238
113.213
113.421
113.937
114.559
111.294
110.947
110.72
108.224
105.941
107.396
107.512
110.319
109.723
111.041
112.177
109.803
108.932
110.52
110.863
109.815
110.676
111.31
110.3
109.178
111.921
113.317
112.825
110.912
110.739
110.708
107.28
106.33
104.465
103.208
101.986
103.106
104.753
103.999
107.085
106.52
107.275
106.447
107.802
108.408
108.127
108.106
106.102
106.102
107.243
106.716
109.462
110.378
109.958
109.723
110.012
111.778
112.293
112.181
112.66
112.945
115.483
116.44
116.696
115.201
116.616
119.074
120.095
119.992
118.451
122.085
121.511
121.481
121.693
117.528
114.597
117.08
114.513
117.299
119.093
119.449
119.035
117.991
116.839
112.72
110.963
112.602
112.564
112.872
112.872
112.872
112.872
113.608
116.177
116.177
116.177
117.747
118.715
119.224
119.285
117.143
117.445
117.845
119.693
121.468
123.335
124.072
121.739
121.398
120.336
118.814
117.542
117.63
117.213
117.48
116.136
117.215
116.685
119.488
118.418
119.327
117.449
118.678
119.4
120.523
119.945
120.829
120.442
121.063
121.206
121.441
122.21
122.678
121.802
120.955
121.587
120.413
119.448
118.629
117.305
117.02
116.738
117.016
116.9
115.823
117.16
119.293
120.703
119.965
119.125
118.524
119.649
121.747
121.067
121.371
122.168
122.174
122.476
123.109
124.536
124.403
120.892
122.722
124.52
124.551
124.514
124.108
123.9
123.78
123.932
122.924
123.919
124.21
124.21
124.386
127.578
126.884
126.184
127.272
126.649
126.26
126.26
128.644
130.764
133.2
131.889
131.889
131.091
131.733
131.985
132.276
132.872
132.299
133.177
132.751
133.333
133.848
134.04
134.645
134.126
134.289
135.639
135.487
136.982
137.823
137.418
137.583
140.958
138.96
136.891
135.82
136.533
136.57
131.495
130.575
125.086
127.341
128.425
129.516
127.863
124.474
126.101
126.389
126.675
127.199
127.851
127.291
127.933
129.684
129.773
128.627
128.996
130.303
132.45
131.893
132.829
131.699
131.661
132.989
132.779
130.451
129.672
128.625
130.207
131.514
134.022
136.219
138.012
136.915
135.634
134.585
133.157
134.544
134.229
134.913
137.419
136.123
136.393
136.418
138.27
138.597
143.914
147.61
147.229
145.361
148.753
149.74
150.283
151.652
155.554
157.753
157.018
156.179
156.065
152.143
151.259
153.331
151.425
152.499
155.863
157.611
154.636
153.764
146.747
149.837
150.183
147.244
145.722
145.5
142.378
147.106
149.807
149.095
145.744
148.357
145.488
146.467
148.556
150.638
150.423
152.059
153.148
154.945
154.248
154.759
148.875
147.694
149.094
145.826
145.826
144.811
146.729
148.732
151.36
149.974
149.712
150.167
150.013
150.382
145.992
145.913
146.419
147.841
147.841
145.751
144.5
141.781
142.822
143.295
143.796
144.144
143.243
141.936
143.707
139.343
141.024
140.094
140.696
140.782
143.086
142.209
142.543
145.026
146.118
145.473
144.241
147.64
148.241
149.691
150.18
150.18
150.18
150.18
151.825
152.907
152.907
152.907
152.907
153.724
156.035
156.471
154.209
153.223
153.035
155.442
156.285
156.151
157.218
158.478
158.086
156.954
158.055
158.279
157.258
156.756
157.193
158.341
158.556
160.081
161.427
163.419
164.452
165.923
167.55
169.139
171.934
176.354
173.119
172.342
171.51
172.571
172.716
172.627
172.72
171.745
175.366
176.004
180.004
182.28
180.699
180.341
183.137
185.58
191.012
190.25
187.095
183.527
184.014
183.035
182.398
184.415
186.564
187.869
185.739
186.368
186.03
188.01
187.52
187.648
191.114
191.104
191.527
193.548
196.031
195.126
197.451
198.619
197.851
197.851
199.533
194.594
194.681
192.763
193.919
197.105
196.468
192.609
192.926
192.166
194.729
196.725
193.893
187.722
187.858
181.328
179.753
179.826
175.722
168.18
175.053
174.257
170.051
170.728
168.601
170.297
173.063
173.08
172.795
172.627
171.828
174.059
175.931
177.166
177.541
177.031
178.744
179.455
179.331
181.171
179.95
177.878
177.203
177.236
176.998
177.449
176.536
180.677
181.151
179.299
179.16
182.025
181.448
181.156
178.071
179.631
178.423
179.94
178.225
178.225
178.225
175.479
174.162
172.36
173.548
175.904
175.489
172.739
173.937
174.794
174.313
172.712
171.321
173.763
174.357
174.81
173.792
177.331
176.435
175.41
176.265
176.714
178.596
176.903
176.264
178.206
176.605
175.986
177.02
178.086
178.223
177.976
178.139
177.743
179.059
180.237
179.544
179.892
180.429
181.02
183.673
184.852
184.542
185.276
188.847
188.208
189.799
190.23
190.604
192.738
193.758
196.119
195.405
194.975
191.791
192.197
192.975
190.072
190.477
190.095
190.095
197.619
197.303
196.456
193.835
196.111
196.936
200.497
199.412
204.931
204.612
204.694
202.503
201.338
198.553
204.256
205.489
206.315
204.068
205.023
204.055
199.047
199.047
204.112
205.75
208.969
208.633
208.071
210.604
208.81
211.023
213.234
214.653
214.103
214.573
214.693
214.693
222.875
223.731
223.658
224.792
228.008
230.358
232.759
231.238
228.169
230.148
233.208
234.115
231.851
232.421
228.879
220.149
223.578
223.807
229.361
230.437
230.327
228.931
227.528
224.855
226.611
227.8
227.8
229.058
231.083
234.331
234.829
234.829
239.467
246.132
246.596
243.121
246.192
247.17
247.901
245.845
242.767
245.542
247.755
246.976
244.939
242.769
243.114
245.002
253.913
254.431
253.2
255.524
253.811
255.788
253.321
254.417
254.078
255.32
256.565
257.356
257.481
262.955
264.14
264.857
266.256
264.375
266.827
271.518
276.43
275.476
273.409
275.833
278.574
279.661
278.712
275.416
279.338
286.77
285.577
287.787
291.389
289.303
279.43
277.721
259.636
256.626
258.814
253.479
262.916
262.21
269.263
270.541
270.541
266.436
259.304
269.331
269.407
267.589
272.196
273.56
274.454
275.195
274.375
276.976
279.432
278.801
277.25
271.176
272.848
269.914
269.726
271.546
271.255
271.429
264.649
260.562
264.52
267.334
264.355
258.909
261.679
263.158
264.984
262.646
260.716
257.478
253.057
249.168
249.766
260.77
266.144
266.737
267.351
266.902
263.697
265.595
266.513
265.978
269.92
271.108
273.022
273.477
273.241
276.115
276.565
278.734
278.95
283.167
281.049
282.65
290.803
290.375
292.212
287.508
289.278
286.544
285.2
284.126
284.947
285.074
286.325
286.746
288.458
288.458
288.458
288.95
290.773
292.376
298.435
298.091
296.478
295.319
293.759
296.237
296.38
295.203
298.846
300.046
300.479
303.736
301.671
302.977
303.235
303.995
301.99
302.873
302.522
304.44
306.174
307.672
309.028
308.857
310.058
311.86
311.325
311.18
310.824
313.689
314.935
316.537
319.156
319.633
318.193
323.802
332.305
339.676
344.04
339.572
335.373
331.791
336.396
340.268
339.931
341.57
343.585
351.832
360.352
362.493
362.403
363.771
367.068
359.901
365.535
372.779
372.779
370.728
372.59
376.709
379.29
377.106
357.159
354.448
364.351
365.348
361.051
344.767
332.494
341.04
339.873
323.813
324.789
325.717
332.791
340.203
338.576
340.421
340.421
347.597
351.451
351.503
356.808
357.737
365.087
360.15
358.224
355.98
350.433
344.84
339.122
345.487
345.487
349.74
351.625
346.224
351.314
350.223
352.662
353.885
352.649
352.022
351.652
355.309
358.02
356.697
361.667
361.486
359.806
361.855
365.827
366.756
366.713
365.801
366.312
368.862
370.091
367.939
367.953
367.953
370.939
368.289
371.396
371.493
373.91
377.204
378.308
379.911
382.812
388.638
386.171
388.052
386.245
385.052
390.734
390.232
385.078
389.49
392.508
389.263
391.212
393.059
389.843
391.878
393.034
394.845
393.98
396.14
394.063
396.852
396.816
393.619
390.454
386.423
389.939
386.84
387.871
390.28
394.743
399.805
401.546
397.016
399.437
403.017
407.755
395.766
400.414
398.109
400.991
401.888
394.922
388.714
391.516
390.172
396.653
390.068
394.989
398.622
399.027
404.862
402.841
402.473
404.675
404.108
404.53
400.115
394.679
396.215
394.459
399.219
399.29
400
402.067
402.01
399.106
392.142
391.984
389.324
390.756
390.756
389.661
393.446
397.772
397.931
395.781
396.56
395.872
384.659
379.47
379.47
371.732
371.648
379.853
385.758
385.758
389.557
390.209
391.765
384.137
373.514
378.47
375.161
369.261
365.508
344.094
350.811
334.716
344
355.234
349.649
342.12
336.119
342.621
346.179
342.914
337.666
327.504
311.295
308.161
298.271
288.411
294.587
321.107
324.947
332.464
334.46
333.646
330.078
326.003
333.861
340.53
338.33
346.689
357.695
354.276
351.083
351.083
351.083
349.895
348.567
349.502
354.474
346.097
337.648
342.449
346.724
346.612
355.433
351.487
360.182
364.12
368.027
372.573
373.027
374.048
372.329
374.361
370.895
373.142
371.933
370.572
372.048
363.691
365.305
368.467
366.305
369.954
369.569
371.024
370.547
371.474
370.463
372.214
370.946
366.569
367.412
370.109
374.372
375.368
378.166
380.76
378.284
377.318
382.053
380.231
376.477
379.508
382.921
382.327
377.854
373.396
372.74
369.193
359.336
356.404
363.667
370.112
370.112
369.754
369.31
372.237
373.857
371.897
367.532
370.098
374.272
374.559
375.398
381.113
381.73
379.559
385.863
385.324
388.046
390.229
391.536
399.646
402.049
398.323
392.464
395.933
401.992
396.286
397.921
402.132
403.407
403.11
403.609
396.983
397.155
396.943
397.446
403.878
403.878
399.151
403.166
405.866
402.541
401.059
402.637
397.462
405.731
405.98
408.579
408.889
414.424
412.276
416.385
417.711
422.093
420.52
418.493
421.254
421.922
422.515
406.531
403.425
406.541
402.292
402.292
402.292
400.578
404.666
408.271
408.271
416.868
412.301
410.517
405.427
404.353
400.462
393.537
403.819
403.789
408.453
411.347
405.959
411.529
409.635
413.296
411.583
419.988
423.496
422.309
421.278
421.082
420.284
426.298
426.265
428.842
435.128
434.419
427.692
426.884
424.22
428.552
432.404
427.739
428.21
427.502
420.593
416.82
421.902
429.198
428.346
410.395
406.866
393.499
401.884
397.063
406.948
407.811
417.086
417.815
413.442
412.676
405.638
409.631
414.396
416.914
422.568
426.417
426.296
431.053
431.617
428.469
425.58
432.129
436.609
434.774
439.635
445.464
444
446.944
446.944
451.609
454.723
450.052
455.901
461.82
459.672
456.942
452.557
461.913
463.608
465.12
470.429
467.451
462.492
464.648
464.648
471.501
472.536
478.178
480.127
480.127
479.866
480.615
479.095
476.153
470.396
471.334
471.095
477.148
477.016
476.921
480.238
475.208
473.286
476.855
476.552
474.159
477.337
481.993
480.209
479.133
475.909
477.426
471.7
476.197
478.113
479.439
478.85
475.2
476.893
475.078
479.213
477.496
481.583
479.782
487.159
485.641
488.309
490.152
489.99
500.694
503.078
503.078
503.078
505.169
497.235
493.414
502.136
496.205
491.057
490.883
496.723
500.409
495.566
500.514
491.76
495.124
487.987
477.368
475.327
476.41
464.47
467.861
471.635
468.438
472.66
483.561
473.988
468.143
479.285
475.546
467.74
439.769
452.619
454.978
458.727
469.878
472.803
475.533
479.21
475.089
471.685
478.837
480.835
484
483.221
482.561
477.971
477.093
476.592
478.541
475.093
479.301
478.953
476.987
477.744
480.451
482.248
484.085
487.926
493.196
503.61
499.056
499.056
506.185
507.896
503.839
509.17
513.365
521.14
516.827
515.371
522.918
523.582
527.759
523.721
523.814
522.228
518.648
511.759
517.516
522.521
529.014
540.099
552.307
545.848
541.252
549.174
550.163
548.665
552.069
543.017
542.674
535.044
528.367
519.634
528.138
526.363
523.386
521.754
522.511
515.857
522.916
531.781
531.854
523.607
519.902
518.92
518.723
518.181
522.293
529.467
541.871
548.008
552.04
548.855
550.303
541.91
541.564
535.227
542.144
534.268
540.713
524.33
524.33
524.33
524.33
542.754
539.513
539.513
539.513
540.749
544.356
537.307
529.01
532.235
519.643
502.562
502.981
495.325
491.104
476.278
475.83
477.781
455.421
445.488
421.817
463.395
472.607
462.085
465.354
473.705
465.785
477.275
487.867
483.687
479.075
469.847
472.255
470.813
479.616
491.315
492.819
483.249
490.478
489.779
486.723
485.563
476.792
486.81
487.559
481.974
484.143
484.446
473.585
460.75
464.916
460.944
449.409
451.831
469.028
471.957
464.389
467.37
459.375
470.572
476.618
467.746
474.624
474.624
471.649
467.625
470.781
472.773
470.153
476.705
471.56
473.841
473.172
476.593
476.375
474.376
467.315
467.67
463.245
463.409
460.814
461.08
469.99
472.745
469.312
472.135
475.371
475.042
477.497
475.262
474.479
474.479
484.688
486.072
486.593
493.989
493.989
488.715
487.62
486.929
491.819
501.719
512.565
516.741
514.527
508.183
511.398
509.778
507.314
500.463
502.974
508.207
511.82
510.598
505.937
502.888
506.508
504.63
502.44
496.311
497.276
497.434
496.009
495.386
502.567
505.805
512.981
497.768
500.245
487.62
489.781
482.885
485.676
491.79
491.021
496.626
489.028
476.394
485.399
484.487
490.354
487.457
488.765
487.927
483.543
476.266
481.776
474.313
476.861
478.787
479.195
465.269
464.56
470.348
467.68
475.914
480.09
472.345
472.319
465.12
466.653
463.124
463.622
462.494
460.426
469.677
470.717
471.484
468.724
465.165
470.759
470.693
471.205
472.079
467.604
467.736
470.566
479.977
474.336
471.187
468.269
464.037
443.223
452.957
440.087
417.37
419.194
420.409
407.468
389.293
400.924
391.594
423.796
425.088
415.358
419.195
424.905
423.972
408.029
413.663
428.815
424.548
405.92
359.956
363.123
353.436
359.349
308.376
339.207
368.294
338.247
320.669
299.707
307.61
316.593
302.475
303.384
264.767
245.4
245.4
284.083
307.394
317.887
324.26
341.559
325.667
309.869
321.011
327.81
314.767
302.671
287.845
303.775
303.775
284.512
283.98
268.481
268.421
286.389
293.819
293.588
302.455
311.889
301.975
298.759
298.431
305.558
300.245
313.915
309.664
317.442
309.175
301.321
311.51
315.305
317.282
317.974
310.072
305.606
313.778
313.778
313.778
313.778
319.879
314.82
314.82
314.82
320.994
327.062
336.088
326.618
323.409
329.427
328.703
323.14
315.554
312.132
313.947
313.08
309.83
302.709
296.21
289.09
294.827
293.501
298.193
295.777
292.187
285.808
280.421
277.473
270.078
270.779
282.689
276.831
277.277
273.247
273.075
265.98
253.144
248.274
261.373
257.811
258.537
257.749
256.524
255.072
253.729
252.354
247.42
252.739
248.244
251.888
251.403
260.769
266.22
263.609
271.149
270.659
269.244
273.741
281.611
282.282
289.831
293.721
299.386
299.483
292.718
281.29
284.155
284.366
299.953
305.379
305.487
294.076
303.435
312.689
309.592
309.592
308.353
310.548
317.699
318.972
312.88
307.358
307.237
307.335
312.416
309.795
307.655
320.778
328.45
328.45
334.822
333.445
335.766
345.801
345.801
334.495
341.563
328.923
326.743
331.283
332.646
337.241
348.877
343.006
341.574
340.698
340.398
339.739
337.304
323.42
337.695
340.194
337.806
339.033
344.358
337.942
345.211
347.626
347.403
345.885
342.911
343.971
340.701
337.642
342.417
334.23
326.414
333.589
327.295
329.177
325.039
322.59
323.999
322.135
317.882
317.882
320.741
328.078
332.629
332.832
337.266
343.642
349.066
343.385
341.931
348.704
349.766
345.325
346.091
350.067
353.641
356.651
360.244
364.606
374.907
381.48
384.235
387.997
386.987
386.369
389.357
385.736
385.648
390.036
392.915
383.601
385.292
382.243
381.108
380.481
386.204
384.24
379.217
378.621
377.476
374.04
376.153
369.539
369.94
373.096
368.754
369.286
366.35
364.119
363.616
360.99
359.365
362.889
363.254
363.607
356.254
360.782
362.392
363.484
360.969
360.969
359.252
362.514
368.913
360.485
361.72
363.453
356.928
357.953
359.751
371.932
364.851
366.928
359.458
358.393
354.005
363.166
363.27
357.004
366.876
365.549
364.934
364.934
362.359
360.361
357.111
351.462
355.281
364.607
358.956
362.654
361.326
360.83
363.282
357.103
358.051
358.051
359.552
360.401
361.371
364.041
357.871
355.168
350.523
353.053
357.525
355.785
353.024
355.928
364.958
360.962
352.528
352.708
349.948
352.575
352.291
351.461
356.988
359.02
358.988
360.197
359.171
358.028
358.028
358.028
360.875
361.165
358.701
358.701
358.701
365.415
369.591
368.52
367.787
369.644
374.731
372.394
374.588
374.138
369.137
378.22
379.887
382.711
379.973
373.181
375.04
370.302
371.582
375.32
374.183
377.502
372.905
371.744
365.256
349.247
352.645
355.69
362.768
359.262
354.114
358.854
361.116
362.775
358.658
361.785
361.645
360.242
357.318
354.883
361.261
364.119
362.691
362.935
363.059
363.961
365.257
366.054
368.027
369.797
370.789
368.614
374.906
377.845
375.495
371.147
369.298
366.832
365.244
369.201
371.383
368.341
370.464
365.266
371.511
372.05
372.05
373.181
376.471
369.912
373.12
375.852
376.969
378.852
381.577
381.454
378.1
375.234
376.237
375.431
378.105
382.896
380.754
375.69
375.482
375.456
376.457
371.611
358.795
355.473
352.407
368.58
364.227
365.996
361.642
355.761
357.815
360.502
355.761
350.679
347.521
351.216
337.193
344.588
345.063
353.06
356.472
351.496
355.852
363.068
356.985
349.583
349.278
347.194
352.855
354.295
355.605
356.662
356.816
358.113
362.071
365.881
363.05
350.364
346.989
345.017
346.03
341.544
339.934
338.897
345.831
345.831
345.831
347.537
348.31
350.253
350.842
352.851
354.058
353.811
348.175
349.105
347.988
351.285
353.327
350.719
351.001
352.261
349.042
350.988
350.795
354.522
355.585
361.087
359.595
361.85
362.033
360.574
355.384
353.974
356.498
359.108
360.213
356.448
356.151
352.153
353.56
344.598
343.362
344.563
344.753
346.094
342.153
344.754
351.743
349.35
346.484
342.485
338.961
339.562
338.738
341.55
342.302
342.461
343.496
339.589
342.506
341.271
338.625
338.75
339.381
337.152
337.152
333.453
336.423
337.244
336.475
338.342
339.335
338.525
335.013
336.899
334.632
333.678
328.859
328.253
324.379
327.449
324.951
327.868
324.747
331.811
330.46
333.179
333.179
332.117
332.081
333.235
334.876
335.275
331.283
332.031
336.626
333.172
329.934
330.396
327.902
326.787
326.787
324.266
324.165
322.227
321.649
322.12
325.726
324.449
323.878
320.227
329.06
332.998
333.685
334.718
332.946
329.933
325.833
330.052
333.003
330.152
331.302
333.195
333.738
335.022
337.736
339.192
337.359
337.359
335.873
334.744
339.448
337.538
337.538
342.339
346.134
345.911
349.671
349.676
343.318
346.875
351.48
352.788
352.941
356.736
362.771
361.986
355.651
363.128
359.943
353.679
353.554
353.831
345.522
348.018
350.859
346.915
344.233
349.638
348.335
345.002
345.874
343.273
343.812
347.189
344.865
343.531
339.649
341.353
344.719
342.278
344.202
343.934
346.447
342.713
341.836
340.963
345.006
344.558
342.979
342.205
344.197
342.021
344.388
341.895
345.89
344.063
344.106
347.137
350.824
350.073
351.307
354.853
357.699
362.238
365.064
364.823
363.303
360.887
365.191
364.844
366.291
363.838
363.669
362.987
356.765
361.597
357.016
358.241
354.857
358.446
362.733
369.185
367.339
367.339
369.377
373.797
378.685
375.944
379.022
375.225
377.952
373.544
375.768
375.571
377.118
377.825
377.423
378.264
377.196
373.586
373.293
374.166
374.633
371.479
371.126
367.082
367.519
367.984
368.688
370.898
371.477
371.701
362.875
360.354
360.048
358.296
354.561
359.047
363.732
361.559
362.781
360.379
360.289
361.287
366.416
362.712
357.994
357.819
351.131
351.091
356.857
357.303
358.784
354.946
354.946
354.946
359.258
357.096
355.395
352.395
355.662
354.809
352.241
349.088
349.466
350.496
357.637
355.726
357.949
351.712
348.296
348.425
350.375
350.001
347.966
345.242
344.249
337.967
316.455
311.359
303.332
302.625
302.581
306.196
306.482
310.752
312.453
308.967
314.455
313.031
317.974
318.836
316.707
320.204
321.075
327.137
323.836
321.276
305.748
305.903
310.679
316.595
310.765
303.147
303.588
307.118
311.497
301.354
286.982
287.399
296.694
290.974
282.717
291.544
295.606
295.606
301.093
300.783
299.304
293.935
292.224
299.639
300.451
303.91
300.896
311.585
315.932
311.996
305.646
309.218
307.907
306.014
311.602
313.81
315.843
318.675
319.492
319.492
310.702
301.49
305.259
313.775
310.031
304.927
303.495
303.707
305.565
309.014
306.333
304.416
304.247
304.247
300.149
297.686
296.701
295.614
297.991
293.31
295.272
288.572
301.689
301.059
305.929
310.025
305.345
298.906
300.568
302.802
299.453
301.141
300.553
300.951
298.666
301.42
309.178
308.422
308.701
307.774
307.774
311.843
311.578
314.806
314.539
316.785
320.628
321.43
313.684
307.901
312.393
316.566
310.824
312.217
304.184
306.241
303.164
307.108
308.665
314.437
313.283
312.115
310.813
317.031
317.098
312.021
322.081
324.406
324.896
327.382
329.646
325.934
329.956
328.495
323.108
329.225
328.805
329.28
324.886
333.733
333.822
334.66
336.94
329.524
331.873
333.613
326.714
330.281
331.454
330.549
328.448
331.322
330.282
329.709
330.253
328.906
330.903
333.243
328.351
327.104
329.983
328.728
328.753
328.949
329.022
328.465
328.755
328.121
327.201
326.563
327.111
324.9
321.084
318.192
316.089
316.089
318.23
318.385
319.438
315.875
310.767
311.981
311.717
310.799
312.985
307.482
310.932
310.919
310.533
310.256
310.939
310.939
307.694
303.153
299.887
298.464
298.464
292.672
297.472
298.461
296.278
294.437
293.469
293.604
294.401
298.14
298.597
296.603
296.991
296.265
291.899
295.459
299.163
297.324
296.679
297.103
300.081
304.891
308.008
305.339
302.711
299.527
300.874
301.532
301.293
303.697
308.37
305.308
306.159
305.537
302.702
306.213
306.469
297.931
298.031
299.926
297.357
299.848
299.848
299.848
302.159
302.775
304.013
302.159
305.92
304.352
306.102
304.532
304.704
299.217
295.685
298.007
298.61
300.546
299.786
302.494
297.777
300.135
301.572
305.773
307.224
309.057
308.996
311.109
314.6
311.599
316.365
318.594
317.926
318.39
317.968
321.262
323.963
324.179
324.088
325.424
321.141
321.471
322.095
328.951
327.726
324.594
321.687
322.805
322.655
317.151
315.934
317.497
316.738
316.319
314.7
313.572
313.907
313.042
315.566
315.485
317.257
311.73
316.043
316.043
320.317
318.45
318.004
317.349
322.755
323.434
323.295
322.894
322.294
321.718
321.088
324.114
321.246
318.409
320.389
320.809
316.647
318.139
318.223
313.054
311.47
311.691
311.705
313.553
313.263
315.78
315.366
310.628
307.59
306.188
304.268
299.687
300.887
299.064
299.754
296.842
295.612
290.07
286.917
293.023
295.173
296.978
291.534
290.756
287.865
287.103
289.269
288.544
286.601
282.553
280.42
283.834
285.958
285.496
285.943
285.473
290.207
292.156
291.957
295.711
295.711
295.711
295.711
292.929
295.33
295.33
295.33
299.487
297.807
297.546
290.657
292.289
294.991
290.071
289.347
286.418
286.409
287.133
288.901
289.474
286.857
287.246
286.104
279.868
278.978
273.997
277.115
276.304
276.063
275.703
275.088
276.26
279.256
276.263
279.392
282.351
280.577
280.811
278.734
278.984
279.814
278.142
277.223
275.345
276.88
279.677
275.278
273.902
275.072
275.4
274.184
276.59
281.509
283.75
285.209
284.065
280.673
278.571
277.755
267.919
267.077
263.168
263.243
264.428
263.911
262.521
260.88
261.868
267.265
267.265
267.265
271.982
267.207
261.081
258.879
256.153
257.791
260.333
260.726
263.712
257.869
253.709
252.4
248.43
252.302
253.861
252.663
255.08
253.348
250.908
254.961
257.023
257.023
258.157
259.895
259.849
259.774
259.774
257.474
253.761
256.097
258.797
259.018
259.676
258.467
258.139
259.464
258.061
256.363
256.865
259.174
258.94
260.255
257.211
254.361
254.845
257.963
258.215
258.869
258.802
255.215
253.5
250.155
247.158
244.171
241.485
242.302
242.445
236.664
228.317
228.082
225.849
224.651
229.835
234.78
234.081
238.216
233.109
234.267
234.267
229.887
226.025
227.476
230.143
232.743
229.679
227.783
226.033
225.641
225.697
223.404
229.876
231.181
232.257
233.186
232.912
236.46
235.995
240.418
242.235
239.339
239.969
240.715
244.452
242.201
241.877
242.602
245.398
241.881
240.716
241.844
239.933
240.009
240.001
242.518
242.987
242.977
241.634
240.472
241.484
238.539
237.313
236.263
240.836
243.036
242.489
251.133
256.488
260.839
258.912
259.944
261.195
260.195
256.206
249.688
251.676
252.856
252.987
252.956
253.956
253.002
256.093
258.833
255.412
254.392
256.049
255.714
256.175
254.782
252.962
253.646
257.113
258.132
258.358
262.522
264.455
266.276
263.915
263.789
263.785
263.785
276.328
277.929
277.891
277.472
280.233
276.876
282.556
283.131
277.507
274.818
274.778
272.675
271.563
273.915
277.203
276.051
276.147
272.644
274.407
272.188
268.488
274.192
274.621
276.575
273.856
271.228
269.33
266.282
262.263
260.954
261.613
264.587
260.72
256.302
257.638
257.234
259.401
259.978
258.754
259.911
259.911
259.911
259.911
260.671
262.143
262.143
262.143
264.395
263.266
261.02
255.318
252.827
253.031
256.014
263.348
263.582
263.451
261.5
261.17
261.834
262.571
263.277
262.69
261.946
258.785
256.565
254.709
258.33
261.849
260.206
256.676
256.573
262.181
260.38
261.303
260.724
266.159
267.51
273.921
275.683
275.602
278.184
279.326
280.909
