100
101.3864422
102.4532556
102.0884843
101.2671003
101.411997
101.0419072
100.7163112
100.2237662
99.71474677
99.65351916
99.62238648
98.98001541
98.78699276
98.31753782
96.39794836
96.06002901
97.45256806
97.6462393
98.85211196
99.06186843
100.4044655
100.8465496
101.0941842
100.7038581
100.8291672
100.7272076
100.6431494
100.97588
101.6722143
101.4340493
101.3795671
100.7121602
100.5928182
100.0787397
99.2869318
99.55428373
98.3273965
99.33907904
99.56582877
98.91839864
100.4446785
100.144767
100.1148018
99.25411276
97.30313117
97.03785475
95.28417655
94.54036482
95.33359969
95.00060968
95.61638825
96.68527709
96.40209938
96.83406538
96.54660693
96.61367192
96.59953249
95.54971241
95.28521431
94.81212722
93.66008816
91.56265323
92.41050002
92.99748085
93.6497106
94.62831466
94.75401287
94.18545222
93.39182819
93.14380447
94.40325129
94.62688774
94.62688774
94.62688774
94.62688774
95.41662018
95.51832029
94.91486508
95.81939929
95.51105599
96.53999123
97.11464871
97.72718428
97.41767351
97.80553487
97.86689221
97.73431886
98.98429615
99.17122198
99.06614917
100.2894043
101.0411289
101.46609
101.46609
102.7630258
103.5382296
103.261019
102.8668014
102.6419975
103.045036
103.259203
103.5488666
103.5488666
103.203683
102.5902394
102.6840266
103.1639888
103.0897893
103.0139033
103.0139033
103.3157607
102.8687472
102.5334222
101.6685822
101.245956
101.6978988
101.2634681
100.6360148
99.95926807
100.0784803
100.2730596
99.458421
99.68335465
99.64936814
100.1679868
100.2897934
99.52392936
99.70177482
99.25800434
99.95369013
99.81047978
99.69256474
99.34128428
100.3368816
100.8265728
100.7535407
101.2141747
101.6282394
101.2948603
101.4238015
100.9422826
100.4817783
100.6125356
101.3891663
101.9708287
103.175923
104.8923717
104.9511347
104.9211694
105.4787039
105.0576344
105.699746
105.4413447
105.4357668
105.0169025
105.2972263
105.9373922
106.017948
105.3711665
105.4381017
106.0898126
106.8488015
106.5610836
106.4103495
106.6134903
107.4294261
107.4859838
107.7871925
107.890579
106.9333786
107.3401791
106.6018156
106.0460971
105.8720135
105.6180227
106.1116055
107.6134981
107.4945453
107.7136416
107.5944293
107.4469382
108.1880259
108.2637821
108.6451574
108.2962119
107.9267707
106.7900386
105.7258196
104.5741697
104.5138502
105.1459734
104.2005775
103.1984942
104.2789281
104.1099036
103.9692876
104.2169222
104.0056091
103.5100805
103.677289
102.5789538
103.3397588
104.9166293
105.0482946
104.5654785
103.9961395
104.1196325
104.0493246
103.4782992
101.9368422
101.9347666
103.1633402
103.041793
101.7576995
102.6591204
103.3614219
102.9408712
103.18656
103.2907248
102.8902806
102.8341121
102.463244
103.3047345
102.5749325
102.5194125
102.4707677
101.4647928
102.1456906
102.3784074
103.2311835
102.5129266
102.9875703
103.261019
103.0022286
103.023762
104.3365236
104.6775562
106.2122678
106.9150882
106.7494364
106.8634598
107.2090326
107.7617675
106.8975761
106.3095575
106.4416119
107.2297878
108.0398862
107.0326141
106.2627287
104.272961
105.2449494
105.2628507
105.9167668
105.9167668
105.9167668
106.4107387
106.7016996
107.6950917
107.6950917
108.7462089
110.9834815
110.7750222
109.3636739
109.6629368
110.0773907
109.8389662
110.595231
111.4432075
111.770879
113.6289814
113.5966813
113.4046964
113.8684437
113.8696111
113.2116737
114.4834439
115.375525
114.6321025
114.1867754
114.6127743
115.4751496
115.3512675
114.9883123
114.0422678
114.16148
115.1957338
116.2603419
115.6269215
115.8409587
116.3912289
116.0293114
115.3249344
114.6461122
113.0270828
111.4844583
112.7764647
113.7266602
114.542596
114.7485906
114.8998436
115.1827618
115.3301232
116.1349031
116.0716
115.9666569
114.3814844
114.6238004
113.4746152
111.8926856
112.7823021
112.477591
112.3876953
112.6643871
112.0892107
110.7920155
111.1640511
111.1412205
111.009166
110.7370144
111.5423132
111.9213536
111.7075759
112.72315
113.2059661
112.6825478
113.4202627
113.4202627
113.4202627
113.4202627
113.2168625
115.0058244
114.2024714
113.8540448
114.8505501
115.5339126
115.0086782
114.8624843
115.1621364
115.9411021
116.3167699
116.4280692
115.4255968
115.7246003
116.0271062
116.037354
116.3121
116.6063038
116.6063038
116.3163807
116.2868047
116.2855075
115.7326429
115.8322675
115.7051423
115.4603616
115.6916515
115.6916515
115.8198144
117.3638658
117.1349109
116.7845385
117.9527925
117.5938586
117.5938586
117.8784632
117.3650333
116.3441407
116.0745835
115.2896507
115.3276585
115.3276585
116.1808238
115.8390129
115.9512203
116.6596186
117.239854
116.9940355
116.5444276
115.920347
116.4270315
116.97808
117.2659276
117.9446201
117.7290263
118.0989864
118.075118
117.9080392
118.2525743
118.9225756
119.9494353
120.337167
120.7971524
119.4090238
118.5187587
119.5249931
119.150882
119.296557
118.4047353
119.1061287
117.0028564
116.547022
116.8482308
117.6558645
117.1665625
117.2927796
115.4567295
116.0939117
116.3764409
116.7451037
116.920744
116.4271612
117.3390894
118.4411865
118.5994443
118.2073022
119.0999022
119.8346336
119.0485333
119.339105
119.713735
120.1018558
120.2743827
121.2719258
121.6318975
122.1114706
121.4142282
121.8053325
121.435113
120.9497026
121.2410526
121.5670378
120.7482481
120.9903048
121.4160442
120.6806643
121.424476
120.7395569
120.8452783
121.5689835
122.8652707
121.746829
122.284257
122.1340418
122.1557049
122.9088565
122.55109
122.6151715
123.2867294
122.6258085
121.7760159
121.8167478
123.0056272
123.0872208
123.5647184
124.2427623
124.9304055
125.1183691
125.6028715
126.0273137
126.6646257
127.1106015
126.8669882
127.6467322
128.2844334
129.7476696
129.2949485
128.9111084
129.4367319
130.2211458
129.8142157
127.9179758
127.5085809
127.312445
127.687075
126.4898936
126.4400813
126.5477485
125.4551209
125.6522946
126.7917509
127.4356786
127.6638552
127.3609601
127.3210065
127.6136538
127.8256155
128.9031955
129.1900054
128.9880321
128.347996
128.7245717
128.7970849
129.0268182
130.1326771
131.3958858
130.31636
130.3236243
131.2683715
131.3932914
132.0219122
131.5968214
132.32818
130.0626286
131.0817051
132.8881792
131.6738747
131.1548669
130.0855889
132.4346797
131.1180266
132.0286576
132.2155835
133.3527048
134.5261476
134.5261476
134.5261476
134.5261476
135.3549256
137.5936251
137.5936251
137.5936251
136.59699
138.1854055
139.7608491
140.7292053
140.9409076
140.8494553
142.1245982
145.24098
145.7053758
147.3136385
148.3075494
147.0504375
146.9636552
145.3675862
146.5575034
147.3875786
146.1859867
146.9209775
147.3159734
147.324016
148.5036853
151.5108433
153.4284869
154.0695608
154.7888555
154.931547
156.0198938
155.2933348
153.9552779
156.0974661
158.0662192
159.3780727
159.3355247
160.6642418
161.8057736
161.7931908
160.4936606
156.928579
157.1580529
156.939216
154.6426616
155.1416926
156.6749774
158.8582866
158.5118058
160.6441353
160.0507982
160.3722431
164.5650375
162.507167
161.0844033
162.7427377
162.2230813
161.0034583
160.6842186
156.7247897
156.6343752
155.5779394
156.4365529
157.7218139
157.7218139
157.7218139
157.7218139
154.7199745
155.3655885
151.4052516
151.9687532
153.9035198
155.5331861
156.9098994
157.3536699
157.6770607
155.6673161
155.4649537
155.5841659
156.5187951
157.345757
157.2513212
158.7263619
159.4395598
160.4913257
160.4913257
160.0418475
159.7818896
158.4752249
160.2177472
160.8311908
161.4603305
164.8572956
163.7239361
163.7239361
163.6353377
165.0976658
166.7135819
167.7052876
169.7270961
172.2985261
172.2985261
172.3688341
172.4253918
170.1471279
171.3021505
171.9722815
170.7049218
169.8808137
169.09627
167.6919265
170.2045936
170.1757959
171.5452449
171.5452449
171.9774703
174.6445037
175.0540282
174.7443877
175.1869907
175.9838577
175.8009532
175.3373356
174.9703591
176.0824445
176.413359
176.472122
175.8543976
175.3492698
174.6906838
173.687433
174.6862733
177.9690852
178.8348333
178.0480844
180.0247505
181.1804217
182.0001193
183.7465332
186.5991952
188.9634632
190.1480619
192.1034539
195.0819438
201.4614201
197.373958
193.054298
195.5549012
197.1758763
196.1382499
194.3971545
196.3160953
194.4289358
195.2117931
196.1111385
195.7151048
193.2479692
191.4788544
190.6018207
193.1732508
192.3487535
191.1260173
191.072054
191.4483703
189.5499252
188.4764961
186.2624433
188.1025147
191.5070036
192.916017
189.7626652
190.523989
189.2945074
188.3862113
187.3946353
182.4109411
183.3307822
184.9522762
186.1179358
182.2065031
183.1057188
183.3494618
184.991192
183.5066819
181.145138
181.3487976
180.2125844
181.2003985
182.1713491
183.6566376
184.4767244
185.856551
185.7056872
188.4011291
191.33292
196.5423262
199.0562905
199.4291044
199.9510957
202.6255231
203.6637981
203.048279
198.9273493
196.9039842
195.4350404
194.9911402
198.8656028
201.0417775
198.3921265
196.3866628
194.8199104
194.1379749
197.7514418
198.4274103
193.2570496
195.1735258
193.8249617
188.0460868
191.4662716
185.4232878
185.578562
188.8472345
186.080836
186.5819425
186.2176901
183.5522134
185.6705332
186.5700083
185.8579779
185.7287772
186.7553775
189.5239812
189.3897215
191.1998277
194.4679813
195.4382833
193.1495121
192.653335
194.5721461
195.0146194
192.1855664
195.0033338
197.4233812
197.1754872
200.6501542
202.4602604
205.0677525
205.6634245
205.6420208
203.4655867
205.0594505
203.7765244
206.4826033
205.3727231
203.5416023
199.8997268
202.6382356
205.2969669
205.2969669
205.2969669
205.2969669
210.7774869
212.4730508
212.4730508
212.4730508
216.5413144
225.8891625
224.8340239
222.1937128
219.3099181
217.5916533
210.6612582
217.4296336
221.55212
221.5451152
221.9449107
223.56394
221.268164
219.2991514
216.9821013
216.998446
215.4559511
218.3048513
220.1905839
218.3448049
216.7076148
222.6591464
220.7317738
219.5885556
219.8629124
219.626304
219.9720065
220.0782468
220.1184599
220.3430044
220.0808412
220.0808412
220.4290084
220.9903048
222.4307103
222.061788
220.9857646
219.1473795
218.8612183
219.3763345
220.2533682
221.5010105
224.480149
222.7690188
220.3470257
222.4963484
223.7935436
227.503003
228.3681025
230.6079694
234.7644423
236.6993387
237.6595226
236.849035
241.8510197
243.2321435
243.81186
247.6810041
251.241805
247.5831956
250.6825841
250.682195
250.8038719
252.6165724
252.6587313
251.2617818
254.3635052
252.3634897
249.5986478
249.5986478
249.5986478
249.5986478
249.6069499
247.9452428
247.6842471
247.2848407
249.2845968
247.717585
245.8729735
243.095938
237.59596
229.5608735
230.3687667
229.8864695
232.989101
238.3011153
242.5535806
232.8800068
236.6526397
238.3938648
238.3938648
245.4725293
241.7729286
238.7460533
234.5208291
232.2633202
233.2979631
236.2807338
239.9080807
239.9080807
238.1331285
240.4475842
241.4494081
234.7322719
239.3790845
237.5045078
237.5045078
240.0332601
235.2170337
234.7013986
234.7013986
241.1476805
243.3352705
242.2971252
246.0611965
242.2408269
233.297574
237.1658101
241.6196001
237.5783182
234.7570483
234.4780216
234.9953431
236.3455936
235.6947907
235.5705194
235.5059191
234.9952133
233.9023264
236.1562031
238.4013885
239.5265756
240.1571422
240.8945977
244.0672777
243.0593571
246.9041139
250.1995086
252.4475479
252.5604039
251.9814657
251.8067335
248.1801648
245.4927655
245.5702081
244.2325404
237.6724945
238.731395
234.5217371
239.9994033
238.3223893
236.4884147
234.6131894
226.067916
222.848018
226.454091
221.7090806
213.0026956
216.4616666
216.0274953
218.8837895
219.8992339
226.1814205
226.3139939
220.1921406
213.377585
215.5680288
223.0416893
223.1034358
216.3770895
210.9862056
209.4594069
207.1070731
213.3027368
208.266117
208.9996809
210.294152
216.0806804
214.1494161
207.1969687
204.2992941
209.9867167
205.9464725
205.7477422
198.8024294
193.4625253
181.4284454
188.8131183
191.9898196
194.3837934
195.336713
196.7483208
195.6136641
189.1667337
186.9356877
188.2925538
187.7861288
191.4514836
188.0582804
180.54298
181.2895158
186.0126035
184.819184
183.1707083
186.4932144
189.6728993
190.1982633
196.1178839
195.4554063
194.289617
195.181309
196.8090295
202.6460188
196.8976279
198.7460014
201.4890504
203.3946301
201.5207019
200.5745278
198.9043889
201.6195482
199.4514161
198.9855934
199.7934865
200.3045814
201.3038109
203.4439235
196.9161778
196.2976752
194.6362275
195.8637634
200.3130132
197.1870322
195.3115474
199.7139685
200.2504884
195.6468723
193.524661
193.8191243
193.6586612
193.1628732
192.4352764
190.9459666
194.0321237
194.719248
195.788526
196.5899332
200.597099
202.3145854
203.9729198
203.8068788
206.9961629
208.6945806
212.7743892
212.7743892
212.7743892
214.77661
214.2843244
212.9312201
212.9312201
212.9312201
218.5096784
218.1188335
218.2130098
214.0579639
213.7418374
215.1760164
214.9728756
209.9619403
209.243813
210.1657297
212.886856
211.8278259
213.1791141
211.0646859
207.6420364
209.4930042
209.4461755
209.9522113
210.6608691
211.1807849
211.2169767
210.524923
209.3343573
207.4548511
206.591438
206.2483299
205.2523434
203.8472215
205.2592185
202.2346782
200.4527211
198.3873269
199.7514574
200.4263881
200.804261
200.1416537
202.7001118
199.019969
198.590338
199.3641149
196.8440538
198.5787929
199.4202835
195.5520474
197.2866568
195.8165455
191.1951578
189.1361199
188.4569085
189.8826557
184.6815515
186.0290779
190.0269038
192.2142344
192.1239496
191.9195116
193.5215477
194.5731839
199.0485073
198.406266
194.6764406
196.5060047
198.9827395
198.9827395
198.9827395
198.9827395
203.8961258
205.3370502
208.0457235
211.1321401
207.7307645
208.0925523
209.7178082
206.4909054
206.1245774
211.9389955
206.5619917
208.5601912
207.7179223
205.7223172
205.7120694
211.1665158
214.8588522
217.3815077
217.3815077
221.8308873
221.8140237
217.5670066
216.8612027
218.4445592
217.1484017
215.7047532
212.1944132
212.1944132
213.568143
211.3500689
211.3107639
214.2110329
217.2798076
216.8653537
216.8653537
215.6099282
215.7908869
214.6616785
214.4325938
213.9046354
209.5206345
210.6979689
213.1282641
217.0086938
218.8962425
219.5571635
219.7688658
217.3632173
217.0874336
215.2017009
216.3708629
217.5022766
216.9020644
215.1232206
215.3071629
216.5620695
214.9726162
216.3728087
215.4619182
217.446108
217.2018462
218.5297849
221.7524069
223.5517464
228.345661
228.7109512
225.0825665
227.8983881
230.331148
232.3118353
232.3872024
232.9296894
235.8815868
234.1971789
229.7701111
227.9786845
223.951542
223.0355924
225.4104974
225.2775349
227.0640321
227.0325103
223.8292165
226.1268086
223.0944851
222.7302327
222.0638635
215.4519298
216.4398737
219.006115
220.5627492
222.5522575
223.7844632
222.3072173
223.2974962
222.3331612
224.8433637
225.1426266
228.9235615
230.8777861
231.3145517
235.1830472
234.3350707
235.8684852
234.4331387
229.1595213
233.7807792
232.3477677
234.8683477
236.732936
236.3762074
235.9866596
238.62269
238.9895368
240.1837347
238.221727
238.6780803
237.9858969
238.0405088
238.3079905
237.3996944
236.0150682
236.9133759
236.2109447
238.7579875
234.3575122
235.9582511
233.9443555
233.4354658
235.6656038
237.3701183
236.4299112
236.770425
235.5417217
234.9537031
236.9229751
235.8962451
236.8802974
234.0841932
230.2974209
234.1788884
234.7274723
235.2501122
235.1659242
234.5732357
234.6467867
235.4305521
237.9816161
239.8904389
241.7088471
241.2793458
243.974658
247.5614027
250.1157098
249.5538946
251.2076887
251.8258023
255.5155443
252.9307531
251.0451502
252.3173095
256.4085335
262.5939494
265.1867831
259.0344457
258.8156089
260.0309511
264.5506386
262.5115775
262.0623588
258.9841145
260.1539252
263.5632136
267.3981118
268.0608488
272.20422
273.3954344
275.0561037
277.2020537
277.4038973
275.5699227
275.4980581
272.1719199
272.5914328
269.2769693
266.6267995
270.6347436
271.7983277
271.7983277
271.9974471
272.9027597
273.0732111
275.3447296
275.3447296
279.3819903
272.4327858
266.0552553
267.9616134
269.3952735
274.9105584
275.7949861
271.5132041
274.7363451
273.4074983
276.0964542
270.9652689
270.7456537
271.9285661
274.6852356
279.4748694
273.9127558
275.5123272
274.1270525
275.7776037
266.763005
268.963567
273.2042278
279.0069711
278.2705534
279.0684582
286.1655429
282.3966719
279.9655984
283.0361892
281.9087968
280.5218357
289.6936544
290.7474958
293.226825
291.7224677
288.3819306
291.3885696
289.817796
290.0703599
282.048375
280.1599182
286.7795054
293.3346219
298.8000944
301.0516362
302.9432062
302.3380646
306.2993096
312.6359785
310.0204438
308.3187831
300.3733328
306.1919019
315.0193152
315.7377019
315.8539306
314.6944976
311.2021886
313.1830057
311.558139
315.0438322
309.2565255
305.6102395
308.4587505
304.531492
302.8564238
297.6440341
302.6400517
299.4195051
288.7088238
282.493313
293.1495121
294.6504967
276.4909313
274.365477
280.2882108
281.8993273
281.8993273
281.8993273
281.8993273
294.8328823
304.8927609
298.9814423
294.572665
303.0037852
306.5230758
302.4033136
301.5447
302.3472747
298.067698
299.4108139
298.3643666
294.4273791
298.3978342
298.6607757
304.2231487
302.0919867
301.2822775
301.2822775
298.2752493
303.0436091
301.7465436
308.1267982
306.5730178
308.3951879
313.3129847
309.2737782
309.2737782
315.3785086
315.3785086
314.7374347
315.0810617
315.4140517
311.6914907
311.6914907
305.9024976
307.0675086
307.4854649
309.8545325
306.595589
305.3991859
303.7765244
308.319302
306.4841599
299.356202
297.1264532
298.2522889
292.9173142
298.3830462
304.4310891
306.6815931
307.5158193
308.818333
312.4905629
313.5913628
315.9794991
319.3239278
317.1865393
316.9234681
317.469717
315.593843
314.6197791
320.1245567
315.5738662
315.7198006
309.3800185
306.4652209
307.7271324
308.1978845
314.8236982
320.4613086
318.439111
316.2139023
321.1685394
328.4445073
322.1171782
329.046795
328.7057624
334.4669955
341.4209995
343.909928
347.7590953
341.3107379
337.4509336
341.1273145
334.849668
341.5897646
344.2615976
348.7732425
349.8199493
344.8571399
345.8935989
346.9318739
347.3192164
349.0248984
357.1430054
354.7073917
353.8747221
352.0390611
349.0230823
343.7488163
344.1801337
346.7313275
347.068728
345.2223003
343.192579
340.5138709
341.1998277
342.7411551
347.0592585
345.4159716
341.974383
336.9834244
342.8809927
350.1902985
355.093437
352.6329171
358.4152945
360.172994
350.6226537
349.2033924
346.0189079
343.14588
344.9409387
341.964654
344.7985067
345.1056825
350.9252893
351.6257747
352.1606083
356.7615003
353.9655257
353.42706
349.5069361
342.5863997
339.6405991
342.9513007
340.8053507
338.6662758
337.846189
336.9190836
335.0906869
332.9587466
331.0436973
324.2758408
323.0879991
322.7176499
323.6857467
327.5190882
320.8115513
320.0486708
311.2780745
313.9670305
317.738885
323.1935908
322.2226402
321.0890213
314.757671
320.8830267
314.8707864
312.7135508
310.7172971
309.1186337
307.5671882
305.4321346
309.4451377
312.0243509
318.6654715
316.9610867
313.8722055
306.0733382
298.4149572
293.4258147
296.1927321
296.1927321
296.1927321
299.6720691
300.4450677
302.6701466
302.6701466
306.2942506
309.9845115
314.8513285
317.3259877
319.1437474
318.624999
318.5795972
316.4252154
320.5680677
321.3908786
321.2672559
330.688655
330.9645684
331.1642068
336.3721861
336.2326079
341.4168485
341.9564817
341.6781036
341.8982376
340.2574154
341.3780624
336.9249209
330.6182173
329.0688473
332.2799243
331.0342278
329.3755043
329.2927432
328.3622651
325.9217221
326.0546846
331.906851
333.9119256
331.1843133
332.8630136
331.9560147
321.0589264
316.281097
313.9089161
316.8482308
314.097658
312.6577714
307.7154576
308.333182
309.4298308
310.9548135
312.0662504
309.2360299
305.1922832
299.1023409
291.3979094
292.8519355
289.2859459
284.5247206
285.2572468
285.5894585
281.6753017
285.0556626
295.4050751
294.1061936
294.652183
290.7678617
294.0443174
288.674967
282.597348
276.3062107
283.3979769
286.4837448
286.5955631
288.6184093
291.6448954
291.6448954
291.6448954
291.6448954
295.147063
300.8335776
299.2194776
295.9129271
295.8108378
296.3138901
293.8512947
292.4455243
293.8546674
298.4471276
297.3350422
293.9337963
295.8208262
291.8466093
294.9872486
298.5387096
296.8505398
297.8672814
297.8672814
296.5342836
297.5008237
298.0269661
302.6182588
305.0733304
303.4146069
307.2886804
308.082953
308.082953
311.0847925
310.5044273
309.075956
307.8625596
311.2858577
310.8282073
310.8282073
310.8282073
310.8501298
308.6917267
306.5647158
305.9568501
306.0462268
310.4572094
306.7834229
302.6281175
305.9908366
306.5302104
308.2591121
305.0070438
305.1265154
304.2560975
300.1281629
301.1860256
306.6575949
305.8022244
306.0440216
308.5159568
309.5922397
310.2506959
306.9152179
310.6528265
311.4722647
309.0855552
305.837119
304.612437
302.1377777
301.2739754
300.7205919
307.4129517
302.4292575
300.6919239
300.1797913
295.6540069
296.9740327
301.254258
304.5809151
306.2186241
308.4852133
308.4718522
305.0389548
304.8626659
301.5140862
298.4131411
293.6177996
293.6512672
294.997237
294.0388692
295.3136229
293.0208304
293.6281772
293.0505361
293.3922173
289.8500961
290.5955942
293.0745342
291.4555049
285.4929471
282.2450298
277.5447727
278.6895475
275.5583777
274.4456436
273.7114311
276.992427
275.7514003
268.8505813
263.9464051
266.4065358
270.5355081
264.5758042
260.4825047
252.2672378
254.2263917
245.7616741
236.9862783
242.6792789
238.1851461
244.7165239
247.5717803
253.1133982
246.16134
252.5938715
250.6794708
255.6949464
255.9873342
254.0157272
257.8124878
262.5323326
271.477661
264.8964709
264.6423503
263.1795033
265.2384115
263.778548
260.5759028
263.7812721
264.8928387
265.7684455
261.5606037
269.9485273
262.1998615
257.388305
261.44204
261.4067563
261.1624945
264.4896704
262.9587207
261.8836053
261.3806827
256.1441651
252.2147014
252.6971283
256.5334534
256.5874167
257.2380898
257.4292964
260.0729802
260.2759913
261.5441293
261.3411182
257.6302319
258.4400709
256.6399531
258.011737
265.7731154
261.6098971
263.0601613
264.5839765
262.8624688
261.6214421
259.235511
258.6465844
256.3238266
254.5998542
251.0099962
247.9702787
254.4605354
255.9306468
258.5461814
258.7715043
258.7715043
258.7715043
258.7715043
264.64248
267.233368
267.233368
267.233368
266.7701396
269.2326053
267.6645557
266.9274894
263.0266937
263.8418511
263.5619164
262.0693636
259.7433629
258.5317826
258.7222108
262.2954647
260.6647607
259.9392394
260.552683
258.8301375
260.5334845
257.6014342
256.7028671
254.5670352
254.9023601
261.4395754
264.2516351
262.9085192
259.8031636
257.5210081
258.1095455
259.6794112
260.4696625
259.0008484
261.5149424
264.9167071
265.5746445
261.6665845
260.7656824
260.8210727
256.9921416
256.5928649
261.9559888
263.4049558
268.8125735
266.5537674
266.0496774
269.2463555
270.3777692
266.6317289
265.012959
270.8581206
268.8460411
266.7744203
266.4754169
267.4703656
267.6997097
272.1677689
272.8079347
269.9430791
270.2485685
272.0004307
273.72583
273.0390949
272.3103306
272.3103306
272.3103306
272.3103306
271.4720831
271.0632071
270.947627
272.2241968
271.2208164
271.9624228
258.8209274
253.6767701
256.2641556
255.2982641
255.2337935
257.9185984
254.9760408
256.8315488
255.8777212
251.6332985
249.2404922
247.0573127
247.0573127
246.7071997
253.026097
253.6340924
259.8787901
258.1650655
257.8209196
258.6725283
262.5170257
262.5170257
259.73545
259.1286221
259.2484829
257.0533692
255.6677053
257.2636445
257.2636445
257.3442004
253.9342633
254.4099448
252.4169341
251.5786866
249.3725467
247.6926789
248.8637867
249.4754143
250.446754
246.7808804
246.7808804
251.4921636
244.7729519
245.4596871
246.2232162
246.2817197
244.1783176
238.93259
242.0313299
240.9270276
234.7379795
231.7639001
231.8613195
226.1332946
232.381365
228.5303816
234.7023067
238.7572092
237.7568122
236.0083228
231.3290803
234.0437207
239.4172221
239.0689252
235.0314051
232.8775422
226.1383537
227.7651662
223.9629573
220.9437355
224.3509484
227.375359
222.7512473
211.3726401
204.3392477
193.6070329
202.9526757
200.9201006
210.6753977
210.0820606
209.8433767
209.4330738
208.8586758
201.4555827
206.1164051
207.349
206.3549593
207.3388819
208.5374902
209.7292235
206.9228714
210.9182326
208.5854865
213.4887546
215.2661715
218.975112
215.8309703
214.702151
213.0377198
214.6075855
216.7189004
216.0062213
216.4157459
217.2364813
210.8164028
209.1696135
208.6315369
212.5032754
208.7067742
210.7084761
214.3305046
208.6816086
207.4962316
205.1215861
204.8351654
197.142279
195.0238295
197.0093165
194.1982944
188.0521836
186.6596445
187.5809126
191.8353237
185.8631667
180.9879179
186.0534652
182.7526223
185.0059801
185.4980062
184.3501182
179.6319598
178.9135731
187.8102567
186.6980415
195.3660296
193.7834514
195.458779
197.8640384
196.1421415
196.4886223
190.6124577
190.1496185
190.9829367
196.9649524
187.8744678
191.2343331
190.6799119
191.1108401
195.237737
196.169642
196.1919538
193.316072
194.0339398
193.4618767
192.9532465
191.6940591
192.7497166
191.3938881
194.1119012
193.3167206
192.0864607
194.9059144
197.3136385
197.3756444
196.3902949
195.2546005
194.7948745
197.3761633
196.6429885
193.6901831
192.7299992
191.2244744
188.7326922
187.9120865
188.8306304
191.1658412
192.4783433
190.7782393
192.5910696
196.0160541
193.0349698
191.1004626
187.8656469
188.5696347
188.5696347
188.5696347
188.5696347
188.367402
187.9403653
187.9403653
187.9403653
192.8364989
194.5847289
196.5223494
194.2785908
192.4791216
194.0585865
194.5192205
194.0326426
192.7969345
190.9870877
191.9512929
190.0710085
189.9004273
189.9872097
186.8826324
182.8500416
182.1297091
177.4695354
175.5950883
174.1771242
176.2113857
175.8825468
175.4649796
170.1052285
171.1006961
175.5850999
174.4422709
172.2395037
172.9943416
171.6644571
171.2175734
174.2829754
174.6988561
175.7109278
175.821838
170.4472989
169.0817415
171.0833137
169.0489224
165.7589759
166.1346437
167.0704403
167.8752202
164.8709161
165.6433958
163.466832
164.0950637
162.7707571
161.6058758
161.8341821
165.3337554
171.1726904
172.2657071
176.3383812
179.3572138
178.9843999
182.5060255
180.6008349
181.9058133
180.9465374
179.8628605
181.0793702
177.7335146
177.7756734
182.4995395
183.9495443
186.4597467
191.5014256
187.7293117
188.65045
186.5916715
188.0022416
189.7620166
192.7010717
192.1845286
192.1845286
192.1845286
192.1845286
189.0981121
192.4003819
192.5688876
191.4177565
193.3187961
194.4764131
194.855713
193.6359603
193.6015847
196.2984535
194.5081944
194.5583958
192.3342249
191.5315205
191.6352962
193.7453139
195.6257281
198.3345311
198.3345311
195.6617901
197.6171821
197.6663458
199.3389493
197.8406889
197.087667
194.9973667
196.8303035
196.8303035
197.6138094
200.8590027
198.1507185
199.5903458
199.5903458
203.9886158
203.9886158
204.013522
205.495308
206.1854159
205.8074132
207.4448627
206.7081856
207.4957128
204.365451
205.8046891
203.9316689
201.7643152
203.2466202
201.906877
204.2776309
201.6802569
199.3578884
201.7215078
202.2908467
201.9756283
202.5269363
202.1529549
200.9534385
201.4707599
201.2069104
202.9560484
204.1432415
203.6606849
203.4779101
203.2279405
201.6109867
199.1708328
201.3821615
203.5234416
201.9058392
202.3628411
201.8354015
201.9712178
201.6146189
200.6672772
199.0466912
200.7019123
203.7164643
205.211352
206.4516003
207.7251866
208.8879924
211.091019
212.7193881
215.4453141
215.4197594
220.4282301
223.9970735
224.5757523
223.5124414
221.7454021
223.1720574
224.3997229
225.1445724
224.7805794
226.8633561
230.5399964
236.8150485
235.3397484
233.6884189
232.9745724
231.6685562
228.9351065
231.983645
232.1773162
232.8941463
231.8999759
232.1604527
233.0102452
231.8229225
228.1859763
227.6811079
229.1276103
226.4948229
225.9515575
223.7001455
219.8909318
223.8070344
225.7480276
228.4347783
229.7754296
228.171318
228.8507888
230.0337011
227.731958
231.6768583
232.2137674
234.6875186
235.5510615
235.4289954
234.5681767
235.4959307
230.6911197
230.5566005
232.082621
233.3277986
235.5866046
235.6491295
236.5256443
234.5489782
238.5623704
239.2125247
235.6475728
233.4737331
236.2307918
235.3119884
232.1591555
233.2554151
235.0241408
235.6886939
233.0447506
233.2049542
232.3325905
231.1658931
230.7882796
231.7235573
229.9115053
228.4712295
229.3636998
226.5897776
229.470459
229.8200531
228.8024034
228.6124941
227.417907
225.3605554
227.5414
225.8435012
227.20841
228.3059668
228.5774698
226.7110653
225.0843825
224.515303
228.9269342
228.155103
229.4783719
229.4783719
229.4783719
229.4783719
230.1539511
229.9517184
229.9517184
229.9517184
235.5423703
235.8539566
235.7743088
236.0987373
237.7909285
237.9511321
238.3830981
239.4534138
241.706123
243.0812797
244.7569964
245.8811458
242.7868163
240.4033499
244.0044935
244.9305611
245.419474
248.3861594
246.7527312
245.8894478
244.2394155
245.4480123
245.3634352
246.6662083
250.3432379
254.4594977
256.2284828
255.6140014
255.7173879
257.4052983
257.0929337
256.4740418
254.5213739
255.1413035
256.3168218
254.9930341
255.1917644
254.351571
255.8036513
258.0000623
258.4748357
261.2324133
261.8048655
260.7357172
262.7345653
262.1832574
262.2034936
261.6380462
259.3669169
254.8024761
254.2392339
252.1659268
254.3103202
255.0903237
254.0851271
254.3459931
250.3348061
250.9895005
249.0775645
251.4732246
248.3019715
249.1601958
247.5341616
247.6887873
246.5912304
251.7545862
252.4876312
251.0691483
253.330419
253.330419
253.330419
253.330419
253.5705298
251.2227362
250.8767742
251.8744471
251.6379684
253.57507
252.9208944
253.4555983
256.0141861
254.2806145
254.0840894
250.4514239
249.6482007
249.4733387
250.2061243
251.1305056
250.8667858
246.8190179
246.8190179
243.1845364
244.6528316
243.6122217
247.0460271
245.8034438
242.5097355
244.0175952
246.6077048
246.6077048
246.257981
245.6541366
244.0240811
244.2379886
245.8849077
245.8409327
245.8409327
246.1845597
248.7469094
248.1487727
250.7796143
252.5831048
253.521885
250.8337074
252.3592089
252.9998936
250.1250496
252.351296
254.3537763
254.0938183
255.5097069
256.1882697
259.3120455
258.9222383
259.2477046
257.9367591
258.2777918
259.0902251
260.9354853
263.0695011
264.0932476
264.1945585
264.3507408
263.0701497
262.0231835
260.5668224
261.2900087
261.2255381
260.6750085
260.9200487
261.2789826
261.1969998
260.1807771
259.8284589
257.1003277
256.9534852
255.7738159
255.8292061
254.6512231
255.8040405
258.7770822
258.2290172
260.3088103
258.6953589
259.1821963
257.0366354
254.6308572
257.2457433
257.0353382
258.4343632
257.2124053
258.8881221
259.4259392
259.7331151
259.8868327
259.2729999
260.2723591
258.2024247
259.2148856
260.5157129
261.5087159
262.0013906
260.9794602
262.7280793
265.2529401
265.3750062
267.0134934
265.6998238
266.573874
267.1829071
268.1152013
268.3363731
266.2664387
263.881675
264.7952896
265.4659395
265.3136488
267.3913664
266.1324384
266.9549899
267.5129136
267.1467154
267.2901852
271.1147058
271.3911381
272.2157651
274.1177127
273.9464829
272.9424538
270.878746
270.0246727
269.2167795
268.694399
269.8756249
269.3795775
268.6100813
267.1672111
269.1088528
266.007778
266.2673467
267.1271277
262.9875184
262.956256
263.9684574
263.0972611
262.2146495
264.3769442
267.0723861
266.4048494
267.5026657
270.1161249
268.7209915
268.6545751
269.6946662
271.6577117
270.599849
270.6679518
268.9381419
270.358441
270.3568843
270.6958415
269.9267344
271.4898546
273.6391774
273.8242871
272.0361035
272.0073058
270.0961481
272.3720771
273.4470628
272.5091906
271.9503589
272.2457303
271.1174299
268.1794125
268.7458976
271.6700351
268.7130786
270.195643
268.2074319
267.4283365
268.5301741
270.918051
273.7590382
273.9139233
273.9139233
274.2413354
273.248073
273.2044873
274.4687337
274.4687337
276.5685036
275.6517757
273.9390889
276.4566854
278.2949407
277.7147053
275.9288566
273.9310463
274.9673755
275.8532301
275.7545136
275.1114939
275.3500481
273.0127618
272.9914878
272.2834787
275.2378407
275.0806207
273.4713203
276.8651721
278.5578821
281.2694093
282.5348232
282.2849834
283.4972123
286.0334884
287.7933931
287.8555288
288.828036
291.1786835
291.549811
293.7101599
292.4780839
293.4237392
293.2512122
292.929897
293.7607505
291.9876144
293.193487
293.9174517
294.795134
298.1956015
298.4171624
300.3393463
301.9208867
303.1817604
300.0870418
299.8530278
296.8126617
297.5124985
298.0224259
301.9404743
298.6599974
299.4786572
298.3523027
298.0368248
298.0697735
295.429203
295.429203
295.429203
295.429203
300.1430806
297.3900432
300.5772519
303.3391102
303.6270875
307.7224625
309.9707612
311.8505268
312.2702992
310.9921727
311.3909305
312.0249995
311.8694658
307.4575752
304.9229855
306.6766637
306.64138
307.533072
307.533072
309.6770762
308.8524492
303.4771317
294.3023295
291.9062802
293.0663619
295.5733214
297.1522674
297.1522674
300.0799072
299.0975413
302.8070007
305.5657457
303.8102515
303.1200139
303.1200139
303.4807639
305.9026273
304.3664888
305.4810389
306.8587899
309.6372523
309.2048972
311.8393709
312.3118094
312.8702519
313.534805
315.551295
313.8632549
314.3234997
313.2007773
315.1815944
316.2916043
316.283432
319.347407
321.6819692
321.6325461
321.1523244
323.8263626
328.1604215
327.6373924
328.4634463
329.5045752
329.5118395
327.2390238
323.4541973
323.6878222
326.4293145
325.6250535
326.5985985
326.5565694
329.0825976
328.8815324
325.5830244
329.9073543
330.7887985
329.5255898
330.0937613
329.7305466
329.9499023
329.7138128
331.2358119
327.5528153
327.3993571
328.9270639
330.2550026
330.1866404
332.7214896
333.9556411
334.9885977
336.1464741
337.2305401
339.6424152
339.4028232
341.6997668
343.5890019
348.2395764
344.7281987
342.3146373
341.810677
342.371195
344.0706504
351.4729652
351.7938912
354.8760271
352.4897068
350.7857111
347.4076851
344.8660905
342.3610769
342.0165418
346.3276404
347.2249103
348.3564537
349.8202087
350.5440437
353.1119713
350.7081389
349.7083905
350.8444741
352.5150021
352.6113837
352.2157391
355.8922498
358.2199369
357.7210356
355.8271306
356.3072225
354.7481236
354.7295737
354.1978534
354.0459518
355.2864596
356.2694741
356.96049
355.5225491
355.3972401
356.7430801
354.0837002
356.3605372
359.0396345
358.7371286
356.1350847
348.1321686
346.9185128
349.9621219
347.1142595
339.262337
340.9859202
336.3788018
344.2403236
345.4883551
347.342047
344.1515954
345.6061404
351.3821615
355.1898186
354.1013421
358.2893368
358.5627855
360.0405503
359.4876857
359.3617281
359.2648276
359.4617418
363.717969
363.0491352
362.8214774
365.9871526
367.4092677
368.835923
368.5965905
369.137002
362.3978134
364.5544005
361.6939553
360.7457056
364.4076877
369.4341894
372.5486254
372.522422
376.8873542
378.3106367
376.2605494
376.2408321
374.944026
372.7399617
372.5717154
372.1400089
373.7157119
375.7704691
377.2320189
378.6824129
379.6717837
385.9838058
385.9838058
388.0240344
386.97162
388.9498427
388.3815414
393.652305
392.1172042
393.9444333
388.6915711
386.9650043
387.1183327
386.0238891
387.6746998
390.9326055
387.7033678
389.228091
386.614113
383.4863159
385.49165
383.127382
377.8854162
382.2660444
382.5416983
384.3628307
387.5768912
389.5701614
386.7041383
394.5164964
398.0475915
396.4072882
396.6637437
390.9261195
391.5703067
391.9113393
389.0760597
392.5629205
392.7389498
391.0411808
393.4697896
394.5006706
394.983357
397.1215238
397.312471
396.4683861
398.5208083
400.5025334
395.151214
398.2343876
398.7523577
400.498123
401.6639123
398.4467385
396.816683
398.0830049
400.45324
403.8758896
405.0412897
406.4469304
405.6234709
404.7704354
409.667477
409.5317904
411.7175643
410.2465449
409.4857399
412.5174148
414.2556564
406.080862
407.985404
410.0572841
414.0375979
413.2662856
417.1997707
421.2201678
420.0590483
419.1574977
416.7340776
411.3498094
411.3498094
411.3498094
411.3498094
413.4367371
412.40404
413.8718164
418.0729127
418.6759788
420.3961894
422.6115393
418.6329119
417.3815077
419.2598464
424.0291142
422.1653042
425.9257434
427.2121718
432.6417121
435.4354814
435.5916637
433.4693226
433.4693226
415.1027249
416.2987389
403.8653823
395.8982688
400.2551583
384.7506921
396.3276404
389.8974437
389.8974437
393.8816491
402.6709249
393.2195607
391.1369138
391.751914
395.4399697
395.4399697
387.1586755
386.61087
373.1802297
378.6086025
376.1266789
361.53453
362.3684968
373.9813775
371.6831367
377.9374337
373.9472612
373.9994085
376.5825133
377.0505413
381.307936
375.3466754
375.6940643
381.4108036
388.7886013
391.4586182
392.1248576
388.6411102
391.230701
390.8641136
391.1644143
389.8068995
389.6495497
383.909461
382.3944667
375.9872304
376.5692819
378.7847616
383.4841107
382.0701679
386.5902446
386.901312
387.0499706
389.3479519
389.8999084
388.1724336
388.7605819
398.7556006
400.2145561
402.1203953
399.312746
398.3967964
398.2727846
398.006211
397.9043811
403.6442105
407.3024307
407.0074485
407.6604566
408.9446798
406.893425
408.3352575
406.8324569
403.1716423
403.9685093
404.1639966
406.3144868
411.8889238
411.8926856
410.8424764
410.9779036
409.8790495
412.5233819
409.9695937
411.7458431
409.3902664
409.7791655
415.4756685
416.92256
415.9840393
417.3977226
416.5097925
417.2776024
420.8413868
417.2829209
418.5797269
422.8737025
424.7508737
424.2157806
426.185831
425.240046
424.2020304
425.3374653
427.9015014
425.2963442
428.8162834
433.0867798
433.0712134
435.1657945
434.9437147
436.970193
435.3688056
438.4854468
439.831676
440.7557978
445.1504357
443.4967713
448.4192379
446.7575309
440.4562754
437.5591197
441.3090516
444.8650528
443.2487476
446.0975179
451.4025275
451.6912831
452.4644114
451.3337761
449.1439809
447.9011382
448.3308989
450.2475048
449.7387449
447.2583779
447.3484033
450.1691543
457.3565237
456.5033584
455.1629666
449.6908784
443.1646893
451.8091982
452.7959745
449.83811
455.7105127
461.5312871
460.562412
460.3466884
460.6063869
464.598116
467.1255711
466.9025832
471.8647441
472.9231256
474.4909157
469.3289869
468.1126069
467.9665427
469.9320529
469.9320529
469.9320529
473.378052
474.5972857
475.1131803
475.1131803
481.4510166
481.6585678
474.9610193
476.7108059
476.2601603
480.9792267
479.0220186
480.6202928
481.2009174
485.9617535
485.4261416
485.6087867
486.4376944
486.810638
490.3296692
490.1070705
494.7973392
490.6873059
489.1723116
488.3628618
489.2474192
495.4345215
499.2555397
506.8398509
507.1051273
509.895005
515.255275
510.3693893
518.6759788
514.8574253
514.5804741
519.0647482
520.4789504
521.5112584
522.7608465
516.2058597
511.0105929
512.3190737
512.1587404
506.3947832
492.8459684
487.949316
482.3839594
488.515412
477.6377816
481.3870649
480.3009233
487.2606351
489.0506347
491.4019307
488.6773019
477.4175178
479.8378247
480.2699204
488.7460533
489.578204
493.950141
501.0888657
500.5009768
498.7580653
497.9766349
492.2544474
501.3261227
503.9205131
502.3944926
506.9831909
508.7368691
508.7368691
508.7368691
508.7368691
515.6858141
510.0059152
506.5203517
509.0846472
516.7200679
518.3616684
521.8031273
525.3766406
528.5100156
529.2412446
521.4017751
525.8597161
527.7390925
524.6967806
525.2828534
521.8083161
532.049283
531.3175352
531.3175352
534.7269534
533.9217843
533.7504248
533.3316902
533.7155303
532.4388308
531.383303
528.3771829
528.3771829
532.5725716
535.2930494
537.4480798
544.6095053
541.8747584
539.5017992
539.5017992
542.0690782
537.7828858
543.6389439
541.8519278
543.0697346
543.0697346
531.7126609
521.0907077
518.2130098
525.6901727
520.826469
520.7260661
528.2789852
530.5839713
526.2604197
528.2435717
528.6813751
528.5629412
523.6802985
521.7557797
519.9441168
516.380981
519.8181592
527.4823776
530.1277478
537.5659948
540.7725316
541.9833336
541.1859477
542.8518058
539.2331501
542.6159757
543.878017
546.414293
549.4361092
550.0031133
550.3038031
554.2476657
552.7102299
554.4349807
552.3378052
549.6629887
540.5472088
530.9518559
533.9286595
539.952834
533.9232112
539.9100265
537.5780587
533.6855651
538.0402494
548.2089626
533.177324
521.0184539
527.6678765
525.8073094
515.2393195
493.366922
502.4092807
519.6504318
517.1930252
533.9643323
533.7851897
536.0700693
540.7157145
527.4908094
528.1863654
531.7587113
540.1679089
542.7152112
548.6677805
539.648512
537.3062963
525.3465457
515.4969425
528.9993177
529.4289487
533.0404699
531.6716695
521.7996249
527.1829849
540.9998002
539.173998
540.2173321
540.5321614
537.9176644
544.59809
550.650284
546.6419508
554.4924464
557.2470404
555.4318752
554.8397056
557.4084115
557.1602581
564.7580601
564.5969485
564.7126583
559.0297758
558.6851111
552.328206
554.0895376
546.7668707
544.1260407
535.4291251
547.0047763
540.7137687
545.2639403
548.0059515
549.5913835
550.4682875
559.1349783
551.9517599
547.0448596
545.6606226
554.0032741
555.923123
551.3711353
546.2910595
543.7833217
538.4029452
539.8874553
530.8314762
520.4056589
505.6334593
512.92201
496.7302898
498.7139607
511.360187
513.2592808
507.5021987
520.0604752
524.3632717
529.8563745
536.4125288
532.620957
537.7469535
536.1424528
542.2174774
544.5787618
544.8638853
547.3279076
536.5984169
534.0978137
523.1922936
520.2956567
522.4653454
526.0203089
529.5581494
529.5581494
529.5581494
529.5581494
528.7896909
532.4686662
532.4686662
532.4686662
528.3492932
521.7621359
507.6603268
503.5566498
509.8711366
501.3672437
492.7905782
488.3807631
496.4722776
475.6529432
462.2198383
463.2064849
462.5953763
438.1313125
451.4825644
447.0152836
458.5400846
462.8511832
454.6571902
463.6061508
468.8233402
465.3596993
475.6604669
486.9874457
476.7084709
475.155858
471.0412845
470.1874707
472.0664579
488.495954
490.6160899
495.0205865
486.3890496
494.2909142
499.8907762
492.5157025
498.3459464
495.8650606
505.8991249
506.9379188
504.3305565
499.9988325
493.9871111
491.0603792
488.1819031
494.8938505
493.5028681
487.7811995
477.1360265
477.6203992
482.0798968
476.2640519
473.7314079
462.0139734
475.7132628
467.6231752
467.6231752
467.6231752
467.6231752
481.2184295
480.1047874
484.1726619
485.6296715
487.6558904
495.4765506
494.4412591
489.5737935
492.8298832
501.8542108
502.0761609
495.5542526
494.6882451
485.4192665
482.0814535
486.2963001
492.2547069
488.2400174
488.2400174
482.047467
480.3280347
480.4607378
484.9131009
491.7962781
486.2239166
481.0539452
492.1716864
492.1716864
495.0851868
499.4852729
496.0320096
494.577724
503.4562469
501.9865247
501.9865247
504.8784917
509.6594344
519.748889
527.3900173
530.4804552
522.9301305
522.0492052
514.4934323
515.6061663
514.9263063
509.8889082
512.6813803
514.093507
523.4422631
519.6377193
522.9909689
518.9398283
518.9398283
511.4103885
511.7183426
506.0017331
499.3000335
500.7047662
502.257898
505.3405527
517.9137469
507.6614943
507.8268867
503.236502
500.3493347
493.4016869
501.3835884
493.7948667
487.4096828
484.3130184
477.4448887
478.811873
467.5396358
465.8342133
468.9289319
454.2605079
469.2865686
466.4100382
455.7516338
457.0449374
444.6856507
443.561631
458.5390469
455.4182546
465.1633039
463.6383212
473.7369859
466.2813565
464.531051
460.8269101
462.6782671
471.873565
475.970756
468.7666527
463.0180025
470.1067851
475.4204858
469.802074
473.4632777
475.8724286
473.7176577
463.9069703
471.0999178
480.0395385
478.0767524
465.7159091
467.7484842
469.2276759
474.7852493
472.5378586
471.3108417
476.8071875
482.5939753
481.4870786
480.2875622
483.9403342
473.4130762
459.9336614
447.2182946
458.1772591
449.7774013
444.6229962
436.883281
447.1881997
433.4856673
428.2056936
423.9636059
427.6228638
457.6112929
454.8949661
443.1334269
442.7258482
446.034604
433.7098226
408.3902586
400.2101456
402.888724
389.2258858
403.4139583
360.4481291
354.8486562
336.352339
340.0668574
318.0223221
350.5789382
364.177695
344.5232418
329.4414018
340.619722
355.7762805
349.0958549
323.2393818
311.6445322
292.6109167
284.8006341
283.8330562
306.5378638
320.4292678
328.880754
334.5760896
362.3692752
347.5149631
325.5669392
323.7572221
334.3058838
321.4329078
309.5960015
307.8109312
309.6136434
304.2593405
299.8176144
289.9242957
274.9695808
269.5986737
283.8010154
291.4596559
289.486622
300.9959865
306.3487328
298.793349
298.5684154
298.367869
300.9709506
291.2565152
308.3994687
311.5341409
304.3566301
299.6846518
295.0711771
295.6479101
293.6179293
294.0354964
291.6166166
291.3378493
289.8545066
288.6238575
288.6238575
288.6238575
288.6238575
289.1247046
289.8537283
289.8537283
289.8537283
303.8553939
322.2950237
325.7807169
316.0103724
318.5134402
318.5248556
318.2652868
313.0037333
295.9257693
299.9591384
305.4658617
300.7348611
295.110093
297.4063879
295.7842453
291.8104175
300.9843117
297.3572242
302.7316337
301.1280409
307.8724183
301.924908
306.1560993
310.8109546
304.9022304
311.6833183
311.5709812
307.5773063
304.0630748
305.2350907
312.1142466
311.3225683
304.5043806
299.6627292
299.8826038
293.740644
295.3128446
287.5674217
282.0394244
289.0623095
278.6324709
268.3357245
260.0450905
265.9435668
255.523068
246.2355395
247.0100948
255.4303186
261.5944605
260.1052804
260.9120061
265.2205102
267.1373756
264.4035367
262.909557
261.6626929
263.084808
264.6928112
267.0242601
273.5326776
271.4249949
267.5391169
267.3860479
278.0544407
286.5942659
274.6550109
280.0016604
274.4601722
271.021178
271.021178
271.021178
271.021178
276.6093652
274.9929303
290.8240303
301.4270444
294.0240811
291.6490464
300.0320407
303.6876665
309.1297896
306.3990639
304.8573474
310.7599748
316.9171118
320.6278684
334.6963396
332.8766341
340.084629
339.255851
339.255851
342.5179078
338.3066933
332.6435282
332.3865538
338.6505797
347.0726196
351.2547769
354.4414667
354.4414667
354.4414667
350.2668331
344.0661103
345.2274891
337.102507
335.0914652
335.0914652
339.8141638
336.0909541
338.9168939
338.9168939
333.8069825
339.9925282
345.3324322
348.4759254
348.5498655
346.9082649
344.3168581
334.9930081
338.3471658
340.0090025
330.1833975
326.7406414
337.2886545
332.4935724
325.96894
338.3638996
338.8142858
343.0209601
338.6965004
334.4375491
331.105833
330.9207232
330.6769802
329.9467891
328.3961219
327.8142001
329.7265253
335.9700555
338.7081752
342.3229393
345.0802575
350.0635626
349.3813676
354.5992056
355.3129224
356.7244005
358.2613174
347.7998272
358.5762764
359.1657219
365.3757845
365.9553713
370.2678968
372.3842707
370.3293838
370.4367916
366.3345415
370.4571575
378.295719
379.8020221
374.7897895
371.1016041
367.1037782
373.5715935
380.5069179
384.4252258
387.153357
384.0682377
383.165779
386.6864965
382.8510794
383.592167
372.0079544
371.6178878
378.5180583
382.0217825
384.1190877
385.9063633
386.9080574
385.1194847
383.7632671
383.1215446
389.8982221
386.7056949
387.3037019
386.4029296
390.5627752
386.5004787
376.5425597
378.7195127
383.9248976
383.273965
383.6670152
379.913062
373.2322472
372.7141475
378.0905027
375.7733229
376.7366201
374.5184163
377.9606535
374.3972582
381.6698534
382.3556805
382.4375336
384.5881535
383.6903647
385.4816616
379.1492734
381.6627189
376.4729003
378.4646138
372.1618018
371.9698169
369.1949866
371.562757
370.9037818
373.5841763
376.923027
376.1402994
381.8441965
380.2507219
382.5868407
379.4367319
379.1835194
385.9172597
382.2616339
384.762756
380.3113009
379.0667718
383.3813728
376.8859272
376.3907878
373.0604986
374.0082294
374.5269778
380.5433691
386.1852602
383.5589588
386.2896844
385.4762133
381.6554546
380.6742561
378.4758994
378.7237934
376.7377876
377.1787042
381.8890794
379.4840795
379.5488096
375.4478566
377.9810194
378.5441319
378.5441319
378.5441319
377.2682107
379.151349
379.6673732
379.6673732
379.6673732
392.0536416
388.0815002
389.9665843
395.3330808
397.5278054
405.6050508
402.2489473
401.6440652
406.6884682
403.9294637
405.0193671
406.1689415
402.0468443
394.6951202
392.2448482
395.8410625
395.9764896
397.0798839
400.0282789
404.4264192
408.7071634
406.6370993
410.7830649
406.1837295
400.6100709
395.3535765
399.3883725
396.451782
400.0630437
402.127011
402.9391849
406.7132446
409.6901779
411.2315052
411.3229575
413.0379793
409.9728367
411.2933815
406.1640122
406.4416119
414.1674471
416.6626021
421.1403902
416.752368
423.7997701
424.6459306
423.3148786
427.9812789
425.045337
424.8721614
423.3124139
430.2900269
432.2629311
431.9213796
434.746541
433.3446622
439.7441153
444.0672777
445.379261
441.1804995
439.4407013
439.7339972
439.6556466
439.6556466
439.6556466
439.6556466
449.7270701
456.3563862
450.7606753
451.613192
455.7716106
452.6215018
458.1776483
464.2275073
461.5154613
458.5193295
467.4237963
468.665731
460.6846077
467.6951695
475.803807
470.0356988
460.5022221
472.3305668
472.3305668
475.3078893
469.0779796
458.9964379
450.8510898
432.5071929
456.810664
457.1877586
470.022208
470.022208
470.022208
467.3366247
469.379318
457.282843
442.5387926
437.8944446
437.8944446
430.0902588
444.7707467
454.6368243
451.7836434
453.3610328
452.4066863
456.8967977
468.2479044
464.061596
458.5428087
455.4849305
458.8568597
468.3976007
468.7740468
477.9116195
478.1316238
475.2739028
475.09943
485.7845566
490.5407228
485.0570896
481.4083389
474.3168321
469.9917239
471.4543115
456.1099191
458.8873438
447.8597576
455.4787039
457.2610502
467.7503003
470.702068
473.650463
472.8857664
474.6805657
476.5177832
480.5943489
483.5619424
476.8481789
472.9408972
467.9216598
472.2845164
476.8555729
478.5545094
480.1029714
480.5178144
479.2533085
480.9985549
476.0142121
487.0783791
492.9968322
491.1160289
492.1622169
485.8961154
492.9865844
487.7103726
478.1955755
480.9212421
481.5210652
479.2500655
484.7274723
474.5716013
470.3257517
464.6659593
466.4695795
459.2806534
450.2912203
459.4277553
460.5079298
461.6306522
464.2066224
478.5069024
475.4654985
476.0350969
474.5735471
476.0212169
476.6109219
485.059684
486.4301707
489.39504
489.28867
485.8854784
482.0038812
481.187686
483.4935802
485.0297187
484.7218943
483.2245419
486.7164617
484.2450454
483.8510872
482.9056913
484.6912805
478.9378306
474.4582264
478.3142689
485.9934051
486.2994134
482.9936411
489.0638661
489.2947669
497.8227876
491.3277312
487.8310118
477.9802411
470.5958277
488.6813232
493.8179568
491.2044976
495.1417445
486.1898004
488.8699354
494.1111229
492.5703145
492.7057416
496.3725233
498.0128267
502.2004322
500.0577252
499.932935
502.7091922
502.3432534
502.7612097
501.3302737
502.9498219
498.2364631
499.4237859
499.8720966
501.6850566
499.6300399
497.7620788
500.3194992
498.08067
496.6457126
489.9844855
492.2844126
501.8252834
508.5442357
504.9425732
507.3907697
509.809909
511.37731
505.2601266
518.0411315
519.4398971
519.3419588
521.2427389
520.0883649
526.0427504
522.9707327
525.2157884
523.836351
531.63444
531.63444
528.9098112
532.5010961
531.3017094
527.8625855
527.8625855
531.50031
539.7202469
541.3820837
544.3225657
538.6901442
538.4457526
543.5941906
540.1946312
529.8261499
529.5885037
529.8554665
544.4570849
538.456649
530.0606828
524.8254624
528.0884272
528.9693525
531.6657024
535.092503
532.565437
527.0753177
533.9359237
527.7939639
525.2919338
525.7271428
528.2584895
527.1879143
536.3437775
529.1248862
533.5721902
542.7896702
543.5700628
542.8402608
539.1775004
542.4666686
539.3493788
538.6203551
535.2449234
534.3575122
544.6803322
549.3375224
545.5884985
541.8599704
546.7670004
545.2250245
543.6100164
543.8703635
546.2171193
541.6263455
536.1170278
534.2910958
520.9299852
520.2746422
523.8642407
535.7527753
532.4545268
530.3395798
533.7182544
535.7702875
532.671807
532.3991366
533.146321
543.5478808
543.2008811
545.1829953
545.0105981
547.5977242
549.8704102
544.6421946
546.0482245
544.8823055
539.0637364
539.2168054
534.9271106
535.0321834
530.0889616
530.801511
540.1012331
540.1012331
540.1012331
540.1012331
536.4314679
528.7960472
528.7794431
534.5094137
540.4525136
534.7229321
528.4048131
523.5217812
529.8507966
529.4305054
525.6700662
529.8258905
530.7504015
535.7355227
534.7168353
531.4616536
531.7131798
533.5064224
533.5064224
524.7057313
526.3209987
526.3931228
520.3828282
522.1305393
523.2117516
525.3078893
523.4736553
523.4736553
523.4736553
518.3541447
515.5372853
505.3239486
506.8395914
506.5495386
506.5495386
508.849336
499.2394545
487.6804074
488.0284449
480.3458063
488.1837192
483.973283
476.8575187
478.9859566
478.603284
478.875695
487.97059
496.0081412
501.7386307
506.9665868
505.9633361
501.8072524
503.9657852
503.7844373
497.2352879
492.0051265
498.2962638
495.0850571
497.5785257
494.4127208
496.0422574
494.802528
497.3908216
502.4475479
499.7646888
493.7249479
490.6393097
488.7784832
482.398488
479.8958093
467.1316679
456.8979652
447.7712889
430.3247917
418.3283305
427.8985178
416.9422774
414.8622249
427.5377678
436.4146043
429.7212068
426.4503291
407.3464056
403.3138149
398.6632403
391.4734062
393.9467683
386.3253573
388.8504775
399.7415987
400.63822
416.078994
419.756283
407.553438
396.0416088
397.9065864
411.1927191
414.8095588
403.4808936
391.8756664
391.7814901
394.876987
404.8125942
402.2990191
394.3147826
403.2014778
404.9022304
392.5636988
392.0203037
394.6014627
410.4635657
404.4450988
407.6808225
405.0073032
404.8791403
396.8088998
397.1796382
395.8428785
396.257981
403.3439098
399.0143911
408.4059546
403.5807776
402.5581987
394.4723918
398.5152304
395.055481
395.2168521
402.824902
407.8394695
410.4778348
413.4097554
429.4830418
433.0809424
418.649516
409.4771784
407.886428
417.4001873
419.6015276
421.7469587
427.958578
426.9361287
421.6102344
429.4945868
432.6200489
434.2434887
434.8784658
434.8673099
432.287967
425.1557283
421.6932548
419.9107789
415.9665272
419.9940588
428.6863045
431.4875975
446.4826552
437.8656469
444.3693945
445.8549424
446.6442857
447.1953342
443.6442624
441.5998827
438.7660301
443.2410941
432.4076981
435.7331877
434.1316705
436.6338303
441.8366209
441.5867811
437.7562933
443.684216
443.684216
444.8828244
447.443358
448.1271096
452.5207097
462.1434335
463.7223795
455.9984901
463.8157775
462.5935602
469.1415422
470.5975141
465.0294334
464.2812112
462.4843364
467.1017027
467.7076226
468.308224
470.6016651
466.1208934
466.8231949
462.8585772
464.1355361
468.2573739
463.7746564
460.1365428
468.6497755
477.4661627
487.1176841
498.1191967
496.7825667
502.7747005
504.0979694
504.6807992
504.6379917
513.834068
510.5013141
523.9642545
518.6281123
520.3860712
527.3732835
523.3187702
521.2767255
524.6115549
527.0623458
519.9219348
526.242259
524.5151733
528.2560248
528.2071206
526.5151889
514.2020823
517.1404888
517.8351369
527.2928574
527.9279642
532.0523963
529.5446585
528.9615693
531.0635444
530.9499101
530.1888457
530.0851998
521.8774566
518.4436511
525.0445587
517.0055805
521.9776
509.1170771
515.5811305
533.9526576
541.4440896
528.6739811
528.6739811
528.6739811
528.6739811
524.9248275
523.3550916
530.2727742
526.6823973
533.407187
539.128207
538.948286
541.727397
540.6014316
532.1099918
532.3289583
533.3242962
532.9739238
528.1456335
533.8583515
534.3616632
535.1698158
542.8643886
542.8643886
536.3519498
534.9490332
526.0557223
527.6196209
530.2189406
518.131546
513.7121316
515.976775
515.976775
515.976775
518.0637027
522.7861418
512.0491274
513.3568299
518.6833728
518.6833728
517.4628418
506.985007
502.8137461
488.4150091
483.7142331
483.7142331
498.045516
504.9154618
496.1113979
504.0022364
503.312388
503.4435344
500.6287505
502.9110358
505.3532652
513.3323129
514.1395574
512.6079591
512.0785737
505.055948
502.1669646
508.0461127
509.9370341
522.7075318
529.0471842
536.7145159
536.693631
540.8289596
539.2834813
537.536289
544.9709039
540.3085249
539.2863351
540.8909656
547.1237291
548.7624758
551.3785293
558.362758
554.1652938
543.7514107
544.6008141
547.6420883
554.1541379
567.5660986
569.1779933
568.1919953
565.4922726
563.095445
570.8407382
572.4475739
573.0141887
571.8001437
576.418937
573.0192478
572.7882173
583.7916756
588.0117111
582.61032
577.9300397
579.3796553
577.6515319
574.3414789
575.5247803
571.7272414
573.9914956
570.871352
573.3453627
571.7779617
573.6988484
578.3588924
572.5473282
576.9208218
583.9543439
579.4637136
576.797718
577.9952886
570.2549248
565.2995094
567.1004055
564.3772036
565.9386375
568.0454122
575.7499734
580.9763729
580.8057917
582.6497547
575.3395408
575.4845673
574.7126064
582.2039087
583.500585
583.6077334
587.6544635
590.5817142
589.7448936
585.2271519
580.8947793
579.4211656
575.0570117
582.4541377
588.4574274
586.8712171
587.3086313
592.1910146
591.1690842
584.9238676
583.2312873
586.2546602
575.6524243
577.8381982
570.7225637
566.1221906
564.4581486
569.940355
569.8645988
548.5682857
553.3810096
549.6917864
572.1093951
568.3876123
567.7077523
567.2417998
558.3807891
556.8834366
559.7703446
564.1897589
564.8905038
570.616972
573.130158
568.6064491
570.9327093
569.1102798
573.8818826
573.5846952
577.3918334
576.0441773
577.2204739
580.1408495
582.364242
583.6843976
587.8280282
585.470376
582.0760053
582.9639354
576.6450381
574.7288213
576.7331177
577.7820297
579.8098052
579.8098052
579.8098052
579.8098052
581.1188049
579.6162637
579.6162637
579.6162637
591.278308
593.822497
599.5776332
599.7965998
605.4573002
608.7276591
609.0701186
609.7870784
608.5439762
614.9362947
618.6058005
620.3562357
618.3743809
623.986696
625.0653138
628.8443028
627.542308
633.6196676
630.2186812
630.8851801
633.0191959
626.6568426
641.4125677
642.353164
647.9743
647.1490244
648.8767587
652.7036142
603.0074174
604.7592795
609.52271
614.9484884
615.5274266
611.5593065
617.3191126
624.3912912
618.9599348
622.6897602
627.5194774
629.6067942
626.4460484
630.3077985
633.4607611
643.8586887
650.5177106
644.4897742
637.1119765
636.6840318
638.9633335
637.6879312
639.3268076
637.7409864
638.8018327
624.6338667
626.1657245
621.9931664
616.1511181
612.7110861
615.4477788
617.4666037
612.3380127
612.3380127
612.3380127
612.3380127
619.0205138
623.8179309
614.729911
603.8446271
611.2443475
610.4931417
614.8269412
620.5532797
613.1492786
612.4694186
608.0422211
601.6667661
600.1727864
601.5768705
601.2589279
607.5540866
615.5633589
616.9516172
616.9516172
617.7264319
618.4742649
614.2976855
615.172514
614.6174442
618.1471123
618.4544179
622.0667173
622.0667173
622.0667173
627.0319914
632.2613745
633.7224054
627.3978005
626.9343126
626.9343126
626.337992
629.2492872
617.65794
617.8343585
620.3004564
624.9272922
613.9230556
615.0078999
604.096283
603.560282
608.9374155
608.9374155
598.7543034
596.8641603
600.7165706
598.9172312
600.5090194
599.3240316
598.8154013
591.7515249
590.9956492
584.8844329
576.03367
573.1919045
560.6032736
571.2925512
579.4974406
588.4486064
579.736384
588.1968208
588.7937901
585.7963611
596.2106334
597.7053914
604.1629589
601.002213
608.3320145
610.1020374
610.2413561
608.1737567
602.7721062
609.7261102
609.700296
606.382849
604.0476382
608.7358314
614.0220316
610.3835287
611.0561244
613.3865356
614.7418452
614.5305321
630.1879376
629.548161
633.4694524
627.825356
624.3471865
626.6119596
630.0736547
633.6454817
640.605842
637.9655309
634.7927212
643.0170685
644.0519708
641.0684219
638.4070962
638.3788173
635.4676518
636.9145434
629.7243201
624.9911142
627.9149922
621.6370863
632.2350414
623.7612434
622.9504964
621.9184479
618.912198
622.9711218
633.0241252
633.0477342
632.9133448
630.6410479
637.5527634
636.5953036
636.6863667
646.1880622
647.1098491
638.5957084
638.7365838
633.7362854
634.1445127
635.9067524
632.1914556
631.0421407
628.0486033
629.4856362
627.6921341
628.7030383
625.8868275
621.8900394
633.1507315
633.1219338
634.6282368
632.1808186
642.3653576
644.580059
645.7532423
649.2583935
658.5845784
657.0138048
662.8786837
660.8341743
660.1082639
662.620023
661.4089615
639.9524448
641.7495791
642.8972077
639.9813723
648.087156
650.3351952
648.1345036
651.5480728
648.4127519
650.5675229
655.5494011
656.2081168
660.3810641
656.0586799
653.1555571
653.54731
649.6901001
653.1136576
650.9683562
654.2020044
666.2120862
669.1058693
669.2066614
668.2250737
660.6830511
662.1394122
660.4517612
661.5175368
660.2932439
660.4928823
653.5220147
651.744079
654.1511544
650.4559641
654.6289114
667.2436159
673.92469
674.1461213
674.1461213
674.1461213
674.1461213
681.4124899
684.5179752
684.5179752
684.5179752
688.2410552
696.5777396
696.2955997
703.8478701
707.5848301
710.708087
715.1425488
716.3502375
715.8008753
718.3991573
719.0002776
718.0096096
720.7173749
726.695499
720.8495591
717.2152073
710.7981123
696.2804225
698.0525208
693.7528376
710.6899262
722.7263411
725.5044144
715.3203942
729.195713
740.3829839
751.0259517
756.2808895
755.1597236
756.8035294
762.3023399
767.0913251
769.0831684
767.9775689
775.3504373
774.1611687
781.7395128
