100
99.92455867
99.36428104
99.81089373
99.81089373
100.4083891
100.4063773
100.6045365
100.7735251
100.7735251
100.8560076
101.6436151
102.7339939
103.0146356
103.0146356
102.4996228
102.2964341
102.9784238
103.1152241
103.1152241
102.4292109
103.6322487
102.6424584
103.1031534
103.1031534
102.8295529
102.7712116
102.9864709
102.697782
102.697782
102.7953528
104.1573203
105.1772871
105.7999296
105.7999296
106.7132726
107.632651
107.5461449
106.631796
106.631796
107.2946738
108.1044108
109.3084545
109.3084545
109.3084545
111.4147764
111.4228235
112.2536841
112.4649198
112.4649198
113.7504401
114.9967309
114.6839008
113.8067696
113.8067696
115.334708
115.9362269
114.8136599
115.7159382
115.7159382
114.4062767
114.0924408
113.4627571
113.7987225
113.7987225
114.6406478
117.5637479
119.0293215
117.3494945
117.3494945
115.909068
114.7834834
114.4535533
114.2775235
114.2775235
114.2604235
114.752301
114.560177
113.1901625
113.1901625
113.1901625
113.1901625
113.1227682
114.2000704
114.2000704
114.3720766
113.4104511
113.5573103
113.6760046
113.6760046
113.0433033
113.1117035
113.1117035
113.1117035
113.1117035
111.905648
111.9187245
111.7638183
112.3955138
112.3955138
113.2515214
113.7383695
113.6136398
113.1388623
113.1388623
113.9586582
113.9586582
113.7725695
114.2805412
114.2805412
115.2029372
117.2438767
115.9835035
114.0853996
114.0853996
112.6701202
112.7515968
113.1529447
113.8067696
113.8067696
113.4969572
114.9021777
115.1234723
114.8408188
114.8408188
113.707187
116.5216517
116.7057285
115.8034502
115.8034502
114.5491123
115.2733491
114.3620178
114.5752653
114.5752653
114.3791178
114.4002414
114.0532113
113.1459035
113.1459035
111.6722829
111.6813358
111.7115123
111.5747121
111.5747121
111.5103355
111.583765
110.6291807
109.5961374
109.5961374
109.1062717
110.0467736
111.0938993
112.2657547
112.2657547
111.4379118
110.6392396
110.6392396
111.4127647
111.4127647
110.6432631
110.2771212
110.9118342
110.8142634
110.8142634
110.2620329
110.2409093
110.1010914
110.2901977
110.2901977
110.2107328
110.1634562
110.478298
110.4622039
110.4622039
110.4994216
110.4239803
110.1544033
109.7248906
109.7248906
109.8888498
109.6263139
109.4311724
109.8818086
109.8818086
109.1736659
109.5327667
110.2217975
110.1775386
110.1775386
110.8715989
111.4047176
111.4630589
111.6340592
111.6340592
111.8281949
111.9629835
111.5123472
111.4188
111.4188
110.9470402
111.4218176
111.3413469
111.0576875
111.0576875
109.7530554
109.5679726
109.6323492
110.1976563
110.1976563
109.982397
110.060856
110.6321984
110.2137504
110.2137504
109.7701554
109.9160087
109.817432
110.0638737
110.0638737
110.0306795
109.8576674
109.9160087
110.2338681
110.2338681
111.9297893
112.0937484
112.393502
112.2858724
112.2858724
112.3613137
112.2436252
112.0836896
112.2134487
112.2134487
112.1913192
112.0253483
112.0203189
111.5706885
111.5706885
111.4469647
112.436755
112.4478197
112.6117789
112.6117789
112.3753961
112.5353317
112.4619021
112.2898959
112.2898959
112.4699492
112.0655837
111.8523362
111.8674244
111.8674244
111.6290298
111.2427702
111.7225771
111.7336418
111.7336418
111.2960821
111.0043756
110.2318564
110.1996681
110.1996681
109.5327667
109.8315144
109.4613489
109.9381381
109.9381381
109.1002364
108.9563949
108.9483478
109.0680481
109.0680481
107.902228
107.5069155
107.5471508
107.3902329
107.3902329
105.6027762
103.307348
102.9754061
103.5397073
103.5397073
103.9752552
104.2659558
104.3615149
104.6230448
104.6230448
104.8111452
104.9720867
105.4116582
107.0995323
107.0995323
106.2787306
106.2787306
106.2787306
106.9667555
106.9667555
106.6388372
107.0512498
106.8963436
106.5996077
106.5996077
106.0413418
105.2205402
105.0193633
105.0636222
105.0636222
104.9398984
104.6512096
104.4319268
104.1844792
104.1844792
102.4271991
102.9844591
102.7400292
102.9824473
102.9824473
102.6756526
102.3789167
102.4986169
102.3336519
102.3336519
101.5641503
101.5440326
101.2342202
101.1597847
101.1597847
100.7383192
100.3339536
100.5632953
100.8590253
100.8590253
100.8590253
100.2454358
100.3973243
100.5079716
100.5079716
100.235377
100.1961475
100.4254891
100.4254891
100.4254891
100.4254891
100.2836594
100.2836594
100.6387366
100.6387366
100.8710959
100.783584
100.8912136
101.3559322
101.3559322
101.0119197
101.0893728
100.7192074
101.4504853
101.4504853
101.4655736
100.896243
100.9686667
100.9304431
100.9304431
101.6868682
102.3245989
102.1224161
102.0137806
102.0137806
102.9975356
103.2852185
102.6997938
102.8345823
102.8345823
102.9231001
102.57607
102.5529347
103.1433888
103.1433888
102.7551174
104.0607554
103.8837198
104.2569029
104.2569029
102.5519288
101.5611326
100.6679073
101.7955037
101.7955037
102.0238395
103.1081829
103.2480008
102.7581351
102.7581351
102.55897
102.4503345
102.819494
105.4368053
105.4368053
107.5320626
107.2705326
107.5129508
108.1577227
108.1577227
108.5932706
108.5932706
109.6796258
111.149223
111.149223
112.3009606
112.2989489
112.4277021
112.7717145
112.7717145
110.870593
110.7016044
109.8626968
110.3455213
110.3455213
110.6674043
110.6593572
111.0667404
111.3976764
111.3976764
111.6803299
112.0042247
113.2666097
113.5291455
113.5291455
114.6285772
115.4523965
116.6383343
116.8646583
116.8646583
117.7055776
117.9952723
117.7256953
118.4791028
118.4791028
121.5349796
121.679827
122.4996228
123.2761656
123.2761656
126.7022079
129.2732485
131.1331288
132.2396017
132.2396017
132.5252728
132.7425439
131.9086657
131.3775587
131.3775587
129.5760197
129.0549716
129.1092893
129.547855
129.547855
130.6603631
130.6000101
130.8997636
131.1502288
131.1502288
131.1975054
131.1200523
129.9793794
130.0236383
130.0236383
129.9874264
130.6171101
131.2115878
131.7416889
131.7416889
132.1440426
132.0173012
132.0836896
132.0836896
132.0836896
132.5463964
132.976915
133.0624151
133.2314037
133.2314037
134.3932002
134.4626062
134.604436
134.673842
134.673842
136.0971684
137.1483177
139.8078761
145.8462003
145.8462003
150.6754514
152.680179
154.6486949
155.8336267
155.8336267
156.5960871
156.2842629
156.9672585
156.6695167
156.6695167
161.0913846
161.7100035
164.5174269
163.8364432
163.8364432
162.4151285
161.9524217
161.5088266
160.1327767
160.1327767
158.7476739
158.2980436
159.0876628
160.348036
160.348036
162.7973646
162.8758236
162.8758236
172.1299603
172.1299603
182.0751396
182.0751396
182.8064175
181.8880451
181.8880451
182.3296283
181.8417744
183.1604889
183.2791832
183.2791832
188.4987175
195.1144194
198.4599909
200.8197958
200.8197958
206.84102
209.0278127
210.8142634
213.2917568
213.2917568
222.5086758
227.920334
235.4785495
237.0708646
237.0708646
237.0708646
240.9787255
246.3662425
251.3825881
251.3825881
255.0419957
257.5677715
260.3892773
260.626666
260.626666
268.947342
267.3610622
260.3822361
251.6934064
251.6934064
257.5637479
260.8348841
257.9007192
258.6048383
258.6048383
258.703415
261.4846854
259.2194337
263.5276367
263.5276367
262.3577931
258.3211789
253.5563044
246.492984
246.492984
236.4120103
233.9224463
240.1508827
247.8338279
247.8338279
247.2363325
249.7409848
251.6823417
247.7644219
247.7644219
240.7725192
241.6526681
242.4432933
243.3475834
243.3475834
243.70769
246.4215662
246.4215662
246.4215662
246.4215662
244.4812151
244.7819746
247.284615
248.0319871
248.0319871
248.0319871
245.4941407
244.5747624
244.5747624
244.5747624
244.2921088
241.6043857
238.0194136
238.0194136
238.0194136
227.9042398
225.7999296
227.3499975
232.0082483
232.0082483
232.0766484
232.3049842
233.1298094
230.4491274
230.4491274
227.5230096
228.0742343
224.6260625
220.9264196
220.9264196
218.1320726
221.1215611
225.2155107
226.7333903
226.7333903
223.8424785
223.1051652
223.6010662
222.6002112
222.6002112
224.4379621
223.7328371
222.8144646
221.2784791
221.2784791
220.5119952
219.6559875
219.7062817
220.55726
220.55726
223.1484182
223.1484182
221.6677564
220.5492129
220.5492129
221.5943268
222.1535986
220.8721018
220.9777197
220.9777197
219.5272343
217.4531006
218.6661973
218.6661973
218.6661973
210.3887743
209.5679726
209.5679726
211.7859478
211.7859478
211.0607051
211.3292763
211.6602122
211.4067294
211.4067294
208.5097822
209.4030076
209.8908615
210.0950561
210.0950561
209.3808781
209.6615199
209.965297
210.470251
210.470251
210.4008449
210.8062164
212.8743147
217.2318061
217.2318061
225.4156817
226.9949203
225.4810642
224.2840618
224.2840618
222.4895639
224.3937032
226.8963436
226.2767188
226.2767188
230.9420108
232.4095961
231.7286124
230.0568325
230.0568325
229.5770256
230.3626213
231.7789066
232.6238495
232.6238495
233.3148921
233.1167329
232.1651662
231.8281949
231.8281949
230.7237338
231.8724539
230.8987577
232.4860434
232.4860434
230.069909
229.4824725
229.9733441
229.6273198
229.6273198
226.1519891
224.377609
226.1469597
226.5804959
226.5804959
226.7907257
226.0674948
226.1308656
226.6066489
226.6066489
222.3799225
216.0549213
222.6917467
223.8012372
223.8012372
223.0015591
222.0771513
221.1879495
220.0583413
220.0583413
216.5286929
216.3848514
213.6226928
211.0073933
211.0073933
210.4752804
204.4600915
202.402052
203.7921843
203.7921843
208.0510989
207.2805915
207.0794146
206.5402605
206.5402605
201.3810793
199.4920284
195.5580144
197.4531006
197.4531006
192.0283659
185.8059649
194.1940351
201.9463864
201.9463864
204.1160791
202.3688578
198.9579037
200.0603531
200.0603531
200.8932254
201.679827
202.2028869
202.2028869
204.1050143
205.0535633
203.9209375
204.4027561
204.4027561
204.6089624
204.6250566
203.3133833
201.8689333
201.6747976
201.6747976
199.6217875
198.9699743
197.8262838
200.0100588
200.0100588
197.2348237
197.8806015
196.3697631
194.2684706
194.2684706
192.2054016
189.1314188
189.1314188
189.1314188
189.1314188
183.4190012
186.7062315
186.4799075
190.1523915
190.1523915
192.3854549
188.5349293
188.3387819
189.147513
189.147513
188.9694714
188.1878992
189.4613489
189.2853191
189.2853191
188.2210934
188.7230297
189.5327667
189.939144
189.939144
191.4016999
192.8129558
194.3288236
192.5363376
192.5363376
192.419655
192.4850375
193.3541216
193.8711462
193.8711462
195.1928783
195.6626264
195.6415028
196.9380878
196.9380878
201.696927
200.6407484
199.1711512
199.7857466
199.7857466
200.6498013
200.0181059
199.6509581
198.3443142
198.3443142
197.9972841
197.9972841
197.9972841
198.5515264
198.5515264
198.5263793
197.2660061
197.7468189
197.4007946
197.4007946
197.4007946
197.5707891
196.3506513
193.7474224
193.7474224
193.9455817
193.2947744
193.2857215
192.2637429
192.2637429
188.4232762
188.3236936
189.2491073
188.520847
188.520847
187.7392748
186.9436202
184.6260625
183.681537
183.681537
183.2389478
183.2047478
182.523764
180.3460242
180.3460242
177.6522658
176.3496454
173.847005
172.6228436
172.6228436
169.5579138
166.327013
164.9690691
168.4222703
168.4222703
173.4446512
173.8077755
173.2525273
172.2023839
172.2023839
170.4139214
168.3106171
167.1236735
165.814012
165.814012
159.225469
161.3307851
163.1625006
166.831967
166.831967
165.5766232
164.2719911
164.2719911
161.8357391
161.8357391
162.4442992
161.1386612
160.2011769
158.4730674
158.4730674
157.728713
158.0033194
157.9127898
156.58804
156.58804
154.099482
156.4311221
160.9123372
160.9123372
160.9123372
163.4924307
164.7397274
164.4872504
162.2260222
162.2260222
162.4322285
161.218126
160.8057134
158.8703918
158.8703918
160.0814766
158.0345018
157.1292059
153.4526983
153.4526983
151.9539305
148.9111301
147.7905749
148.4916763
148.4916763
144.7759392
144.8865865
141.0853493
140.4838304
140.4838304
143.0800181
147.3419504
147.720163
151.2648997
151.2648997
154.4143238
155.074184
153.0282151
152.0736307
152.0736307
151.9328069
152.0555248
153.3098627
153.3239451
153.3239451
152.5514258
152.9286325
153.9727405
153.8168284
153.8168284
154.5350299
154.3368707
153.8158226
152.9658502
152.9658502
151.3503998
151.3503998
150.5145099
149.1656189
149.1656189
149.6021727
149.4321782
148.7783534
146.4728663
146.4728663
147.6095157
147.084444
146.4909722
145.874365
145.874365
145.1018458
144.1180908
141.2905497
141.2070613
141.2070613
139.199316
140.8861842
140.7363074
140.4134185
140.4134185
141.6758035
141.9554393
141.5782327
139.5543932
139.5543932
138.7567269
139.0242921
139.16411
138.5646029
138.5646029
137.8977016
138.2014787
137.5919127
137.1030529
137.1030529
137.2800885
137.4058241
137.0507469
136.7328874
136.7328874
135.5197908
134.7392245
134.5792888
135.0943017
135.0943017
135.1365488
135.6988382
137.0316351
138.2598199
138.2598199
139.6499522
139.4387165
139.330081
138.320173
138.320173
139.1097923
139.4417341
139.7696525
139.9165116
139.9165116
143.2661067
147.9987929
154.0542172
154.0300759
154.0300759
150.722728
154.6165066
158.6098677
156.414022
156.414022
160.1257356
160.1257356
160.1257356
164.1915204
164.1915204
173.8983051
173.6186692
179.347181
185.3462757
185.3462757
197.4641654
189.3416486
187.6658452
184.7135744
184.7135744
180.4918775
176.0448624
173.8651109
173.7544636
173.7544636
181.1094905
181.0873611
179.0826334
178.8200976
178.8200976
178.8040034
176.4653221
176.1736157
175.3286727
175.3286727
176.4301162
176.8133581
175.727003
171.5063119
171.5063119
175.4081376
176.0931449
175.5509732
173.9204345
173.9204345
173.8459991
172.6238495
170.9721873
170.2187799
170.2187799
168.8055122
168.9081125
168.3709702
172.0766484
172.0766484
172.0766484
172.0766484
172.8381029
172.2476487
172.2476487
172.3331489
171.2809938
171.6219886
171.8613891
171.8613891
171.8613891
172.5343258
171.2387467
171.2638938
171.2638938
169.477443
169.1766836
171.4006941
174.7372127
174.7372127
174.8629482
174.0652819
172.7073379
171.0204697
171.0204697
171.2387467
172.0726249
171.4177941
175.2824021
175.2824021
172.4277021
170.130262
172.4266962
172.7878087
172.7878087
173.4848866
172.3713725
172.0424483
172.5966906
172.5966906
173.0764975
173.4355982
171.5133531
167.7312277
167.7312277
167.9253634
168.1355932
166.8188905
167.3972741
167.3972741
168.8668712
174.1920233
178.9146507
175.2572549
175.2572549
178.5977971
180.2504652
177.6995423
176.2088216
176.2088216
180.931449
182.01881
183.8937786
184.7890157
184.7890157
179.7978172
175.9724388
179.747523
179.747523
179.747523
181.4293618
178.0385254
178.7597445
181.2603732
181.2603732
186.5141075
186.2364834
187.2081678
185.2668108
185.2668108
182.5650053
178.9257154
175.7280089
179.1389629
179.1389629
175.9412563
176.7640698
175.9110798
176.8857818
176.8857818
175.526832
173.4054217
174.3660413
172.2949253
172.2949253
171.1693406
169.9431675
169.0589951
168.0189106
168.0189106
163.2691244
162.7480762
167.6175627
170.0095559
170.0095559
168.1536991
164.108032
165.456923
166.0906302
166.0906302
166.3823367
166.6790726
165.6762058
164.7849922
164.7849922
163.6604134
163.1614947
162.6997938
163.6503546
163.6503546
173.873158
169.4734195
169.0992305
167.8177337
167.8177337
169.2591661
171.6964241
173.1961978
173.3440628
173.3440628
174.6396419
175.5197908
174.7834834
176.2239099
176.2239099
182.8054117
182.8365941
182.9432178
187.5059096
187.5059096
199.5574109
202.7219233
195.6032792
198.4408791
198.4408791
199.3753458
194.6547302
193.7323342
189.3838958
189.3838958
189.1455012
193.7735754
190.7016044
193.4607454
193.4607454
193.7444048
195.605291
195.8296032
194.812654
194.812654
197.6321481
198.2326611
199.5232108
200.4677363
200.4677363
203.2822009
201.1567671
202.166675
200.9294372
200.9294372
203.7680431
205.4257406
207.5320626
208.0018106
208.0018106
216.4321279
216.1776392
217.1322235
219.9879294
219.9879294
228.0953578
237.7850425
247.8992104
257.0316351
257.0316351
255.987527
244.5737565
240.8308605
235.4936378
235.4936378
224.8855806
226.7404315
234.8971483
231.9720364
231.9720364
245.9246593
250.4310215
249.9773676
252.8743147
252.8743147
270.0155912
273.7675401
265.8190414
270.9953226
270.9953226
270.9953226
277.3042297
277.0678469
268.9835538
268.9835538
278.5676206
281.2825026
288.9503596
286.4537545
286.4537545
279.6881758
281.2523261
278.3956143
270.3746919
270.3746919
278.7516974
276.1716039
269.0529598
266.8178846
266.8178846
264.5425741
262.9311472
269.6192727
273.8128049
273.8128049
282.5318111
277.9801841
275.0872605
266.7957552
266.7957552
263.4874013
258.3885732
255.9392446
245.9055475
245.9055475
258.4086908
253.1257858
252.2848665
249.5206961
249.5206961
243.3978776
251.0999346
255.2522255
250.3616155
250.3616155
250.5205452
251.1089876
251.1089876
251.1089876
251.1089876
246.4135191
249.1314188
246.4708545
245.9296887
245.9296887
248.8467535
253.2293919
252.3593019
248.3860584
248.3860584
251.514359
248.5560529
246.7977669
246.7977669
246.7977669
232.5705376
231.2196349
238.4982146
234.8176834
234.8176834
219.3803752
217.5778303
215.038978
208.3941055
208.3941055
203.3113715
203.3113715
212.2939194
218.9750038
218.9750038
218.9750038
218.2527788
213.0513504
218.3050847
218.3050847
220.87009
225.0284162
225.9588593
225.0264045
225.0264045
230.1704974
235.953327
239.6992406
229.7631142
229.7631142
221.3569381
223.464266
217.8363426
214.6205301
214.6205301
224.6200272
219.8310114
222.1224161
220.7473721
220.7473721
217.9972841
214.6849067
212.3391842
214.212141
214.212141
206.5714429
213.2293919
208.7602474
208.7602474
208.7602474
201.2563496
195.1707489
198.5223558
192.3261077
192.3261077
183.0015591
186.2234069
194.2141528
192.3663431
192.3663431
197.8775839
190.6161042
197.0225821
199.0987276
199.0987276
198.1642609
196.55384
191.1804054
195.3387316
195.3387316
192.3120253
190.0729266
186.1962481
183.4059247
183.4069305
180.7473721
182.2380928
176.7982699
169.0881658
169.0881658
173.5482573
172.6962732
166.440678
161.8397626
161.8397626
154.9635367
149.3838958
153.8459991
154.2614294
154.2614294
165.535382
163.6734899
170.2046975
173.3521098
173.3521098
176.6162048
173.3571393
177.3847005
174.7945481
174.7945481
173.4959513
171.9267716
167.6115274
170.0095559
170.0095559
171.0033697
174.325806
175.1124076
179.9416587
179.9416587
173.9737464
174.0542172
169.3094603
166.8038022
166.8038022
160.5502188
161.0752904
159.9879294
162.8426294
162.8426294
164.2247146
162.0821808
159.3944576
154.3358648
154.3358648
154.1900116
150.7780516
148.0460695
148.0460695
148.0460695
140.4023538
137.319318
132.341196
127.6266157
127.6266157
133.106674
137.0054821
140.8047075
143.1775889
143.1775889
146.5352311
141.5470502
146.1389126
147.9223457
147.9223457
145.5243173
146.8440376
149.5025902
152.8733089
152.8733089
155.9865211
155.944274
156.945129
156.9732938
156.9732938
168.8980536
164.7246391
169.7158377
170.9822461
170.9822461
166.1519891
158.9739979
154.8307599
159.1178394
159.1178394
160.4466127
156.727858
157.0557763
157.2770709
157.2770709
156.4150279
155.6374793
158.9478449
158.5273852
158.5273852
157.8886486
159.8279938
160.2052004
158.0063371
158.0063371
154.4223709
151.7447065
157.2086707
154.0622642
154.0622642
154.2885882
155.7833325
155.7833325
155.7833325
155.7833325
156.0267565
156.5518282
153.2796862
154.2614294
154.2614294
151.0959111
150.8062164
150.3676508
155.0289192
155.0289192
153.5301514
151.2830056
149.6293316
149.5870844
149.5870844
151.3946588
149.5448373
151.871448
156.4954987
156.4250868
162.4080873
158.3865614
159.3320927
161.3509028
161.3509028
158.1713021
156.7198109
157.7669366
156.4210632
156.4210632
153.0211739
151.6803299
151.8664185
150.3243977
150.3243977
148.8548006
151.4640648
149.3396369
146.2042951
146.2042951
138.0345018
142.4593874
141.7975155
142.8134587
142.8134587
142.8134587
142.8134587
147.5733038
146.1409244
146.1409244
143.8686315
139.9678117
138.6400443
138.8412211
138.8412211
135.1154252
138.8673741
136.2520746
134.4726651
134.4726651
134.4726651
134.0914349
131.4288588
128.8206005
128.8206005
126.2475482
129.922044
132.7013026
132.7425439
132.7425439
136.1303626
134.6989891
139.6147463
139.3522104
139.3522104
139.3522104
134.7472715
131.0808228
134.4827239
134.4827239
137.5124478
137.3313886
137.2489061
135.4493789
135.4493789
134.7492833
134.7653775
136.6423578
137.1503294
137.1503294
140.5230599
142.1556103
140.4395715
142.9583061
142.9583061
144.9650455
143.1293064
142.8355882
144.7407333
144.7407333
142.7038173
143.6372781
143.8766786
145.1601871
145.1601871
147.5350802
145.4840819
143.846502
141.4193029
141.4193029
141.4193029
135.9493034
135.0269074
136.5226575
136.5226575
135.5690791
136.4814163
136.1313685
137.0889705
137.0889705
133.7323342
131.8382538
130.7991752
131.6984358
131.6984358
131.4489765
129.9813911
128.5681235
129.4372077
129.4372077
132.5232611
135.4423377
136.7479757
136.0126741
136.0126741
137.5174772
135.5600262
133.5060102
133.9405522
133.9405522
128.3106171
124.4540562
124.830257
122.9562943
122.9562943
123.6624252
124.1402203
123.3928482
120.6035307
120.6035307
120.2776241
116.8053111
115.2079666
114.7462657
114.7462657
117.5858774
118.5998089
118.6873208
120.9042901
120.9042901
124.9479455
127.5652568
123.7579842
121.5802444
121.5802444
123.7288136
121.644621
120.4506362
121.5701856
121.5701856
122.1535986
124.3484384
124.4852386
128.0651813
128.0651813
133.7403812
134.7281597
138.1924257
136.4371574
136.4371574
135.70085
136.9149525
131.3081527
132.1802545
132.1802545
124.821204
122.9633355
127.8720515
124.639139
124.639139
119.4004929
118.2889906
116.3898808
114.9645426
114.9645426
115.5107378
112.2446311
111.2940703
109.7460142
109.7460142
110.0075441
110.2107328
110.2690741
111.3755469
111.3755469
113.2394508
112.332143
115.2371373
115.8285973
115.8285973
117.1090882
116.475381
115.0550722
113.1167329
113.1167329
110.887693
111.9297893
111.6853594
111.6561887
111.6561887
112.4940904
112.6409496
111.4389177
110.9540814
110.9540814
109.1062717
107.9967812
107.2182266
106.1328773
106.1328773
104.4017502
103.7479254
101.6164563
100.9907962
100.9907962
100.4848363
99.65196399
100.2907006
102.1214102
102.1214102
103.2731479
101.3156968
100.8580194
100.6739426
100.6739426
102.0781572
103.1182417
103.7489312
103.7911784
103.7911784
103.7911784
103.7911784
102.332646
104.098979
104.098979
102.5680229
100.6427601
101.8608862
102.4795051
102.4795051
102.4442992
102.9955238
103.6785193
104.3444148
104.3444148
106.30086
107.69401
105.6701705
105.7043706
105.7043706
103.4793542
102.9009707
103.0619122
102.2994518
102.2994518
100.3822361
101.7542624
100.0593472
97.85444852
97.85444852
91.99617764
92.67917316
92.58562591
93.41548056
93.41548056
93.73836946
95.25121963
98.25277876
101.1296082
101.1296082
99.42664588
99.94769401
100.1227179
102.9381884
102.9381884
100.4747774
101.4384147
101.8981039
101.8981039
101.8981039
102.0298748
102.6947644
102.1415279
102.4432933
102.4432933
103.6433134
106.1721068
106.7213197
107.4737213
107.4737213
108.6345119
106.8520847
105.7295177
106.6629784
106.6720314
108.0088518
107.8690338
107.7463159
108.6395413
108.6395413
108.3971232
107.0331439
107.8167279
108.1567168
108.1567168
103.7670372
103.5115425
105.1843283
104.7236333
104.7236333
105.7767942
105.7667354
105.0837399
104.8030981
104.8030981
101.6979329
102.1938339
102.2119398
101.0149374
100.9736961
100.2866771
99.50409898
100.0824825
100.0824825
100.0824825
100.1398179
100.9767138
100.9767138
101.9514158
101.9514158
101.9514158
102.0419454
101.696927
102.4241815
102.4241815
103.2087713
103.3998894
102.4261932
102.0520042
102.0520042
101.1899613
101.0511492
100.4808128
100.1267414
100.1267414
100.5995071
100.2504652
100.7182015
99.72740532
99.72740532
98.71649148
98.80400342
98.67323844
99.48196952
99.48196952
100.4224715
100.5029422
100.1730121
100.4184479
100.4184479
99.00015088
99.01020973
98.42377911
98.5535382
98.5535382
97.75687773
97.78202485
97.28411206
97.84841322
97.84841322
98.26786702
98.5535382
98.36443193
98.29402002
98.29402002
97.3394357
97.11914701
97.17346477
98.89151536
98.89151536
102.7289644
101.5983503
103.994367
105.7275059
105.7275059
104.334356
104.334356
101.792486
100.800684
100.800684
99.51818136
98.15822562
97.2941709
99.08766283
99.08766283
98.94482724
98.90559775
98.64205603
97.99929588
97.99929588
98.34431424
98.36744958
97.65025399
97.41588292
97.41588292
97.70859528
97.3263592
96.971282
97.0034703
97.0034703
97.57883619
97.02157622
96.56088115
96.2218981
96.2218981
96.33455716
96.0931449
96.01368003
95.95131519
95.95131519
97.08293517
97.35150631
97.37464165
97.79308957
97.79308957
97.87456621
97.75084243
98.35135543
97.66031283
97.66031283
98.14514912
98.37449077
98.02645476
97.58185384
97.58185384
98.40567319
97.86752502
98.07272544
97.82125434
97.82125434
97.49836544
97.37564754
97.28310617
96.49248101
96.49248101
94.50183574
95.48659659
95.27435498
94.73721269
94.73721269
95.22003722
96.55182819
96.60614595
96.25106875
96.25106875
94.25338229
94.61147714
94.35095308
94.58532415
94.58532415
94.5300005
94.49580043
94.21314691
93.6065986
93.6065986
91.94990696
91.99517175
92.35829603
92.87330886
92.87330886
90.89574008
90.45113916
90.52356284
90.68450435
90.68450435
91.67127697
92.41965498
93.06241513
93.55932203
93.55932203
94.86998944
96.29432178
97.59191269
97.59191269
97.59191269
97.7528542
97.84841322
97.28411206
96.84051702
96.84051702
96.50756928
95.0530604
95.11542524
96.53171051
96.53171051
98.51330282
99.83503495
99.26671025
97.98118996
97.98118996
97.12115878
97.97414877
97.97414877
98.47910275
98.47910275
104.8946336
104.8946336
103.3666952
100.2896947
100.2896947
99.82698788
99.25665141
98.13408439
99.55640497
99.55640497
101.6114268
102.2169693
103.6503546
102.5378464
102.5378464
103.0307298
102.9009707
109.8164261
120.5009304
120.5009304
131.5354826
128.4142232
121.3247498
115.9523211
115.9523211
114.0190112
114.0190112
114.0190112
114.0190112
114.0190112
117.2126943
117.3273651
115.8064678
117.0708646
117.0708646
119.6982347
118.5927677
117.1563647
114.7352009
114.7352009
114.8780365
114.8780365
116.579993
116.039833
116.039833
111.5938239
111.4127647
110.5678218
109.9351205
109.9351205
104.9861691
103.2107831
103.6433134
107.9655988
107.9655988
111.2488055
110.84444
111.6411004
114.5722476
114.5722476
115.0731781
116.4653221
119.3149927
120.5582659
120.5582659
125.2537343
128.450435
126.6126842
126.7645728
126.7645728
133.072474
132.5906553
134.0582407
135.5912086
135.5912086
133.8932757
130.5688276
128.1436403
131.4147764
131.4147764
131.4147764
132.7465674
135.0450133
135.0450133
135.0450133
137.3535181
137.3746417
143.6141427
140.4798069
140.4798069
137.6794246
137.6794246
140.2142534
143.7760901
143.7760901
148.2371875
146.3551778
146.3823367
152.1158779
152.1158779
150.5104863
152.7626616
152.7707086
151.6491475
151.6491475
150.539657
149.007695
150.0115677
150.1232208
150.1232208
146.6197254
145.4005935
147.1679324
150.191621
150.191621
148.5298999
152.8149676
154.8086305
155.8648091
155.8648091
158.8321682
157.4088417
157.7427954
161.3680028
161.3680028
159.4658754
159.4658754
160.635719
162.8878942
162.8878942
167.2343208
171.879495
171.9197304
171.7909772
171.7909772
171.5103355
167.1458029
160.8298546
160.3560831
160.3560831
164.2136499
158.4660263
158.4660263
154.0662878
154.0662878
149.5639491
149.060001
150.7800634
150.5235628
150.5235628
150.2489564
151.2840115
151.3172057
152.9477443
152.9477443
159.4940401
159.7274053
158.7144797
158.5072675
158.5072675
156.1524921
158.1823668
161.0933964
161.5822562
161.5822562
162.2934165
163.5678721
166.0252477
166.7213197
166.7213197
168.8185887
169.8898557
169.7440024
172.3522607
172.3522607
174.342906
175.7360559
172.984962
172.6238495
172.6238495
175.9432681
178.3402907
184.0597495
185.7466177
185.7466177
189.8797968
188.9835538
186.292813
189.0942011
189.0942011
194.8207011
196.7127697
191.3946588
190.966152
190.966152
198.2165669
210.8635518
217.049741
211.540512
211.540512
210.0930443
214.3911885
220.6407484
221.5400091
221.5400091
226.8007846
226.2093245
226.7062315
231.9177187
231.9177187
228.8719006
218.9528743
218.0636725
217.1925766
217.1925766
210.1875974
216.0177036
222.7661822
223.8857315
223.8857315
224.6029271
222.3447166
220.7182015
218.9659508
218.9659508
218.2578082
224.246844
223.6584016
221.0400845
221.0400845
221.3418498
221.3418498
221.3418498
221.3418498
221.3418498
223.5457426
220.5472011
216.5025399
216.3174571
216.3174571
214.0391289
215.2693256
216.527687
218.8895036
218.8895036
225.535382
228.1174873
226.4909722
225.6993411
225.6993411
231.8855304
230.0819796
226.8943318
229.9753558
229.9753558
231.8945833
235.1878489
235.9342152
235.9342152
235.9342152
244.6250566
253.2927627
253.2927627
249.8274908
249.8274908
258.5615853
258.9287331
261.6315445
261.8729568
261.8729568
278.0003018
277.8846251
285.4166876
291.6541769
291.6541769
282.6223407
271.5596238
280.9726902
279.3320927
279.3320927
279.3320927
279.3320927
276.7288639
288.0400342
288.0400342
295.1969019
289.6836493
286.205301
287.0965146
287.0965146
274.0230348
269.3446663
260.2041945
268.1969522
268.1969522
262.7259468
271.3332998
274.0351054
269.8687321
269.8687321
267.2906503
270.9027813
275.7994266
273.785646
273.785646
279.6881758
280.0241412
279.7394759
282.2652517
282.2652517
277.336418
277.6110245
274.9564955
273.6055927
273.6055927
271.5425238
270.2620329
274.9353719
277.5255243
277.5255243
277.9077604
281.8317155
284.2790323
285.9659005
285.9659005
290.148368
290.8715989
289.0288186
291.1260876
291.1260876
291.1260876
297.4128653
298.9347684
301.2402555
301.2402555
304.0436554
300.4979128
299.7394759
302.5901524
302.5901524
306.9838556
306.9214907
306.0644772
307.8831162
307.8831162
307.9937635
307.6205804
311.6471357
312.376402
312.376402
309.3255545
290.591963
290.5336217
294.8207011
294.8207011
282.0932455
280.3601066
276.6815873
281.2905497
281.2905497
277.0426998
279.1600865
283.8434844
283.1091888
283.1091888
281.7985213
282.3165518
290.1081326
288.5007293
288.5007293
287.7453101
291.2216466
293.359151
291.1964995
291.1964995
292.1913192
289.8496203
288.7723181
288.7260474
288.7260474
285.5182819
283.7972137
275.8678268
279.8410703
279.8410703
285.0485339
285.9890359
285.8381532
285.8381532
285.8381532
287.8740633
287.7714631
289.1545541
288.6546296
288.6546296
301.1879495
300.3490419
307.067344
315.4755319
315.4755319
319.16411
320.1780415
319.2838103
318.0365136
318.0365136
316.4019514
314.717095
315.1244782
315.5771262
315.5771262
316.9219937
319.0987276
321.4454559
327.5129508
327.5129508
336.1122567
332.0816778
330.8685812
330.5477041
330.5477041
331.9911482
334.5893477
335.2119901
329.7158377
329.7158377
340.4184479
337.1613942
343.2540361
343.5467485
343.5467485
353.2907509
349.6011668
351.1220641
350.7599457
350.7599457
363.6282251
362.0469748
375.7481265
390.0799678
390.0799678
405.1883519
407.1779912
432.0293718
432.4025549
432.4025549
434.0592466
428.6465825
423.8978021
414.0501936
414.0501936
419.1721571
418.9890862
424.534527
424.5757682
424.5757682
429.1776895
434.4022532
434.4022532
437.2821003
437.2821003
422.0550219
435.8356385
433.568375
432.1359956
432.1359956
446.3089071
445.892471
448.590253
451.3966705
451.3966705
467.3288739
466.231454
468.1526933
463.8998139
463.8998139
465.326158
468.6143942
469.2350249
470.4471156
470.4471156
490.2841623
479.6921994
484.612986
484.6813861
484.6813861
484.6813861
484.6813861
474.4827239
477.44103
477.44103
488.1134638
484.9207866
476.8686818
479.835035
479.835035
475.0168486
466.5382488
471.4147764
475.8788915
475.8788915
477.3505004
479.477946
474.8498717
475.3387316
475.3387316
493.0322386
502.2612282
499.5805462
500.4898657
500.4898657
495.3457728
502.6967761
503.2349243
499.6992406
499.6992406
500.9676608
500.348036
504.8121511
508.2261228
508.2261228
536.7318815
547.4163859
543.9923553
542.6676055
542.6676055
544.2498617
551.288035
555.0460192
558.4650204
558.4650204
561.923251
570.7016044
570.7016044
570.7016044
570.7016044
615.0782075
635.7943972
625.4589348
641.6878741
641.6878741
693.8168284
686.8792436
708.4936881
701.0823316
701.0823316
701.9795805
676.3496454
668.7944475
668.7944475
668.7944475
689.6253081
686.1479656
694.1769351
694.9021777
694.9021777
688.721018
691.4841825
703.8273902
720.0422471
720.0422471
762.1737162
766.2958306
779.7374642
785.4347935
785.4347935
825.5534879
819.2807926
851.2980938
854.699995
854.699995
848.7723181
854.6225419
840.0251471
789.9753558
789.9753558
786.0121712
760.922396
789.3758487
774.8699894
774.8699894
753.6800282
752.0152894
721.5762209
755.0450133
755.0450133
755.1405723
755.9372328
764.7296686
771.3413469
771.3413469
770.8726047
781.2201378
770.1413268
783.1524418
783.1524418
787.5722979
771.8040537
768.6244531
768.6244531
768.6244531
768.6244531
824.3202736
830.8424282
825.6238998
825.6238998
825.6238998
824.203591
849.1666248
875.9583564
875.9583564
877.3042297
896.1404215
892.471961
881.2825026
881.2825026
844.6331037
852.2325605
849.7590907
823.9068551
823.9068551
830.4642157
841.1648142
833.2002213
836.5820047
836.5820047
873.4164864
859.6590052
848.3246995
834.2936177
834.2936177
864.4621033
865.065634
858.8231152
875.4715083
875.4715083
886.3471307
897.3293769
911.7266006
934.3177589
934.3177589
995.6435146
993.4758336
983.4692954
1003.256048
1003.256048
996.213851
989.0418951
977.6401951
979.5201931
979.5201931
995.3980788
1017.808178
1017.192577
993.8158226
993.8158226
1002.397023
1001.98461
1001.202032
999.2717397
999.2717397
986.0373183
998.2829553
1001.898104
998.0817784
998.0817784
973.6870694
964.0979731
970.5889453
980.8841724
980.8841724
980.0844943
982.1717045
967.310768
951.2729467
951.2729467
964.6079565
963.8153196
953.4999749
938.0697078
938.0697078
943.629231
950.7991752
941.7170447
930.6432631
930.6432631
910.966152
923.1464065
944.5626917
950.3525625
950.3525625
985.3171051
973.9154051
968.1768345
985.6379822
985.6379822
1007.763416
999.9124881
1014.485742
1020.133783
1020.133783
1014.579289
1017.426948
1015.292461
1026.031283
1026.031283
1017.420912
1012.518232
1020.865061
1045.076699
1045.076699
1084.512398
1102.37087
1096.198763
1092.767691
1092.767691
1102.71287
1089.857667
1084.949957
1084.949957
1084.949957
1092.421667
1099.299904
1119.857164
1121.23925
1121.23925
1112.221496
1095.154655
1066.882261
1081.262385
1081.262385
1071.585777
1064.826233
1071.600865
1068.378011
1068.378011
1087.485792
1109.705779
1109.705779
1109.705779
1109.705779
1153.327969
1174.903184
1176.048886
1161.05819
1161.05819
1115.519791
1123.034753
1118.501232
1109.583061
1109.583061
1131.665242
1108.65463
1087.856963
1096.966253
1096.966253
1099.290851
1102.046975
1084.679374
1094.908213
1094.908213
1134.621536
1135.046019
1179.541317
1171.894583
1171.894583
1157.862496
1165.598753
1164.740733
1157.245888
1157.245888
1172.281849
1167.338933
1167.927375
1177.007494
1177.007494
1191.308153
1186.02223
1210.418951
1222.823518
1222.823518
1257.916813
1281.952422
1277.229794
1295.499673
1295.499673
1339.773676
1339.773676
1339.773676
1422.969371
1422.969371
1411.729618
1425.529347
1408.95036
1454.441483
1454.441483
1503.915908
1477.711613
1495.597244
1542.175728
1542.175728
1545.426746
1545.426746
1585.437811
1565.841171
1565.841171
1559.372328
1566.338078
1496.687623
1456.624252
1456.624252
1395.971433
1431.929789
1387.380174
1320.164965
1320.164965
1373.876176
1337.44103
1339.379369
1374.942413
1374.942413
1388.562088
1394.172912
1398.411708
1370.32138
1370.32138
1332.799879
1314.834783
1295.547956
1296.436151
1296.436151
1245.668159
1181.16582
1260.155912
1272.233566
1272.233566
1303.180607
1293.080521
1309.766132
1318.450938
1318.450938
1340.310818
1334.974601
1336.557864
1327.800634
1327.800634
1344.999246
1340.320877
1360.830861
1391.37957
1391.37957
1378.441885
1380.343007
1383.199718
1351.609918
1351.609918
1277.640195
1249.979379
1269.217925
1310.632198
1310.632198
1310.632198
1310.632198
1292.939697
1303.367701
1303.367701
1308.677765
1337.192577
1334.391188
1324.627068
1324.627068
1283.444148
1253.448675
1250.412916
1249.249107
1249.249107
1192.724438
1216.351657
1204.051702
1207.086456
1207.086456
1102.697782
1018.361414
1059.152039
1029.50259
1029.50259
1043.250013
1071.150229
1080.773525
1103.960167
1103.960167
1106.709249
1093.924458
1104.494292
1082.787306
1082.787306
1017.427954
990.1020973
944.8493688
965.5464467
965.5464467
1003.348589
1003.683549
980.4798069
978.5213499
978.5213499
948.1184932
942.0167983
956.962229
965.674194
965.674194
981.7089976
1005.95383
1058.45295
1071.134135
1071.134135
1065.260776
1091.950913
1058.984057
1021.233214
1021.233214
973.594528
984.1905145
982.3024694
984.203591
984.203591
1014.058241
1035.614344
1062.355781
1095.680732
1095.680732
1120.220289
1143.019665
1124.71458
1122.242116
1122.242116
1128.362923
1145.253734
1128.738118
1127.613539
1127.613539
1132.074637
1130.367651
1130.642257
1123.194689
1123.194689
1153.350098
1153.597546
1153.964693
1188.653624
1188.653624
1204.021526
1207.95554
1211.786954
1224.033597
1224.033597
1213.067445
1208.472565
1195.470502
1185.741588
1185.741588
1189.531761
1195.244178
1207.127697
1222.244128
1222.244128
1228.628477
1258.324197
1262.233063
1255.718956
1255.718956
1245.852236
1254.719107
1268.206005
1273.522104
1273.522104
1281.291556
1253.850023
1243.0599
1243.0599
1243.0599
1230.027662
1209.904944
1219.437711
1238.749686
1238.749686
1253.277674
1258.126037
1253.827893
1251.989136
1251.989136
1251.989136
1251.989136
1251.989136
1251.989136
1251.989136
1283.331489
1297.072876
1300.765478
1290.693557
1290.693557
1264.875522
1264.893628
1264.958004
1267.691998
1267.691998
1269.58809
1271.78293
1280.032188
1269.60519
1269.60519
1246.535231
1267.472715
1291.968013
1309.772167
1309.772167
1329.422119
1314.658754
1293.808781
1305.079716
1305.079716
1302.6495
1292.093748
1321.846804
1329.125383
1329.125383
1336.754011
1344.305185
1342.466429
1342.762159
1342.762159
1372.827038
1365.650053
1357.211688
1363.958155
1363.958155
1354.310718
1357.187547
1372.832068
1397.515465
1397.515465
1397.515465
1397.515465
1424.252879
1436.998441
1436.998441
1454.201076
1430.573857
1404.727657
1413.729317
1413.729317
1408.953377
1407.638686
1404.115073
1393.002062
1393.002062
1388.651612
1387.518986
1370.979228
1353.860081
1353.860081
1319.798823
1339.037369
1347.260474
1368.139617
1368.139617
1372.55042
1398.518332
1403.971232
1412.255696
1412.255696
1414.288588
1424.116079
1447.221244
1459.681135
1459.681135
1468.826636
1480.127747
1492.697279
1487.883116
1487.883116
1495.410149
1492.672132
1444.960016
1448.917165
1448.917165
1397.532566
1405.718453
1426.428607
1440.022129
1440.022129
1435.638485
1447.478751
1429.650455
1451.759795
1451.759795
1430.873611
1423.072977
1424.124126
1431.422824
1431.422824
1451.142182
1448.219082
1446.94362
1439.9316
1439.9316
1433.532163
1431.578736
1443.58296
1451.643112
1451.643112
1451.643112
1467.106573
1485.179299
1481.922245
1481.922245
1485.084746
1491.5214
1492.077654
1477.103053
1477.103053
1465.886436
1468.482623
1468.482623
1491.420812
1491.420812
1484.459086
1484.459086
1491.34537
1496.291304
1496.291304
1518.719509
1524.090932
1533.717246
1527.526027
1527.526027
1528.068199
1514.62053
1491.456018
1493.71624
1493.71624
1497.786048
1501.141679
1521.430368
1525.963889
1525.963889
1528.232158
1555.624403
1550.589951
1565.51627
1565.51627
1575.668662
1573.093598
1569.097219
1550.646281
1550.646281
1550.534628
1546.98285
1535.503697
1557.615048
1557.615048
1594.957501
1574.214153
1597.510436
1584.978122
1584.978122
1555.978474
1562.450334
1553.105668
1562.779259
1562.779259
1590.393804
1618.468038
1629.846603
1636.355681
1636.355681
1676.929035
1704.116079
1677.54866
1669.422119
1669.422119
1695.125484
1690.660363
1677.516471
1682.722929
1682.722929
1682.722929
1678.730574
1676.980335
1680.564301
1680.564301
1619.893376
1637.446059
1615.240155
1619.014233
1619.014233
1604.462103
1617.585877
1616.906905
1625.233617
1625.233617
1573.945582
1615.189861
1607.975658
1555.777297
1555.777297
1520.348036
1493.231404
1500.207212
1504.821204
1504.821204
1523.118242
1528.968466
1517.744807
1528.789418
1528.789418
1571.609918
1597.614042
1597.006488
1610.963134
1610.963134
1597.018559
1620.791631
1636.954182
1638.258814
1638.258814
1683.962179
1682.094251
1702.602223
1686.985867
1686.985867
1663.826384
1659.85817
1684.455062
1708.792436
1708.792436
1730.384751
1740.211236
1730.983252
1730.839411
1730.839411
1752.583614
1755.977468
1757.630136
1759.399487
1759.399487
1759.399487
1776.472363
1773.353116
1764.375597
1764.375597
1749.204848
1764.402756
1779.388422
1797.421918
1797.421918
1836.209827
1859.904441
1848.245235
1880.704119
1880.704119
1850.505457
1839.158075
1838.796962
1812.854197
1812.854197
1846.939597
1825.820047
1844.474174
1851.176382
1851.176382
1912.217472
1906.173113
1924.066791
1895.913092
1895.913092
1903.139365
1898.412714
1889.841573
1907.006991
1907.006991
1940.764472
1969.90092
1989.265201
2008.67173
2008.67173
1983.138359
1936.387869
1957.761907
1999.835035
1999.835035
2034.828748
2034.828748
2034.828748
2034.828748
2034.828748
2071.425841
2063.714731
2041.344867
2072.610773
2072.610773
2092.245637
2092.245637
2119.036363
2125.56757
2125.56757
2168.099381
2174.958507
2174.958507
2167.275562
2167.275562
2156.495499
2162.634411
2125.911583
2105.867324
2105.867324
1951.798018
1894.692954
1981.92828
1977.698536
1977.698536
1981.866921
2002.654529
2028.371976
2045.715435
2045.715435
2073.273651
2072.302972
2021.871951
2011.090882
2011.090882
1955.093296
1953.178092
1990.420963
2028.91616
2028.91616
2058.983051
2083.25806
2086.944626
2128.104411
2128.104411
2203.489413
2232.452849
2204.620027
2223.828396
2223.828396
2175.380979
2210.269074
2224.712569
2221.642609
2221.642609
2183.301313
2198.943821
2253.633757
2214.421365
2214.421365
2142.006739
2140.098577
2139.813911
2139.813911
2139.813911
2145.399588
2174.574259
2178.954886
2175.801438
2175.801438
2229.000654
2239.59664
2258.155208
2229.08716
2229.08716
2272.938691
2290.787105
2277.044712
2262.409093
2262.409093
2212.599708
2212.907509
2196.483428
2261.424332
2261.424332
2328.94533
2313.573404
2284.285068
2298.298044
2298.298044
2298.298044
2307.758387
2307.869034
2307.869034
2307.869034
2329.072072
2294.865966
2269.283307
2235.359855
2235.359855
2123.285219
2087.044209
2068.111452
1973.751446
1973.751446
2044.05975
2072.218478
2059.127898
2066.555349
2066.555349
2094.073329
2127.455615
2135.76925
2142.252175
2142.252175
2113.629734
2104.153297
2143.348589
2133.058392
2133.058392
2072.88035
2046.155007
2053.972741
2066.305889
2066.305889
2087.093497
2060.249459
2041.960469
2020.83589
2020.83589
2020.404366
2014.352965
1991.256853
1982.634411
1982.634411
1936.893829
1936.893829
1977.401801
1965.814012
1965.814012
1860.081477
1842.603229
1875.914097
1892.949756
1892.949756
1916.289292
1928.587235
1877.863501
1865.8804
1865.8804
1862.7863
1861.466579
1861.466579
1870.013579
1870.013579
1893.06845
1826.196248
1818.11799
1847.477745
1847.477745
1794.4958
1778.730574
1790.049791
1784.833275
1784.833275
1719.678117
1673.821858
1592.989991
1672.031384
1672.031384
1666.535231
1613.703164
1581.07529
1617.048735
1617.048735
1653.354122
1635.933209
1659.60167
1696.025751
1696.025751
1704.78298
1664.669315
1689.567973
1683.644319
1683.644319
1682.707841
1667.754363
1635.624403
1616.15551
1616.15551
1496.96927
1432.18629
1481.226173
1415.446361
1415.446361
1477.91279
1439.412563
1402.07011
1402.809435
1402.809435
1422.359805
1422.359805
1422.359805
1422.359805
1422.359805
1422.359805
1201.599356
1117.661319
1158.74365
1158.74365
1183.296283
1258.411708
1220.164965
1181.96751
1181.96751
1164.388674
1137.616054
1042.032892
1001.244279
1001.244279
957.397777
1005.687271
1009.472414
976.6483931
976.6483931
1061.112508
1093.665946
1105.249711
1082.165669
1082.165669
1098.25982
1080.827843
1027.485792
984.682392
984.682392
931.7376653
860.635719
836.6765579
791.1622995
791.1622995
758.9357743
797.3213298
818.1924257
827.3982799
827.3982799
826.5493135
811.0677463
820.0160942
835.2773726
835.2773726
835.2773726
835.2773726
869.1746718
895.0621134
895.0621134
902.2390987
917.5637479
929.1364482
925.2939697
925.2939697
905.4347935
899.9678117
903.4129659
908.9966303
908.9966303
907.754363
938.1954433
963.2560479
963.2560479
963.2560479
985.7013529
980.0965649
980.0965649
959.9969823
959.9969823
949.8134084
928.5711412
927.3027209
895.6867676
895.6867676
871.8010361
830.0900267
780.3842478
787.501886
787.501886
758.4066791
796.4512398
797.7749837
799.1218629
799.1218629
741.4313735
724.7699039
732.2305487
700.1418297
700.1418297
710.5114922
739.8501232
740.9063019
754.1095408
754.1095408
777.7619072
754.8971483
735.5238143
745.7607001
745.7607001
741.3931499
721.8930745
740.6568425
747.8509279
747.8509279
744.6411507
729.3617663
736.3033747
740.8811548
740.8811548
742.2219987
751.0134286
769.0117186
768.676759
768.676759
780.7725192
786.4859428
808.3850526
819.9386411
819.9386411
841.1668259
866.936579
852.2526782
863.2057537
863.2057537
859.2757632
849.72992
850.1976563
878.83418
878.83418
951.6853594
975.5449379
973.4677866
975.4021023
975.4021023
998.5213499
980.6598602
974.900166
1007.966605
1007.966605
1007.966605
997.5174772
1003.96922
999.8330232
999.8330232
1002.639441
986.788714
1009.631343
1030.525575
1030.525575
1024.942916
1040.323895
1052.512196
1085.377458
1085.377458
1143.024694
1176.278228
1166.31796
1124.558668
1124.558668
1153.678016
1194.79153
1191.638083
1156.048886
1156.048886
1169.910979
1181.554091
1179.036363
1136.982347
1136.982347
1219.903435
1248.311623
1227.266509
1234.823719
1234.823719
1220.763466
1204.885581
1230.581904
1227.314792
1227.314792
1251.227682
1264.032591
1249.453302
1219.530252
1219.530252
1163.467284
1118.282955
1113.100639
1095.705879
1095.705879
1108.350852
1139.22044
1139.22044
1193.00508
1193.00508
1148.592265
1157.217724
1107.200121
1093.212292
1093.212292
1047.91631
1087.087462
1097.199618
1141.993663
1141.993663
1174.424383
1196.641352
1199.676105
1199.676105
1199.676105
1232.261731
1233.524116
1228.523865
1243.036765
1243.036765
1292.127948
1294.044158
1300.134789
1311.875472
1311.875472
1310.284162
1286.218378
1261.590303
1304.97611
1304.97611
1267.057285
1269.958256
1250.075944
1277.661319
1277.661319
1338.356385
1349.078107
1366.813861
1352.41362
1352.41362
1351.612936
1326.106724
1315.796409
1329.329578
1329.329578
1348.470553
1343.376754
1342.990494
1351.972036
1351.972036
1338.355379
1342.847659
1355.386008
1380.775537
1380.775537
1380.775537
1410.454157
1418.560579
1416.054921
1416.054921
1364.583815
1373.941558
1363.420007
1367.650757
1367.650757
1340.224312
1340.224312
1347.556204
1347.739275
1347.739275
1380.554242
1377.498365
1413.432581
1430.086003
1430.086003
1440.718201
1445.131016
1427.717145
1436.044862
1436.044862
1469.012724
1458.660162
1442.804406
1412.922597
1412.922597
1392.389478
1349.33159
1355.25122
1333.614646
1333.614646
1365.445858
1391.898607
1392.291908
1359.8803
1359.8803
1350.714681
1310.644269
1265.699341
1247.86501
1247.86501
1264.52648
1272.97088
1288.013881
1288.013881
1288.013881
1186.048383
1229.170648
1268.446412
1299.202334
1299.202334
1288.879948
1300.182065
1255.834633
1270.100086
1270.100086
1354.704019
1327.176985
1326.566414
1325.687271
1325.687271
1314.096464
1321.660715
1312.355278
1309.791279
1309.791279
1263.708696
1284.992204
1273.376251
1273.85807
1273.85807
1292.864256
1311.180405
1313.965699
1313.965699
1313.965699
1314.386159
1328.635518
1338.194437
1360.959614
1360.959614
1370.473269
1392.865262
1405.735553
1399.370316
1399.370316
1358.678268
1340.696072
1339.736458
1362.543882
1362.543882
1392.479002
1418.634009
1443.026706
1429.907962
1429.907962
1440.047277
1429.859679
1429.730926
1430.543681
1430.543681
1450.069909
1457.383695
1439.669064
1417.226777
1417.226777
1384.061761
1358.227632
1365.958859
1388.259317
1388.259317
1372.763667
1376.23598
1398.485138
1399.774682
1399.774682
1402.414123
1389.273249
1406.084595
1405.030428
1405.030428
1324.49228
1348.316652
1367.595433
1380.186089
1380.186089
1358.685309
1383.611125
1396.616205
1408.797465
1408.797465
1428.657647
1420.030177
1413.600563
1425.388523
1425.388523
1425.388523
1467.095509
1485.83413
1510.766987
1510.766987
1574.225218
1553.018156
1586.209325
1582.317558
1582.317558
1538.888498
1568.6667
1582.900971
1556.808329
1556.808329
1578.312126
1579.822964
1559.085651
1546.736408
1546.736408
1520.477795
1526.440678
1489.613237
1477.23583
1477.23583
1446.260625
1412.212443
1416.423075
1434.647689
1434.647689
1380.058341
1406.268672
1348.522859
1335.869839
1335.869839
1314.734195
1238.028467
1291.6069
1318.197455
1318.197455
1365.262787
1343.021677
1338.036514
1351.481165
1351.481165
1306.761555
1307.224262
1313.363175
1290.11618
1290.11618
1301.661721
1298.977016
1312.427702
1326.302872
1326.302872
1357.799125
1315.179802
1308.918171
1307.187044
1307.187044
1298.691344
1271.974048
1251.600865
1251.600865
1251.600865
1214.602424
1251.304129
1237.658301
1255.29749
1255.29749
1245.556506
1261.019967
1264.433939
1262.526782
1262.526782
1249.621285
1234.069305
1246.500025
1259.92657
1259.92657
1274.767389
1291.755771
1298.877433
1319.441734
1319.441734
1317.2308
1319.444752
1318.002314
1338.676256
1338.676256
1344.45305
1349.384902
1332.593673
1324.267968
1324.267968
1312.467937
1331.359453
1327.572298
1332.761656
1332.761656
1355.843686
1361.638586
1340.330936
1355.929186
1355.929186
1355.278379
1342.210934
1360.576372
1365.693306
1365.693306
1361.750239
1346.860132
1358.585727
1358.585727
1358.585727
1382.688729
1381.343862
1373.276669
1361.481668
1361.481668
1377.056782
1389.92305
1389.422119
1396.296334
1396.296334
1386.814867
1387.626616
1390.807222
1375.767238
1375.767238
1420.218277
1424.067797
1424.067797
1429.762108
1429.762108
1412.891415
1416.380828
1430.672434
1425.433788
1425.433788
1417.680431
1412.416637
1393.225368
1408.154705
1408.154705
1418.410703
1408.362923
1384.064779
1384.576774
1384.576774
1365.6239
1372.783785
1386.574461
1396.870694
1396.870694
1412.500126
1411.155258
1411.916713
1394.892119
1394.892119
1389.881809
1389.881809
1389.881809
1405.664135
1405.664135
1440.320877
1419.079616
1407.320827
1404.515415
1404.515415
1401.373032
1376.154504
1370.382739
1369.708796
1369.708796
1379.927576
1379.927576
1386.950661
1408.502741
1408.502741
1420.785596
1433.155962
1425.262787
1417.484283
1417.484283
1420.499925
1427.335915
1419.988935
1425.717447
1425.717447
1429.721873
1442.144546
1453.196198
1470.083991
1470.083991
1451.405723
1479.161092
1482.07011
1480.100588
1480.100588
1479.756576
1470.945028
1466.228436
1472.920585
1472.920585
1421.625509
1378.77785
1365.655082
1376.715787
1376.715787
1383.58799
1383.58799
1299.202334
1170.249962
1170.249962
1170.249962
1170.249962
1170.249962
1170.249962
1170.249962
1170.249962
1170.249962
1170.249962
1170.249962
1170.249962
1170.249962
1170.249962
1170.249962
1170.249962
1170.249962
1170.249962
1170.249962
1170.249962
1170.249962
1170.249962
1170.249962
1170.249962
1170.249962
1170.249962
1170.249962
1170.249962
1170.249962
1170.249962
1170.249962
1170.249962
1170.249962
1170.249962
1170.249962
1170.249962
1170.249962
1170.249962
1170.249962
1067.973646
1034.039129
1034.039129
1101.42735
1136.285269
1151.485188
1149.560931
1149.560931
1152.068601
1148.219082
1151.56063
1141.652668
1141.652668
1109.273249
1095.875874
1114.498818
1114.846854
1114.846854
1048.424282
1074.351959
1053.290751
1053.993864
1053.993864
1053.993864
1052.140019
1049.332596
1054.527989
1054.527989
1064.170397
1061.64965
1050.630187
1041.491727
1041.491727
1040.822813
1046.261631
1057.971131
1057.642207
1057.642207
1083.528643
1098.18639
1091.483177
1104.558668
1104.558668
1123.469295
1114.601418
1127.894181
1140.993814
1140.993814
1177.70256
1160.313836
1152.924609
1120.613589
1120.613589
1128.669718
1134.875019
1136.841523
1152.229543
1152.229543
1156.302369
1168.436353
1156.334557
1149.291354
1149.291354
1160.202183
1149.963285
1138.463009
1138.453956
1138.453956
1111.531459
1113.501987
1094.663783
1114.581301
1114.581301
1126.599608
1127.231303
1105.579641
1114.965548
1114.965548
1065.234623
1035.223055
1056.428104
1056.844541
1056.844541
1073.375245
1067.429462
1066.155007
1064.974098
1064.974098
1059.389428
1057.186541
1050.726751
1042.219987
1042.219987
1053.598552
1030.970176
1020.238395
1037.653272
1037.653272
973.7755872
927.5008801
967.9937635
956.0468742
956.0468742
966.8913142
964.534527
991.0204697
995.8024443
995.8024443
971.9700246
970.0990796
977.3595534
982.0912337
982.0912337
973.8520344
973.8520344
973.8520344
973.8520344
973.8520344
991.8442891
994.4263944
994.5410652
999.4497812
999.4497812
969.4110547
954.0200171
944.4379621
919.2908515
919.2908515
935.1858371
948.9423125
941.5742091
920.0865061
920.0865061
918.7456621
905.1119046
874.2302469
883.3083539
883.3083539
868.2532817
858.4459086
843.5407132
843.5407132
843.5407132
843.6654428
860.6045365
868.0581401
889.669567
889.669567
909.6756023
899.5704874
910.5678218
911.5374943
911.5374943
922.5700347
932.7737263
925.8019414
929.3356133
929.3356133
958.6239501
946.3089071
944.4198562
952.3924961
952.3924961
952.3924961
952.3924961
952.3552784
945.204446
945.204446
905.4357994
904.4077855
901.1628024
889.4633607
889.4633607
835.3628728
797.4913242
803.7137253
817.4098476
817.4098476
817.4098476
858.5706382
864.1543027
879.3139868
879.3139868
864.3303324
863.5034954
854.6657949
849.9834029
849.9834029
831.3453704
837.180506
838.5384499
839.582558
839.582558
816.4894634
796.0609566
796.8867877
776.5317105
776.5317105
780.3249007
778.4127144
773.2907509
780.4385656
780.4385656
793.0996329
788.0360107
787.7865513
782.0479807
782.0479807
787.7935925
808.0199165
814.4535533
815.1898607
815.1898607
825.804959
834.2533823
839.678117
833.2213449
833.2213449
869.5025902
897.2076648
897.2076648
962.6937585
962.6937585
981.2523261
1005.847206
1014.1538
993.4195041
993.4195041
984.0104612
992.9899914
1021.580244
1033.934517
1033.934517
1110.491375
1101.380073
1085.465976
1076.593069
1076.593069
1114.371071
1087.506915
1085.505205
1111.49223
1111.49223
1122.984459
1124.229744
1154.547101
1159.228487
1159.228487
1154.326812
1171.820148
1180.701101
1170.415933
1170.415933
1135.272343
1101.138661
1109.342655
1124.934869
1124.934869
1096.557864
1105.373435
1116.327516
1122.199869
1122.199869
1073.554293
1090.310315
1103.451189
1098.187396
1098.187396
1086.953679
1073.43761
1059.195292
1055.762209
1055.762209
1002.832571
996.2068098
1017.033647
1036.62224
1036.62224
1036.62224
1025.361364
1024.408791
1030.817281
1030.817281
1082.481517
1074.158829
1074.158829
1080.071418
1080.071418
1084.24282
1084.24282
1079.742494
1085.266811
1085.266811
1101.629533
1106.241513
1100.545189
1095.712921
1095.712921
1106.601619
1094.953478
1084.279032
1073.775587
1073.775587
1070.352562
1067.987728
1079.527234
1091.235729
1091.235729
1035.135543
1029.371825
1030.966152
1029.411055
1029.411055
1016.584016
991.6561887
993.1780918
994.2191822
994.2191822
976.3265101
991.0637228
987.0110144
985.0857516
985.0857516
947.7493336
904.7538098
910.2207916
893.585475
893.585475
993.1378565
1022.037922
1021.071267
1035.107378
1035.107378
1088.847759
1100.031182
1086.607655
1094.62053
1094.62053
1040.498919
1041.650656
1060.089524
1066.705226
1066.705226
1053.201227
1070.863552
1074.151788
1082.441281
1082.441281
1081.651662
1067.390233
1049.579037
1051.503294
1051.503294
1051.721571
1072.222502
1091.777901
1106.255595
1106.255595
1110.783081
1116.20681
1105.899512
1098.194437
1098.194437
1118.039531
1132.148066
1132.438767
1140.44963
1140.44963
1140.44963
1141.068249
1138.939798
1148.174823
1148.174823
1159.103757
1170.763969
1169.038877
1171.348388
1171.348388
1201.067243
1217.729719
1210.739828
1218.397626
1218.397626
1234.979631
1250.763969
1257.402806
1240.361113
1240.361113
1285.750641
1279.972841
1281.56918
1263.713725
1263.713725
1264.015491
1289.875773
1292.400543
1276.763064
1276.763064
1230.843434
1227.024091
1235.055072
1251.399688
1251.399688
1223.297289
1216.70774
1260.389277
1256.75904
1256.75904
1251.028517
1250.375698
1273.102651
1269.782226
1269.782226
1250.681487
1243.568878
1261.551074
1261.551074
1261.551074
1283.067947
1253.632752
1237.819243
1211.424835
1211.424835
1196.714781
1218.904592
1223.21883
1228.474576
1228.474576
1235.619373
1242.949253
1239.133934
1239.133934
1239.133934
1184.285068
1183.955138
1201.968516
1191.940854
1191.940854
1112.277825
1110.800181
1059.8632
1055.117437
1055.117437
1059.766635
1097.792084
1117.418901
1064.321279
1064.321279
1095.570085
1104.168385
1134.431424
1126.769602
1126.769602
1152.875321
1157.444048
1176.779158
1181.23422
1181.23422
1168.102399
1155.844691
1152.619826
1174.568224
1174.568224
1185.60177
1185.60177
1221.884022
1244.449027
1244.449027
1246.018207
1261.664739
1277.248906
1252.210431
1252.210431
1248.295529
1234.533018
1241.998692
1237.692501
1237.692501
1240.38626
1243.028718
1242.108334
1242.108334
1242.108334
1225.7607
1199.285822
1215.731027
1219.785747
1219.785747
1249.006689
1258.028467
1232.344214
1235.457426
1235.457426
1233.966705
1243.881708
1239.798823
1234.296635
1234.296635
1229.333602
1215.790374
1216.340592
1221.027008
1221.027008
1205.625912
1203.855555
1196.847558
1191.656189
1191.656189
1168.759242
1134.53503
1139.637882
1162.941206
1162.941206
1165.956848
1168.357894
1147.200121
1119.128904
1119.128904
1116.089121
1128.695871
1111.602877
1126.290801
1126.290801
1129.707791
1108.026958
1116.825429
1124.656239
1124.656239
1099.682141
1090.228839
1066.639843
1081.291556
1081.291556
1111.999195
1120.641754
1115.874868
1129.139466
1129.139466
1139.605693
1143.134336
1137.540613
1137.519489
1137.519489
1125.821053
1129.482472
1127.434492
1127.434492
1127.434492
1120.234371
1120.033194
1120.033194
1137.261983
1137.261983
1137.261983
1156.774129
1162.487552
1162.12141
1162.12141
1168.6154
1161.050143
1172.16416
1167.078409
1167.078409
1167.889152
1161.094402
1162.421164
1146.497007
1146.497007
1143.334507
1162.136499
1148.124528
1172.300961
1172.300961
1142.316552
1128.23417
1098.221596
1098.468038
1098.468038
1047.960569
1067.927375
1016.538752
1026.331037
1026.331037
1028.856812
1041.590303
1036.447216
1017.499371
1017.499371
986.9265201
983.0045768
1016.585022
1025.980989
1025.980989
1043.779108
1091.039582
1082.967359
1153.866117
1153.866117
1110.153397
1142.060051
1139.970829
1131.432882
1131.432882
1146.186189
1152.549414
1150.348539
1152.285872
1152.285872
1171.593824
1171.593824
1160.43253
1157.401801
1157.401801
1132.841121
1146.024242
1146.637831
1159.49907
1159.49907
1193.857064
1183.327466
1167.391239
1167.391239
1167.391239
1170.63421
1161.551074
1144.57778
1144.57778
1144.57778
1084.238797
1096.500528
1097.126188
1102.903988
1102.903988
1109.686667
1088.783383
1067.007997
1073.932505
1073.932505
1070.063874
1057.931902
1055.835638
1052.180254
1052.180254
1070.797163
1106.359201
1109.851632
1117.369612
1117.369612
1120.025147
1126.776643
1122.759141
1119.404516
1119.404516
1140.985767
1153.519087
1149.559926
1151.368506
1151.368506
1134.162853
1148.734094
1154.798572
1159.724388
1159.724388
1162.384952
1155.506714
1160.856008
1185.13504
1185.13504
1193.373233
1193.373233
1193.373233
1193.373233
1193.373233
1218.769803
1242.282352
1231.390635
1233.500981
1233.500981
1223.534678
1223.414978
1237.120153
1244.700498
1244.700498
1249.715838
1249.715838
1282.725947
1296.521652
1296.521652
1286.902379
1284.734698
1269.551878
1266.23246
1266.23246
1287.062315
1296.735905
1313.01715
1302.45637
1302.45637
1292.052507
1254.638636
1250.836393
1241.034049
1241.034049
1258.619927
1262.537846
1269.690691
1284.436956
1284.436956
1324.570739
1317.664336
1321.30765
1341.905145
1341.905145
1344.849369
1357.255947
1359.278781
1359.73847
1359.73847
1358.792939
1371.691395
1386.656943
1374.267465
1374.267465
1365.67017
1365.065634
1365.065634
1368.678771
1368.678771
1368.452447
1368.452447
1378.633003
1392.183272
1392.183272
1413.219333
1431.94186
1427.903234
1414.18297
1414.18297
1398.075743
1400.409395
1417.690489
1422.96233
1422.96233
1431.063723
1451.5556
1451.838254
1449.939144
1449.939144
1444.564704
1413.397375
1419.754564
1428.431323
1428.431323
1435.201931
1438.682291
1455.464467
1462.687723
1462.687723
1457.066841
1485.003269
1521.686868
1517.392748
1517.392748
