100
101.0437343
100.1169929
100.0650691
100.0650691
103.196272
104.3616
102.8426643
101.7831557
101.6911388
101.6037227
100.5783918
100.7170744
101.1817596
100.7545384
98.57373838
99.40057576
99.17119083
98.33383724
98.85636165
98.35618419
97.39526507
98.40022084
97.43995899
99.83305509
100.8439262
99.86066016
98.57571017
99.24874791
98.86819239
98.56387943
99.4879918
99.96779409
98.85636165
97.3032482
94.44941043
93.76322743
93.23873122
93.46877342
95.09615764
93.73102152
93.4168496
93.9702654
91.75660221
91.10065332
89.56265692
89.35364715
88.0286041
88.2586463
88.86792949
89.69148055
89.92283727
91.68233144
90.15550852
91.36947406
91.33135278
90.23109382
87.61649994
86.12977009
85.43701445
86.69961747
85.34894115
83.44944987
85.33711041
86.02789426
86.78046087
88.85807054
88.45976891
89.24519869
88.80548946
88.15545594
88.26719072
87.27472296
87.27472296
87.27472296
87.27472296
88.19949259
88.09498771
87.61124183
89.16698434
91.24327948
93.20652531
95.21775137
94.95550327
95.96966072
95.96966072
96.80701432
97.08766579
97.22043301
96.2503122
95.81454655
97.33939768
97.56483904
97.55169377
98.86030523
98.95100758
100.5507867
100.7591392
100.2188687
99.17644894
100.9122816
102.4529071
102.4542216
102.4542216
102.7289577
102.0605208
102.876842
101.4400641
103.2278206
103.173925
103.6550419
104.0691178
104.5614081
105.5170691
105.129941
105.7826036
104.518686
103.4276287
102.9419111
106.5345129
109.8977298
110.447202
114.9271095
115.2938625
115.2938625
116.617591
113.2050793
111.7978784
113.276721
114.6083367
114.9895495
114.8429798
117.8315565
120.3758232
120.7452053
122.0603894
121.7041526
124.7085037
128.619221
126.6809512
125.8626582
125.0463371
120.9956226
120.5914056
119.3642948
122.2647983
126.1557977
125.8712027
127.4519212
126.989865
124.3082303
124.0749017
124.3299199
123.55895
123.499139
123.9105859
124.8031496
123.30196
123.658854
124.5415588
123.3026172
125.1179788
124.4488846
124.809065
127.6905078
126.4522235
125.8186216
126.0184297
128.032942
127.6306968
126.8570978
126.1268781
126.5310951
127.9047757
127.359247
126.0788979
127.209391
130.4983371
134.7935536
133.6525443
134.6476411
137.5737778
136.2730535
138.4768578
139.2195654
134.4636073
134.7725211
132.4412078
130.7237785
127.0174701
131.1017049
131.6262011
127.1239467
125.0699986
129.4322559
129.0720755
125.0621114
123.4130375
121.8763556
123.9178158
120.6439867
113.5113641
118.6044983
122.0649902
124.8038069
123.7738751
122.0314698
123.0377401
117.2827416
113.4863881
107.3613503
111.0617433
110.1396027
109.1477923
107.7951441
110.9500085
110.2960314
109.6933209
107.3173136
109.94571
111.9122422
110.6266349
108.3551326
110.6529255
109.6598005
110.2802571
106.6731955
107.0346904
104.2288328
102.8130874
105.7359378
105.020178
102.2708451
103.0424724
104.2334337
105.7753737
107.0767552
110.876395
109.3719191
109.2654424
106.4477541
105.6255176
105.6255176
104.860463
103.3395554
106.4714156
106.4536695
103.2449095
99.0423672
88.45976891
88.0502938
85.04857177
86.9631801
90.47428128
93.77834448
93.77834448
93.77834448
93.6002261
93.20718257
93.20718257
93.20718257
95.56084287
98.15769064
94.08002839
91.42731324
90.70235169
89.61063715
87.16298818
88.1239073
91.44900293
88.96849079
89.57514493
89.70659761
91.70533566
93.03826588
92.18382343
92.7162068
93.43919656
93.59825431
92.79047757
93.05009662
94.39814389
96.49547146
96.09914161
97.61873464
97.35385748
98.15111801
98.8931684
96.63941214
96.9312371
96.93189436
96.65190015
96.71039659
95.90524891
94.67025094
92.92916015
93.30642935
94.28378005
95.22826759
97.47085037
95.76788085
96.50927399
94.54405637
94.16547264
95.42939019
95.94271292
97.19151341
97.15799298
96.49810051
95.70872714
96.09388351
97.46887858
97.95262445
99.00753224
98.05187123
98.88396672
99.89615238
98.83598649
97.57404072
97.89675706
97.63976707
96.3778213
96.01961274
95.63774269
96.15632353
95.6088231
94.82667964
93.03695135
93.03695135
93.03695135
93.03695135
93.2821106
96.15106542
95.33080068
94.94827337
95.51943528
95.89013185
96.37453499
97.76398985
97.89872885
98.56650849
99.338793
99.6424487
99.16921904
99.94150356
98.81035321
100.4883467
100.4883467
101.7995872
101.4933025
102.8360916
101.2179091
100.1334245
97.89741433
100.0893878
99.98816926
100.8728458
101.8771443
101.8771443
101.7023123
104.2031996
103.5636823
103.7608613
103.6701589
104.5870414
106.5029643
105.8246684
103.6826469
104.4707058
107.8943909
106.5936666
106.3918867
105.0136054
104.2216029
102.8748702
103.0943962
103.1108278
103.0773073
103.9094028
103.1719533
102.2951639
102.0874686
101.6208116
102.0256859
102.0256859
101.3414746
100.6408318
100.7216752
99.78967571
101.28495
102.8584386
103.9080883
103.9909035
103.2232198
102.3306561
102.6441707
103.6905341
101.7154575
101.6464449
100.6382028
100.0111735
97.82905893
98.35224061
98.59805713
98.80378058
98.66904158
98.78340541
96.19510207
97.47676574
97.98351583
99.07851669
98.41730969
98.93391874
99.92967281
101.0010122
101.7430626
101.0621377
101.554428
106.2242846
105.7497404
106.3307612
106.8578865
105.9199716
106.7711277
106.881548
106.6837117
107.492803
107.5217226
107.7031273
108.3400155
108.316354
108.3571044
108.7889264
109.4672223
109.2628134
108.8493947
106.981452
107.1483969
106.6416468
106.8736608
108.2479986
109.0367147
107.6170258
108.6522156
109.3245961
110.9500085
111.315447
109.920734
108.949956
109.3272252
109.2812167
109.4580206
110.7252245
111.926702
112.4774887
112.700301
113.276721
113.4219763
114.8272054
116.8811536
115.8985448
116.7667898
115.2991206
112.5077228
114.1022439
113.9063794
116.3191934
115.8229595
117.0250943
117.9971869
117.268939
117.8539035
115.6323531
116.3763753
115.6941359
116.0819213
113.8347377
113.5389691
114.3605484
113.5455418
113.8689154
114.5787599
115.2656001
115.6573291
116.7227531
117.8893957
117.9971869
117.5279008
123.7068342
125.9954254
125.8113917
124.247762
125.5254821
125.936929
126.9694898
127.4118281
127.2337097
124.2484193
124.9115981
125.9139248
126.9688326
128.5620391
128.7263549
128.9590262
128.9590262
127.4920142
130.4266954
127.2862908
127.6793343
125.0338491
125.6759954
123.7022334
125.5872649
126.9366267
128.0105951
127.8653399
127.8653399
127.8653399
127.8653399
129.6557254
130.3156179
130.3156179
130.3156179
129.045785
130.8940097
130.8940097
132.2177382
136.9500348
137.1919078
138.2146097
140.4302446
142.2843847
141.7631748
142.7904776
143.043524
144.2660339
142.7904776
144.1654726
148.7308243
145.0626372
143.1900937
144.1832188
142.0891775
143.0507539
147.1382751
146.1398919
146.3015787
148.0130927
146.7682358
148.2477357
149.2500624
149.6891144
149.3144743
149.902725
150.0584964
149.29147
148.959552
148.2615383
150.8754749
149.3171033
147.7679334
150.3798983
151.4124591
150.9352858
149.3709989
147.0087942
150.7052436
152.904447
154.6218764
156.8151644
155.4776333
157.4481091
155.9672946
153.9606694
154.6599976
153.7503451
150.8504989
148.9917579
145.8677849
148.3055749
146.5368791
147.7837078
147.6391098
147.6391098
147.6391098
147.6391098
144.0070722
141.3569861
141.5804556
140.6491134
146.7708648
148.0275525
150.6007388
149.0660287
146.7018522
144.4855599
145.7593364
144.8181352
146.1458073
147.6226782
148.5435043
147.7225823
149.0200202
151.0148147
150.5133227
149.079174
154.6139892
155.1516307
155.1516307
157.3692374
158.3807658
160.3321809
158.0928845
158.0928845
158.2046192
157.5835053
158.366306
159.2555835
160.4366858
161.7978784
159.7419584
159.9871176
163.8676009
163.4416942
165.3786495
164.3638347
163.5093923
161.7282084
161.9569361
158.9368107
162.5603039
162.3913872
162.0423803
160.8842822
162.0588119
164.7897414
164.2553863
166.777306
166.9705415
166.7109224
166.3014473
164.2856204
164.9047625
165.587002
165.587002
168.5368002
169.8243792
173.1179262
172.0617039
172.1116559
171.443219
173.1737936
174.2411894
177.5998055
179.5919709
180.5982412
181.3054566
186.0515557
183.6847502
184.2342224
186.613516
186.6963312
191.8578208
193.8328973
190.8364334
185.5809551
186.3295782
188.3572358
192.5505764
195.1960617
194.293639
193.914398
198.4468865
200.1833765
199.9631932
202.3017365
199.9362454
203.1936429
205.4940649
199.5938112
198.7866917
200.0768998
198.6986184
197.2013724
193.6731823
190.1101573
192.9672814
197.2986474
196.4428904
189.0256727
187.6480486
184.9664138
186.0081764
184.3683041
180.9682805
182.2381134
184.4747808
187.7019442
187.462043
190.7437593
191.4213979
190.5163461
190.1804845
187.2576341
187.1978231
185.7045207
187.249747
189.3004088
191.7782919
194.2693203
197.3998659
197.6752593
198.834672
199.6503359
203.0207827
205.2456193
209.1458205
209.6210219
211.6999461
215.4161135
215.5265337
216.2409791
217.952493
211.5461465
211.9654805
215.8098143
214.8600686
214.1653412
214.4216739
210.6121751
212.5616184
219.4195049
219.2946249
212.3729838
213.0815138
197.5977022
180.8532594
198.0840771
186.8501308
189.1479237
197.0699197
194.5959802
198.7005902
194.8687445
189.5495117
193.3951599
190.091754
182.6028946
182.1763306
182.4116309
188.6286856
190.4900556
188.6990128
193.2867114
197.8698093
189.4594666
187.4508696
185.9076151
186.4321113
185.8162554
189.320784
188.4683133
181.3718402
185.6315644
186.5024384
188.3854981
185.7722188
180.9498771
171.8152301
172.2010437
169.6272002
172.2115599
177.4059127
175.1436121
169.1086194
173.8047665
173.7055197
173.7055197
173.7055197
173.7055197
175.3158151
178.5640109
178.5640109
178.5640109
182.0067567
187.192565
187.192565
188.9132807
186.39399
181.2325004
172.1675233
176.0019981
181.4309939
185.4304418
185.059088
187.1228951
188.4433373
190.376349
186.1442299
184.7238836
184.3426709
185.670343
192.1095527
195.0613227
196.1655252
197.4945119
198.4100798
196.5611978
201.7870992
200.9464593
202.218264
201.5563998
204.0204803
208.9959644
214.9218514
215.4193998
220.3935693
221.236181
221.0330866
222.1740959
228.1512495
225.0193893
226.6848948
229.4480302
231.840469
234.802098
230.7362665
228.4608205
225.3145005
227.3349283
230.4326108
230.1039791
232.7724685
236.1659196
239.834764
242.2180011
245.1737147
240.7463883
247.4629632
245.8178329
243.9163698
242.065516
248.0446413
245.2762478
245.6331419
244.6170126
245.9906932
249.0627424
251.9750766
257.8431244
263.4831018
259.9378229
258.5588842
258.5588842
258.5588842
258.5588842
265.8729115
274.2142416
273.0213085
272.4350295
283.4494499
288.2823078
281.1279955
279.9225744
282.5654306
269.569361
277.1081724
269.1671158
282.244686
282.244686
290.7319285
288.5044628
289.1498955
283.7892551
284.7534605
292.2672959
290.9054461
289.7696949
287.471902
283.3784654
278.0441155
281.8555861
283.0334021
283.0334021
281.483575
283.7925414
285.7419847
279.0385551
274.492264
276.0907286
270.3344156
271.2072614
273.144874
273.5260868
279.3685013
284.7528032
280.8966388
280.1749635
277.613608
269.8749885
262.0627555
260.7534868
270.5092477
266.4749648
266.4749648
265.4147989
272.7005639
278.080265
284.1336611
284.4235143
292.9127286
296.1195168
297.3702891
304.0086496
309.8786692
311.1241834
311.8649192
312.3039712
311.4133793
306.9361009
311.0367673
315.8308467
320.4842717
319.4937757
326.7900569
333.6479434
334.7258554
325.6260434
326.4942884
334.40051
338.0463502
326.7847988
322.7984962
324.1590315
324.7308506
324.4778042
321.4274447
310.2493657
300.4922903
311.0952638
304.7204659
286.7449686
297.2598688
289.9708175
290.9461964
289.1466092
301.3500191
307.3534631
300.8603578
285.3147635
286.7784891
293.3077439
282.2637467
272.0163527
264.5064609
259.1267598
250
260.5681385
253.9258344
256.7875593
264.5123763
278.8755537
281.0563538
264.5136908
268.221971
280.762557
273.8580048
270.0044694
253.0983398
249.2829256
235.36603
244.5368265
261.8734636
263.838024
258.3097814
271.0942121
266.8127982
258.7383171
245.0527783
234.7948681
230.5160832
236.6956739
224.8274684
202.5994768
208.4708109
236.2526783
232.0672249
229.0924507
241.1118268
254.1059246
257.884532
268.8351978
266.2271765
272.6420675
276.0388048
274.0735872
283.2220367
274.9280297
278.9550826
287.020362
293.9636928
292.3961195
294.1608718
287.127496
286.9750108
289.7315736
282.1940767
287.8518002
283.8017431
282.4287198
285.7222668
283.7984567
291.0303261
302.3516885
305.8134949
312.6733532
316.0181668
309.0682634
319.5509576
323.1902252
312.9513757
306.4326371
310.9381778
317.3813311
328.654056
334.9854745
333.4974301
332.4464659
325.5405992
323.796222
324.0308651
329.9475504
338.487374
344.8417967
348.7577721
354.9682542
356.4188345
364.6458007
364.6458007
364.6458007
372.6847896
368.3172742
363.7716404
363.7716404
363.7716404
382.9709621
388.3914135
388.3914135
399.2710949
402.0348875
398.8806804
400.2878814
376.6408581
388.9336558
394.22134
404.0093068
413.0585096
423.8796945
417.3169193
399.9802821
402.7092398
402.0105688
411.8964679
414.129849
414.7792252
405.1476871
392.4053212
396.0518186
400.3075993
388.9737489
394.0675404
382.1980203
374.2747098
388.0667254
396.8365912
392.7109487
397.417612
386.7725737
383.187859
390.4907129
394.7859293
406.2413734
413.2182246
409.4560488
404.4365281
400.7703127
407.2831359
411.4225809
411.2142284
425.8600292
428.4923692
433.592076
435.882639
437.1261814
434.1487781
425.4466105
429.5571359
424.8268111
419.7205316
429.7129073
432.1737016
425.7141167
416.4821947
434.2486822
438.0726408
442.8069092
445.8658131
465.7940399
465.7940399
465.7940399
465.7940399
473.9414773
472.9937034
469.4517109
486.3617841
473.5188569
486.773231
481.0773862
463.4791582
469.1506842
458.4806699
429.6675562
450.7808289
482.6232698
469.4964048
463.8025318
474.958921
461.8412577
457.1562841
471.6824629
462.5957961
456.5009925
449.398604
446.0899399
454.7730469
461.7124341
468.1312686
473.9020415
473.9020415
467.2768262
464.3263707
462.5004929
461.7262366
465.1518936
464.8416652
446.4639228
448.1090531
447.3992087
446.177356
449.7541835
452.5074599
462.9651782
458.4464922
461.5211705
468.9837393
481.4375665
483.7327304
486.6016852
477.9639294
498.6020007
491.8249576
496.2667438
508.6370986
513.067054
518.2890119
536.5155837
540.9599989
529.5742248
524.9990141
524.9990141
519.3840127
533.701839
530.1664191
549.3880878
563.7565233
578.5679545
577.1331484
574.8623033
570.1247486
568.4014039
568.0924901
558.9677021
568.0596269
584.0771364
588.0437212
589.9044339
569.4747151
555.9442904
540.5616973
527.5860029
529.6116888
528.0289985
523.7889922
510.71668
518.9259001
511.9812548
510.4813797
497.2092595
480.4293245
495.286764
504.7940794
480.3918604
490.1863999
509.6473124
519.6876684
523.4064648
529.2225888
524.4620299
503.6767316
507.4251048
512.5583321
506.5700051
521.9138196
527.883086
519.3840127
514.7075835
507.0899005
505.6662679
492.9041841
513.1091189
525.0305627
524.6224022
518.8923797
525.8475412
536.8645906
540.0970121
533.2772469
535.81757
527.1081724
525.9947682
540.2652715
542.7372392
532.0139866
546.092569
531.1155075
539.8801152
540.3323124
540.4992573
532.1631854
533.0767815
539.7644368
555.0267506
555.2837406
553.3231238
561.8550603
570.362678
561.9240729
560.9033428
553.84762
537.0939755
532.8605418
550.5028065
549.7200058
556.7638978
582.9565023
583.2903921
591.1085405
597.8257726
620.4139445
645.8848737
640.2882757
636.0351242
645.0619799
651.7180866
662.4761742
672.6479829
660.764003
660.9664401
675.3637953
672.6026317
697.6686867
696.1543517
733.6479434
774.332549
750.3437488
744.0892301
766.8285726
768.9239283
796.4580074
828.3175371
858.4399196
815.3714196
817.2833988
822.6992494
883.50466
883.50466
945.8986763
955.6971593
954.017194
940.5354068
939.7953282
930.9610506
881.0754144
917.2958868
946.5776294
1006.605497
982.489188
981.6018824
1004.357656
1004.357656
1012.041723
1018.976509
1029.854876
1068.411263
1068.411263
1124.989812
1033.755077
943.2242714
943.2242714
983.4553652
1004.924218
993.2288723
985.8898689
1026.657947
1071.748847
1090.28236
1061.491594
1045.367607
1057.315999
1053.135147
1079.693189
1065.257713
1072.604603
1075.098918
1121.117874
1095.064609
1102.051976
1139.127549
1138.187005
1184.562197
1180.558148
1199.244804
1214.522892
1196.249655
1181.735307
1141.997161
1130.766501
1127.772666
1135.491567
1168.24629
1145.717929
1148.031496
1157.54867
1195.691638
1228.307021
1196.879971
1207.720873
1199.904697
1248.5205
1318.09249
1369.976207
1341.949838
1285.501426
1274.189266
1318.415206
1265.485783
1307.688667
1215.510759
1163.078227
1200.619799
1243.865761
1206.209168
1254.655397
1270.680793
1318.929186
1325.722004
1341.648154
1343.13817
1213.438408
1247.769905
1197.638453
1170.015643
1141.932092
1233.041947
1276.706584
1263.532397
1160.879681
1169.381384
1126.9478
1068.281782
1065.707281
1123.338109
1182.748807
1194.226598
1194.226598
1194.226598
1151.086456
1207.3975
1276.386497
1348.055815
1348.055815
1393.484548
1343.353095
1339.241912
1335.011765
1319.747479
1296.11886
1186.670698
1233.688036
1303.019468
1246.999592
1330.303787
1299.974367
1308.465553
1196.095855
1077.566942
1107.135909
1067.823669
1156.973565
1114.647773
1160.471521
1174.396304
1203.469036
1203.469036
1337.822881
1298.624348
1262.738422
1246.705796
1290.101613
1292.706348
1310.080449
1280.957764
1317.180866
1281.646576
1289.816361
1290.369776
1357.178631
1329.511127
1284.877683
1284.877683
1240.057576
1198.974012
1177.348074
1058.829019
1141.096052
1173.163935
1203.286974
1161.059772
1144.06754
1193.497693
1223.602987
1190.299449
1206.483246
1253.933064
1260.334153
1294.511193
1274.724278
1244.158243
1245.347232
1230.077031
1234.367647
1204.675115
1210.530674
994.3751397
1022.131374
1033.599963
1025.106805
987.8623165
931.7050728
981.6360601
932.4832726
951.1712434
969.5358406
981.6728669
980.8401141
1005.051727
983.8010858
972.5500506
966.1929988
996.8812851
992.858833
1017.575881
989.640214
989.8492238
992.3238205
995.1848882
988.1068185
1004.061888
1049.259921
1107.873358
1156.600239
1097.301934
1060.410395
1082.988708
1048.350926
1060.325608
1059.77285
1055.18778
1089.755235
1082.800074
1084.687734
1059.296991
1063.406859
1012.802834
988.3217436
1026.606023
992.1693636
984.1290602
950.9096526
964.3388587
963.017102
992.7661588
968.5275985
966.7155232
929.1476608
874.2241005
848.8254703
795.7455339
794.6433031
794.4895035
819.3242018
802.7762807
761.5888686
901.4748991
922.0308125
941.9662692
999.7009451
983.1931171
949.5247985
959.2654424
976.4272475
998.1728077
1020.973276
1029.371788
1034.593745
1026.610624
992.0937783
992.5551773
980.2774966
929.5334744
878.5587528
954.4601896
990.8482642
974.0367805
978.7138669
951.0069276
971.9756024
953.2317642
964.6668332
1022.794553
1029.227847
1011.483049
1014.133135
984.0626766
1028.437816
1002.950455
1086.781775
1086.781775
1126.880759
1128.424671
1161.368028
1148.348297
1117.146031
1101.553771
1046.35416
1040.934366
1060.554336
980.2387181
938.6773231
952.6264246
952.6264246
952.6264246
957.8825602
971.1592812
972.9095737
972.9095737
940.703009
869.2223259
957.7760835
961.1517884
933.5855034
864.6188529
854.6777437
899.7824458
918.0050741
917.1098813
871.0376875
910.9381778
909.1418769
904.5390612
886.0831044
872.2076164
881.9587764
859.316709
851.3250431
841.0717337
799.9217857
814.9297385
782.9361271
774.1031641
756.4655002
782.8066462
741.037556
730.3517674
672.5783129
693.8578734
688.7910297
643.1815493
697.9217331
653.0733637
637.6907707
638.4163895
612.9789807
574.3378071
542.1693636
556.7284056
567.4904368
562.2757089
554.860463
588.3230581
614.3592339
639.5041605
625.9408726
598.0939361
586.3584978
543.6021979
561.095921
559.7445874
616.0510299
605.6820422
623.1731363
648.0952506
619.9939532
587.1912505
628.0151959
657.3179709
633.8595822
623.8034519
592.9350755
591.5088139
590.2508117
555.6695542
552.6928082
587.8491712
580.0783458
584.0284989
618.3751134
644.4342934
644.4342934
644.4342934
644.4342934
620.1221195
691.905801
706.9492461
723.3617709
713.2701484
708.6121226
699.7936193
710.422226
746.1366056
780.7290366
780.7290366
785.1412459
762.7167326
767.8460163
772.9838445
763.299068
750.2188687
780.8263116
760.1961274
737.6099273
741.6244923
736.8921957
778.3806344
798.4587173
804.7717324
815.9484968
795.6331419
795.6331419
774.3404362
770.9594731
759.3331405
727.6116362
724.0873897
723.9710541
728.4746231
752.5679282
756.9623914
753.760204
750.209667
726.2879077
589.1255767
615.5377072
578.4200702
573.8777227
573.6660839
587.3917159
574.0426958
583.1096447
583.1096447
579.3862474
568.6623375
565.4640937
564.8226046
586.5070393
596.4586647
586.3670422
572.7235682
551.7496352
523.8376296
508.0409607
501.0996017
482.7409199
503.7864946
494.231199
481.5815072
467.9262025
469.3432624
517.8670488
498.5487624
501.8876605
504.1933406
499.0548552
506.941359
529.7589158
544.9417007
554.6429088
546.8898295
561.2543215
555.6873004
543.5147819
547.0055079
529.5742248
498.6611544
476.2116651
485.1905407
498.7341107
481.8417836
464.3776373
447.3045627
441.5443061
450.9609191
447.8395751
455.8857939
456.0928319
447.9808868
435.9595389
422.6716443
404.1558766
413.9793356
412.4899767
413.3378465
394.4954189
378.1183863
362.725277
374.9444612
360.2329342
386.691073
398.8465027
375.7620969
393.8184376
397.7061507
402.4989155
400.4305075
389.0953426
415.14795
420.5506553
413.508735
390.5498666
410.1534053
388.3868127
397.8132846
388.205408
422.2155035
424.0321796
430.1164671
439.6546738
448.3259501
474.5310426
476.9478001
462.0469812
476.4686551
497.3249379
472.2181326
491.5469352
504.0401982
533.0958422
538.8468971
518.4454406
534.1330038
523.8737791
496.2332234
519.7573383
517.5371025
529.8305575
546.5230765
558.194103
548.0584439
574.7893471
557.0695253
542.9804267
578.8302026
589.4187162
604.7697606
613.6257279
602.7184415
579.4920668
576.9517437
599.4728747
601.8147043
611.4258673
581.4618853
568.1398131
557.6919538
575.0292482
567.1453735
586.3736148
615.5035295
615.5035295
619.0369776
598.7577721
622.5875146
615.0736792
589.5376809
584.4195707
607.2174096
611.7834186
595.9506001
583.2509563
600.4771732
600.4771732
600.4771732
600.4771732
611.8366569
625.0397644
625.0397644
625.0397644
607.2450147
637.7821303
638.2238113
632.364308
600.0617828
591.1650651
579.2797707
590.9429101
556.6508485
564.5458967
558.4017983
571.8066857
567.6350348
541.2058155
541.1466618
550.2964258
594.6794526
584.7179683
599.0351373
594.4040593
575.999369
591.8150987
602.6251101
595.6870375
567.7940925
556.1289814
567.8887384
560.851419
577.3651624
584.1251167
590.3244252
593.6015406
576.1610558
569.224955
547.2394936
532.1559555
540.2310938
521.6837774
536.6444073
547.5865287
559.798483
560.1645788
558.9446979
594.6433031
591.9235471
598.9378623
612.6312884
619.506921
607.8654713
577.6583019
576.5199217
570.4067146
570.5026751
582.6357578
568.8969805
550.5290971
548.4133661
553.7641476
552.3615475
547.574698
554.2597242
554.2597242
554.2597242
554.2597242
540.8495787
542.4644749
533.5802453
534.9874463
515.2393096
523.9736832
513.3049834
497.844176
503.9777582
513.4857308
534.4839825
543.1263392
490.8324898
474.2687944
459.4803675
457.1148765
437.6480486
446.7406307
448.8800231
440.0753224
442.9041841
442.9041841
451.3526481
426.8071458
422.1504345
423.6417651
443.7461386
443.7461386
431.4664861
436.6628107
451.1107752
454.2308046
446.0255281
442.6498232
438.1725448
433.2023188
409.4849684
402.5915897
401.8061599
399.7462963
398.6335494
392.6853154
382.7251456
397.8330025
386.4958658
374.0703009
382.8638282
377.1298621
356.3603381
361.5921549
376.024345
360.1008242
356.8039909
357.076098
373.6529386
373.2868429
360.0975379
359.5342631
359.5342631
339.0723384
348.20107
347.7915949
363.8827179
381.3067711
378.2445809
364.0693807
360.5891709
374.5054093
392.4979953
389.8459375
381.2055526
373.6082447
362.6490345
365.3977101
350.5777345
348.7847199
364.6313409
353.1068842
337.4285226
330.9091268
309.5579246
295.8658131
299.9612215
302.6941228
323.3229924
328.7342421
328.7841941
317.0428404
305.8220394
292.1010082
305.3987617
307.6032232
316.3987223
331.877933
330.0928056
328.6402534
314.9264522
328.9787441
336.9276879
353.0411578
352.9399393
357.934484
370.5256793
363.3266731
354.7960512
361.2208011
347.3978941
342.8719782
342.1312424
336.0265797
319.8302946
322.1346601
330.7086614
348.3404099
347.5451211
348.3496116
367.9991587
354.8821527
350.3897572
342.0326528
343.0665282
325.8580574
324.1872938
325.6543057
316.7017207
309.8043984
321.0482037
346.0432742
347.2638124
325.9605905
331.4579417
344.9903382
338.4715996
326.1847173
322.4606628
319.5529294
319.8565851
327.7930409
347.4879392
345.221695
371.8579522
357.4382501
387.4673011
389.9800192
386.7245935
393.5206972
379.4171388
396.0321007
391.1867548
402.0914122
380.3944895
387.4429824
397.2716996
384.8428483
409.513888
411.8471731
400.7065582
391.8486191
385.4981399
372.6966204
381.5440432
390.009596
408.999908
408.460952
418.5906958
406.5509445
411.365399
433.5723581
432.1263786
440.9146478
428.9997765
444.0701694
454.1788808
447.7902804
458.2302525
427.6122935
431.7063873
426.2517582
426.2517582
415.2563985
402.6053922
397.0883231
398.8359865
390.5400076
401.1975339
396.5434517
382.4024292
379.4131952
376.6185112
377.1305194
377.1305194
377.1305194
377.1305194
361.609901
364.7174425
364.7174425
364.7174425
385.4481879
386.9342605
386.9342605
380.1467012
364.3730364
376.8386944
377.6747335
375.2803228
381.044523
373.9572516
364.9612872
354.0309965
351.3414746
350.8090913
352.472625
340.2876185
338.9606036
327.6484429
323.4702194
329.0576157
335.2003996
320.8464238
331.2909968
321.7587055
321.869783
315.7408016
315.0927399
314.0641226
328.6218501
320.1010871
308.8875159
318.0951192
324.7374233
330.5022807
322.2470522
315.5166748
314.2948221
317.7461123
304.0073351
300.6572634
299.7725869
307.6452881
308.2611439
302.0868114
299.4695884
299.4268663
286.5096683
286.528729
289.1584399
299.2224574
307.9141088
324.1097367
336.0410395
341.4864669
344.6242425
338.5432414
351.0627949
334.1888712
333.2358393
331.6446045
327.8535091
325.09366
305.4861778
313.703285
329.7543149
333.7195851
330.6541086
345.6331419
333.3633484
335.4567323
318.9528479
322.3627305
324.2917987
331.251561
328.7099234
346.569085
346.569085
346.569085
350.8537852
359.9049597
355.6445782
344.760296
353.1785259
355.7668292
356.4733874
356.4733874
347.2289774
357.4027579
355.2443048
359.3673182
348.1596624
344.9121239
350.4101324
354.5817833
351.4085155
358.9098629
356.6639938
344.2607758
339.235997
333.6085076
340.840377
334.3650178
331.1325963
331.9173688
351.1344367
351.1344367
354.6876027
361.2286882
358.1086588
359.0932394
350.1774611
364.0016826
357.4632261
353.6701589
357.7550511
351.9658749
345.5864761
348.9983306
354.9971738
355.3902173
361.644736
361.644736
353.0483877
345.2611308
346.8819423
348.3318654
352.0552627
343.2689653
335.9404782
342.9252166
345.7415903
342.2015695
359.0636625
365.0874818
374.83667
376.0795552
373.42684
379.3211783
376.7217015
376.5238652
334.6259514
332.2144519
325.8468839
326.7276169
327.6569874
334.2605129
330.2374035
338.9750634
336.8941674
338.0003418
340.4059259
333.0958422
328.5482366
329.3323518
319.0133162
317.1125104
321.5201188
324.1537733
326.9241387
329.3126339
333.8497233
332.461583
337.0854311
349.9362454
350.9609191
358.5312792
362.2803097
356.4267217
352.0552627
365.0861672
367.7250799
370.9220091
373.3551983
371.3498876
383.9055907
379.3698158
374.0367805
377.1975602
363.6138972
349.3473374
351.1350939
350.7775426
352.228123
354.1282715
352.5797589
353.9080883
352.3464304
344.1996503
342.2515216
342.3520829
335.8484613
338.9257687
343.2748807
335.5592654
339.1038871
346.0735083
361.2700958
356.8250233
353.5058431
354.9169876
365.0164973
361.4712184
369.1421398
363.8294796
368.1661036
357.8096039
366.0924375
362.9395449
366.8423751
361.1103808
359.7150106
360.7436278
359.1293889
365.7605195
371.4951428
371.158624
371.9361666
380.8874371
378.1722819
372.9588685
382.1756734
386.4380266
382.3235576
377.431546
382.4333206
386.7121055
386.0338096
376.6691205
377.2948352
371.5273487
375.2704639
375.2960972
387.960906
381.4480828
380.7941057
383.811602
380.6567376
379.1640924
380.7789886
381.3442351
385.4915673
379.9008847
374.8958237
373.4255255
369.5871071
370.330472
369.701471
370.8102743
361.9858557
356.7875593
356.9157257
357.5006901
353.2534539
355.90354
355.90354
355.90354
355.90354
351.898834
354.23672
354.23672
354.23672
358.2775755
360.9795854
360.9795854
365.5554533
396.1405492
398.5073548
402.7079253
399.9881693
405.8713341
403.9725001
411.6808855
414.8173465
409.5316341
398.6618117
410.7686038
411.5665216
410.851419
413.0617959
410.7778055
405.8174385
406.1782761
407.1483969
407.1674576
402.7867969
399.8258252
406.537142
413.5238521
422.2128745
426.2070643
429.8088678
422.9168036
424.9017391
428.252468
430.7934484
437.3108725
432.5187649
439.148581
431.2436738
428.5810997
430.9045259
431.865445
434.1461491
442.4809065
442.8410869
450.9766934
454.211744
456.075743
445.0278022
440.511088
428.9708569
426.8321218
418.0083604
418.7372655
426.3799245
412.8034914
408.8539955
397.2375219
400.0164316
400.1656304
408.2473414
402.1071865
408.3360719
407.0629527
411.5770378
413.8524838
428.4680504
427.5104176
377.0674221
367.732967
368.9627069
368.9627069
368.9627069
370.5670869
363.5297675
358.3577616
338.6385446
342.115468
347.539863
342.1056091
348.5402179
349.8508012
350.4600844
347.953939
342.0089914
335.1267861
328.1413905
330.0152485
326.1347653
330.8506303
325.0548815
327.5675995
319.3912426
322.7459151
317.5502478
318.002445
312.2152406
307.1069893
312.3604958
317.4247105
317.4247105
308.1934458
312.2454747
307.6886675
310.5497351
315.8499073
314.8009149
318.6905998
314.9487992
314.4012988
314.4183876
320.2995807
326.2386129
326.4357919
329.0030628
327.6306968
331.1457416
325.5524299
327.2724883
325.4998488
323.6667412
326.5140063
327.5925756
324.6053133
326.9096789
329.120713
329.120713
330.7704442
329.4013645
333.1530241
335.5033981
330.355711
329.7234236
326.620483
324.3318917
326.7026409
328.0828941
325.7726131
324.8997673
320.8687708
296.5736858
293.8979664
290.765449
293.4037043
297.3893497
290.655686
290.6550287
290.8916436
292.4979953
289.076282
294.2850946
294.8602001
293.5187254
296.6887069
293.7211626
293.9834107
284.6088625
282.6554757
285.952309
284.140891
280.640306
282.3307875
285.4514742
290.3283688
291.3129494
293.6935575
291.2163317
295.7711672
295.0600082
294.5933511
298.5034112
298.3995636
298.066331
294.8049899
295.885531
301.2244817
304.9275038
307.3021966
307.64003
309.3206525
320.6137526
320.9200373
323.4807356
321.9880904
320.6505593
323.7390401
325.9750503
327.7411171
326.6737213
324.0216634
320.1319785
321.1507368
318.5939821
316.8601212
320.2916935
320.5730022
330.4089493
334.6844478
333.3357433
332.2808355
333.7024963
329.4973249
328.6737739
324.7157336
330.5870677
331.7938033
336.4853496
333.9193932
343.1013632
335.4751357
337.4042039
339.2090492
332.8717153
331.6018824
337.8465421
339.7013395
340.9455392
345.2558726
347.2776149
347.6686867
346.067593
349.7706151
347.5753553
350.1038476
354.8335152
359.9450528
359.4284437
358.4425486
354.9511653
360.8100114
361.6565667
357.2410711
355.1483444
352.8255754
353.9987906
356.3287895
357.495432
356.8887779
354.6567113
356.3945158
360.7968662
354.6567113
354.6567113
355.010319
350.5468432
345.5641292
345.4773704
342.394805
342.2245738
341.5291891
338.5412696
333.1530241
337.4423251
341.564024
345.0350321
345.7580219
345.7580219
343.6725251
343.205868
342.2758403
341.5600804
341.5600804
342.921273
344.6761663
342.2784694
342.2784694
344.5900648
347.879011
342.7418401
338.6326292
338.6852103
340.6326818
343.779659
342.1174398
339.8492238
331.2219841
329.1384591
327.4716391
328.3109645
330.7099759
342.3658854
340.2343801
344.7123158
348.4495156
351.9441852
353.9238626
356.2163974
357.6860384
360.5155574
360.4333995
359.0307994
363.1676153
362.7870598
363.7992455
361.6158164
359.5730417
361.559949
360.1488044
363.2372852
357.333088
358.8507092
364.6221393
363.728261
365.1302039
364.9980939
365.1420346
367.8696778
368.7096605
366.9514808
366.3165644
364.0121988
364.5754736
364.6208247
368.2804674
362.3282899
364.4413918
363.5705178
360.9592102
359.7163251
355.3586686
356.0790294
356.0790294
356.0790294
356.9341291
355.6511509
357.1615422
356.9058667
351.2179091
354.3931487
355.5302144
360.5083275
358.3768223
355.8614752
352.976746
354.9439354
353.3178657
343.8618169
340.1719401
345.8368935
349.9914556
357.2706479
362.2231278
363.2162528
361.0190212
356.5792068
357.3449187
356.4451251
359.5842152
359.4613069
364.3151972
364.3151972
373.5983858
376.0683817
373.1829953
371.8415206
375.3177869
379.020809
381.0392649
380.5384302
388.6464317
389.7637795
388.2073798
390.2159768
390.5518384
384.9447241
387.7361219
389.0710239
389.4022846
388.4282203
396.4428904
397.1514203
396.017641
391.9347206
396.8471074
395.5805608
393.0757299
396.9851327
398.7945789
402.1190173
399.4288381
402.9057616
401.8179906
401.7647523
405.0116336
408.0422752
408.7981281
408.7981281
398.9010556
400.6441181
404.5259159
400.2747361
401.6326423
402.5245488
403.932407
407.2377848
400.9510602
408.5463962
414.0969858
411.6874581
416.5472638
417.313633
417.5252718
416.6938336
423.7705888
418.5229976
395.0034835
389.9911927
388.2599608
389.8203042
395.995294
399.8862934
398.5960853
396.559226
400.2530464
400.2011226
397.0929239
394.7017996
397.7712197
401.7818411
406.8243661
400.8386681
400.9195115
398.9049991
396.6946223
393.5391006
392.6320771
396.8990312
397.7646471
396.1878722
394.5197376
391.5173583
388.1948917
389.7762675
391.4923823
395.1822591
398.0157217
397.3505712
399.987512
402.3247407
403.7483733
402.0072825
406.2374298
407.1470824
416.4966545
417.4023635
417.2465921
416.0622034
418.0431954
420.844452
416.2403218
417.0007756
417.3254637
421.5319496
419.0612964
419.3511496
418.9995136
425.9888528
431.0971041
431.2877105
426.2747624
419.3406333
415.9544122
418.5506027
420.9897073
419.5470141
412.9369159
413.0552233
414.7154707
415.8742261
408.7922127
397.7074652
394.8017036
399.9053541
400.795946
402.9438828
396.9936771
397.5069999
411.1156389
414.9645735
415.6678454
420.9555296
422.8898558
421.772508
420.782012
421.685092
421.9565417
427.1384065
428.826259
424.0781881
420.3094396
424.2425039
425.7121449
426.9589736
426.7217015
430.0809749
429.534789
431.9554901
428.3753763
426.5245225
423.7252376
430.4365544
432.4543531
434.7087666
434.7087666
442.699118
445.4859148
442.2442917
442.726723
444.1523274
446.3482444
443.385301
448.4560882
448.7663166
447.0870085
447.7482155
448.2313041
452.7026672
452.7026672
454.3011318
450.843269
452.1255899
448.8241557
450.7854298
454.2222602
460.8481327
463.1038608
463.1038608
466.470364
461.4869928
460.3860765
459.5717272
457.0452066
457.5013474
454.5134279
451.2027921
455.8641042
451.5353673
449.154102
447.2519816
452.854495
449.7364374
454.5305167
454.9380201
457.1740302
464.3605484
461.7190067
459.9923757
459.8201727
457.5532712
458.8835724
463.186676
460.2651401
461.2352609
467.8387864
474.9595783
478.6718021
479.1916974
481.3941872
485.5717534
485.7879931
486.6404638
488.6306574
488.8304655
481.7878879
482.7816702
484.5464225
482.3564208
486.7929489
489.837393
496.6308677
505.0813035
506.210482
509.1609375
513.4324925
511.7932775
513.4732428
512.5096946
516.5485783
518.4888199
513.1156915
509.4080686
510.9355487
509.823459
503.5518515
505.5131256
521.3847226
513.4798154
515.9734728
510.9348915
513.3680807
514.192289
511.8083946
510.7975234
518.526284
513.6796235
515.113115
515.113115
515.113115
514.0417757
519.2709634
537.6999724
543.9840679
539.0651085
535.1287579
537.2037385
530.2551497
522.9759573
522.9759573
525.8278233
523.6069302
527.4860989
527.9034611
529.0142363
531.0813298
524.9398604
514.3559476
498.4146806
498.7459414
499.6812272
485.6151328
476.3253717
476.1544832
460.3446689
479.6406084
475.7811576
475.7811576
491.9748137
491.5272173
480.0684868
482.5897493
490.1160727
489.3759941
484.6364676
465.2393096
468.3291049
453.1785259
462.1153366
453.687905
440.9856322
441.6356657
459.0682634
452.4239875
462.036465
460.3795039
460.5333035
459.2956765
459.2956765
459.8116283
457.1970344
448.7972079
458.2046192
471.3229398
473.5681516
474.3956463
468.0300501
470.3869967
463.4857308
464.5511548
458.4911861
461.2490634
449.1094081
444.3495064
442.2804412
442.9929147
461.5928122
465.577143
458.7816965
467.4746625
467.5219855
462.4170205
467.6600108
468.2462897
467.5817964
463.6119254
465.1164014
461.9608797
468.7293784
460.2112445
462.9881824
469.6028814
467.3031167
466.2475517
472.2424513
477.5827166
487.67894
491.5567941
488.0614673
488.5070919
495.3459177
489.9524141
487.0683423
486.1600042
489.9616158
488.2224968
491.2965178
488.477515
485.1281006
485.2720413
480.3944895
472.0741919
465.9248354
466.8154273
464.022715
472.3693032
475.8600292
472.5323045
471.2480118
468.5729497
464.8640122
468.8246816
472.4593483
467.1861239
464.424303
470.9489569
477.5958619
481.0892169
481.4783169
478.7329276
476.9077071
475.1422975
478.1742537
479.0070064
479.9784418
488.0095435
493.6087705
496.4862698
496.9207209
499.5182259
492.4335835
499.7909902
492.272554
492.8640911
495.935483
494.6018955
492.4874791
495.1231054
498.0334679
496.1293757
496.067593
494.3817123
488.5005192
488.1423107
493.6771259
497.4616487
496.0104111
498.6973039
495.7659091
496.7859819
499.780474
506.3820278
506.03565
501.9277536
502.9320521
507.1970344
514.3250562
513.0473361
510.1350019
498.2898006
492.8285988
500.5652465
493.5114955
488.9113089
490.3750345
497.709437
497.709437
503.0168391
501.5629724
505.6242031
506.389915
507.8181484
508.0547632
511.6736556
512.7574829
506.5443719
508.0048112
507.3337452
506.1999658
506.1999658
506.1999658
512.8672459
511.4777911
510.4623191
510.4623191
516.1870835
514.7036399
511.3489674
498.1202266
496.8977167
496.5782866
490.7595336
500.8912492
500.7492803
507.2791924
510.2296478
511.5783524
508.915121
514.7424185
511.6775991
510.3413826
518.2541769
527.8975458
531.6321165
534.0495314
540.6050767
537.728892
541.6159478
542.5663507
544.4461241
543.2669935
544.8608573
540.8686393
543.9978705
539.3497036
542.1673918
553.7556032
553.2928897
557.1293363
561.1767644
560.1836394
557.615054
558.1829296
559.1274171
562.2895114
542.55452
533.2792186
524.8005206
528.9964902
525.4268926
527.2797182
533.5118899
541.8637361
541.3596151
538.5945079
532.8894614
518.8299397
530.8309124
533.8819292
541.416797
539.1978757
542.7786468
555.9889843
557.0057708
551.814047
548.9950442
543.2972277
549.9066686
551.3782814
547.157993
554.5666662
558.7823538
561.6401351
561.6401351
561.6401351
563.8294796
562.4978639
559.0261985
561.193196
565.6593009
565.0289853
560.7896363
569.5503004
578.481853
578.6198783
573.4728484
579.8174122
587.3884295
584.729799
582.7593233
582.7593233
592.0359392
591.1565207
590.4512771
589.6697909
580.0297083
579.0852208
575.877118
577.7963272
590.3526876
594.3863131
598.602658
598.602658
604.8906971
609.5382067
605.2995149
607.705099
607.0714971
609.5316341
612.5386142
609.0879813
614.5971633
622.3936219
632.9275827
634.6772179
629.220617
623.1120108
615.4391177
617.8131532
625.4216345
616.9061296
618.9337873
631.3258318
641.4700354
635.7985093
633.6242819
637.396974
625.7607824
625.7607824
620.452723
618.2101403
612.1179656
620.6991968
620.7327173
626.0683817
634.6903632
635.8432032
629.9850144
634.5733703
636.1212257
632.4707846
627.6891933
639.5232211
645.7080699
644.8970068
642.1746217
635.6144756
636.5898545
629.1062532
628.3352832
620.2220236
609.648627
595.6541743
603.2955188
606.207853
616.9113877
601.7312318
628.0375429
614.9349966
607.5723318
611.3575119
628.1716246
618.074744
599.4124065
626.1262209
618.9166984
611.0499126
586.8152958
599.68057
608.4938152
610.1238284
626.3818963
622.4442312
627.052305
629.9015419
618.9259001
637.838655
650.1380253
655.7431677
656.7586397
664.7522774
655.1167957
664.5334087
654.9537944
649.5905249
661.3443666
652.5429522
653.5150448
650.6428036
650.7867443
662.8429272
691.6606418
686.0660155
693.742195
691.9288052
684.5418217
698.8708214
703.2159899
701.6536748
695.4491081
695.3373733
691.4056235
679.6169469
685.7695897
682.4471232
682.1467538
688.7785417
704.3142771
693.3583532
678.6902055
664.3178263
679.8515899
689.6415285
686.8277838
681.1851774
692.7510418
693.8802203
705.2594219
710.1573489
714.0779252
709.8497496
712.6523208
709.5230897
709.1405624
707.3797537
720.3160123
728.3806344
706.5739487
683.8885018
677.2698592
676.1084748
682.072483
675.6667937
668.9811102
664.2652452
673.1481603
648.677586
652.3569466
659.7524746
664.7680517
650.4081606
675.8613437
680.9873411
687.9405308
690.2153195
666.8187136
677.9573567
677.9573567
682.3708806
688.9776925
687.7492672
687.7873884
667.0080055
668.4585858
648.3377808
640.7858241
644.5940084
652.5896179
672.6815033
672.6815033
672.6815033
672.6815033
669.7533948
667.6238613
667.6238613
667.6238613
655.3908746
658.1080015
636.6095724
617.4805779
622.9838445
605.3665558
602.2005179
601.5018469
609.0492027
599.2060258
589.8479092
585.5724107
572.1938138
538.8679295
551.9540441
538.5859635
598.2313041
610.2184744
592.6524522
597.8658657
599.36114
608.7600068
626.3155127
630.148673
599.4669594
607.0432348
593.779659
605.0182062
608.4786981
633.3843808
629.2758272
626.0927004
612.1744903
628.6336808
626.8268637
623.0528571
624.9372313
617.5311871
628.1289025
638.2967676
640.7148397
630.3885741
612.283596
595.6456299
575.2349717
591.1709805
579.1312292
572.9135173
562.7180471
551.4525522
560.4255123
556.2650349
548.0748754
525.0220183
545.2946512
525.8291378
511.729523
511.729523
511.729523
543.6120568
543.9433176
543.6271739
546.2463686
546.267401
576.5100627
575.5563735
570.2811773
568.2061967
575.5432282
568.835855
560.2842007
555.6281466
549.4314671
545.3406596
544.0070722
559.8609231
515.2761164
520.6610755
521.0159978
515.1959302
519.6640069
514.9238232
526.2819923
532.41426
530.8591747
542.7549853
542.7549853
543.9360877
540.9540836
535.6966335
551.3828822
545.6337991
535.9904302
535.8878972
535.1451895
541.0388706
535.6999198
543.682384
558.5779449
544.2745784
540.7424448
541.4430876
530.4799337
526.6342855
524.7459677
531.5650757
530.3635981
539.3989983
529.9120582
533.1411933
526.4647115
515.4417467
505.2850551
503.2758009
499.0561697
490.5393504
491.5942581
496.6716181
493.2472756
493.7461386
486.9441195
476.0854705
476.0854705
467.1046232
465.9622994
483.9279376
468.9535052
460.8021243
464.7095553
454.6580258
449.2093121
456.9262419
452.3661483
460.5760257
453.2731718
464.900819
461.3325359
456.16053
454.1598202
446.1103151
452.3339424
473.6621403
481.9495748
483.8904736
475.8942069
475.1725316
471.8421779
477.5728576
472.3969082
470.7741249
475.9329854
475.5241676
467.4812351
467.9242307
477.8167024
481.0274342
477.0154983
482.0199019
487.3627963
484.1218303
469.5825063
478.5291759
479.7766619
476.8393517
465.0868245
468.9285292
468.1424421
481.1864919
476.4962602
483.5467249
479.5321599
480.9110986
476.0013408
476.1327935
473.5181996
460.7363979
445.6988682
417.1013369
421.9144769
417.4707189
418.2686367
420.0918854
428.9169613
421.2223785
414.2908785
396.4547211
390.5248906
427.8968885
411.1577038
405.1713486
400.736135
407.6781512
396.4133135
373.9151867
379.0944225
380.9209575
372.3344682
380.4398407
351.4400641
350.6776386
336.4728616
336.3170902
321.8842428
341.8959421
358.6390704
333.3548039
319.0396067
340.5321205
355.2377322
356.6285016
334.5470798
337.6881417
327.7720085
323.4058076
319.3189436
339.7815256
349.7627279
345.6311701
354.8427169
370.6104663
364.5380095
337.2379162
342.4993099
346.0018666
326.732875
312.1192802
308.949956
302.0066252
298.1333719
302.6658604
298.7742037
291.5009267
281.1529715
303.8693097
308.2197363
309.1997161
318.244318
315.9432387
297.1198717
304.0204803
300.491633
305.3251482
288.2967676
306.8499993
313.3523063
318.1831925
314.7535919
306.0087022
303.8535354
306.6666228
304.4227255
304.0165367
304.7579299
299.9362454
300.1327672
300.1327672
300.1327672
300.1327672
294.4211481
305.9429758
305.9429758
305.9429758
315.2195917
329.7582585
329.7582585
325.5583453
312.6917566
316.0490581
311.7939348
302.6290537
290.0838668
289.0913991
297.8730956
291.6935049
282.4898453
283.4415627
270.2890645
272.1438618
273.1120108
277.4946433
286.3538969
279.0839062
278.7677625
273.1521039
274.6552653
287.6263589
286.3538969
296.8129297
295.8967045
283.7051253
281.2331576
277.7378308
277.0187846
273.0995228
261.6611676
261.6868008
253.9751292
242.7135777
240.446019
234.7863237
230.8256543
233.1845727
229.3126339
218.23183
219.7777135
226.6526889
220.183245
212.7114745
215.4640937
229.3823038
237.0933183
244.807619
239.8525101
253.46575
247.794224
248.8668779
253.380963
244.7662114
250.9438303
252.5245488
257.9726053
254.2025423
251.7870992
239.5738304
246.7228846
247.330196
268.2561487
264.2336966
268.8102218
262.7942897
264.681293
274.5842809
274.5842809
274.5842809
280.6521368
274.1787494
293.3905591
301.0621377
293.2163843
296.4277733
301.9435279
299.7377519
297.9184468
293.6416337
288.0259751
296.2838326
305.9541493
305.9541493
321.4438763
315.2623138
321.2841613
314.778568
319.4392229
308.0389889
300.8472125
292.0766895
295.6732349
303.4315723
308.4911861
317.194011
322.6999067
322.6999067
307.9003063
311.2608941
308.5687432
314.0936995
312.7699709
310.5753684
324.1301119
325.7259474
312.6135423
310.9999606
311.4291536
308.1829296
315.7237127
320.2069065
321.7981413
317.4220814
308.3045233
309.2555835
299.6897717
301.187675
301.187675
293.1118794
290.3816071
299.9434753
296.1122869
300.2464738
305.9055118
298.7255662
304.3793462
298.7781473
296.0071247
293.2742234
293.7862316
288.5307534
289.5935483
285.4731639
293.9958987
295.1724002
310.8198704
285.3864052
284.1461491
285.6447097
285.8497759
289.3451027
294.6761663
291.9353779
292.1982832
289.9984226
290.6438552
296.6683317
295.064609
300.414076
298.0847344
297.0002498
298.7452841
302.9294231
300.0216897
297.0916094
299.5504318
302.8236036
301.5649442
293.826982
294.8805752
292.1318996
293.0001446
300.7874016
306.4753592
305.3258055
309.0485455
313.1091189
318.8509721
316.0700906
308.7659222
303.5439644
308.5667714
316.4013513
324.0959342
325.4137473
329.265311
331.298884
329.9679255
327.3875094
333.2667306
339.1590972
340.5820725
339.0151565
337.2083394
337.3693689
337.4042039
326.7046127
326.9195378
332.7179157
326.4771995
323.279613
316.7385275
308.0521341
312.4242504
318.9903119
317.6698697
319.5404414
321.5477239
324.5573331
322.0143809
328.1985724
311.5145978
310.6614699
313.1794461
311.0946065
308.5989773
306.5345129
305.4237377
301.8541401
301.434806
295.7041263
300.8938782
294.7510943
296.741288
294.4375797
299.7844176
300.2201832
301.2310544
308.2795473
305.549275
311.6066147
311.6289617
312.5931671
316.7976812
313.9872228
318.3770852
311.2359181
309.0314566
314.3138827
310.5582795
310.4458875
300.9247696
306.0750858
301.7680386
307.8312936
306.4332943
302.6132794
303.8213295
303.7391716
303.4348586
301.0765975
303.2278206
307.7346759
308.4379478
308.1007716
309.2332365
307.2647326
306.3018417
307.6360864
313.0788848
313.8991495
313.8991495
313.8991495
313.3056406
316.2587252
317.84273
317.84273
317.84273
327.0089256
327.1863868
327.1863868
329.490095
329.8463318
325.862001
320.3409883
322.0906235
325.388114
323.3387667
327.3599043
327.1298621
323.304589
324.2444757
321.8710975
318.1818779
317.3057458
317.8019797
330.7776741
335.5329749
337.0985764
340.3086509
339.3273566
331.8200939
324.1984673
322.4830097
322.4974695
320.9082066
321.6910073
318.7937902
319.4057024
323.8336861
328.8827836
331.5867653
332.1585845
333.3396869
331.4060179
332.9696476
328.1512495
333.4816558
336.1028223
338.7134726
344.1023753
343.8026632
347.3643737
349.8501439
350.3582086
355.9087981
353.5768275
360.9289761
359.5119162
364.2251522
369.7211889
366.1890552
364.4591379
366.9652833
368.416521
370.2377979
375.5609743
376.1413379
373.6930317
372.2851735
373.0515426
378.3438276
378.3438276
378.3438276
379.1667214
380.1164671
373.8080528
374.2148988
372.8510773
371.9802032
373.7515281
374.7137618
366.066147
367.3340081
373.9914293
371.8408634
347.0929239
347.0534881
348.151118
339.2248235
335.7189805
340.6523997
344.0090439
343.1710331
333.9128206
329.8180695
325.2744075
309.2549262
331.0478093
327.958014
333.9608008
333.9608008
320.8299922
322.3384118
328.1643947
316.5071707
310.1658933
309.4724804
308.6975668
304.23672
312.1731758
319.5489858
318.8555729
319.2413866
319.1579141
319.9255978
324.0610992
316.7063216
312.8501571
312.8922219
314.2731324
319.0238324
320.6183534
324.2267296
328.1913425
316.382948
315.0473887
317.4102507
318.1161516
316.1542203
312.7818017
304.822999
304.822999
305.9232579
296.6019481
297.6949772
292.3468248
294.4126037
291.8164132
298.9786126
301.786442
301.3243858
302.5541256
301.5964928
307.4237903
307.3350597
306.4135764
300.7992323
300.1353963
303.2692282
307.260789
312.6135423
315.2379951
317.034296
316.5853851
316.273185
316.0516872
314.0759534
322.5224455
324.2405321
323.3348231
324.8524444
321.7488465
326.2050925
321.8895009
314.179801
314.9586581
317.0973933
314.8587541
319.1552851
318.8936942
317.4713762
315.2439105
314.3940689
308.5799167
305.8641042
308.595691
308.2092201
309.0485455
308.98742
318.5690061
320.0636231
322.0879944
322.5329618
325.1206078
330.1999395
333.8162029
336.6588671
340.1456496
335.4310991
335.7268676
336.6490082
336.6430928
342.7898203
337.6395042
333.2220367
330.2728958
335.1872543
331.6800967
334.9046311
334.7843519
338.0102007
339.7539206
336.2421621
341.6087179
343.7816308
347.2815585
348.5829401
351.8666281
351.3743378
357.3554349
349.9309873
346.3364137
346.0833673
342.8654056
345.4576525
357.4836013
353.9652702
355.9948996
352.362862
351.4361206
349.6286462
345.3426314
344.7096867
344.7287474
342.1411013
348.627634
349.4689312
347.1369606
353.9961616
352.3865235
349.8376559
347.1192144
350.4627134
341.9649547
344.6741945
347.6943199
345.7001827
342.6182746
337.1439275
341.1032824
345.099444
342.4835356
335.0985238
334.7850091
344.1450975
350.7821435
352.1144164
352.1144164
356.3557373
355.9041973
351.9126365
350.429193
353.4026527
352.9629435
353.3816203
354.6803728
353.7023648
356.8585438
364.5478685
367.1598333
367.0835908
367.0835908
365.2445677
365.7302854
366.6307363
363.9142666
363.9142666
372.4882678
371.026514
371.5017155
371.5017155
373.1987696
365.3267256
371.2026606
377.967873
375.886977
376.2497864
375.3394766
375.2901818
365.2071037
364.3493749
369.5358406
370.5407963
368.2548342
370.6814507
371.490542
373.2763267
372.0781355
376.1525114
375.3914004
373.0298529
372.4678927
378.0697488
377.4118281
380.4957081
376.1952335
361.2023977
356.4720729
354.8368015
356.6186426
353.8430192
354.9662824
351.54194
350.1360535
341.9327488
340.4913701
344.2167392
345.9059062
346.4954715
343.3136592
344.8279942
339.4509221
339.4252889
341.476608
345.616053
341.5679676
336.1922101
330.2571214
326.8590696
324.2287014
329.6517818
332.5766041
338.7785417
338.135738
339.9957935
343.9958987
345.6929528
348.3851038
348.5034112
350.184691
348.1537471
350.1340817
353.1745823
354.9518226
355.4237377
353.3421845
353.8403902
355.1411145
347.6680294
349.4893063
346.1063715
343.9912978
338.2356421
339.8702562
345.2197232
345.4228176
345.4228176
345.4228176
346.3633615
349.8613174
350.7354778
350.6677796
352.9346812
348.7590867
337.4488978
335.7715615
340.6898637
340.8568086
345.1014157
346.2851472
343.8236957
342.9561079
342.5617499
340.3927806
341.134831
341.955753
340.1752264
333.7715089
334.4938414
335.7170087
333.0807251
335.0472572
336.2789689
323.4649613
321.0468892
321.0468892
313.728261
312.7633983
312.5642475
305.1430862
309.9542545
305.361955
304.0211376
305.242333
299.8974669
295.4530517
299.7495826
290.1101573
295.7001827
294.4717574
289.9241518
289.9241518
289.2918644
289.7309164
299.877749
305.7806318
307.4697987
307.8102612
306.3307612
305.5150973
309.8076847
302.8367489
295.9519146
292.04054
294.6183271
291.0763346
286.8521026
278.4325582
280.7835894
286.8146386
288.5419268
289.5771167
286.9296597
285.5612372
282.1875041
279.365215
277.428917
268.5486309
260.8547053
252.7657645
240.2573844
238.3118846
229.3218356
239.1117742
231.1963509
242.4933945
251.5925493
258.9433833
258.1980466
258.6416994
242.5032535
243.939374
244.1878196
246.4974432
249.6279889
247.8507486
246.7583768
253.8048979
257.4034151
266.1437041
268.3396212
258.2381397
246.9404388
246.3738777
257.5322388
260.3446689
249.5773796
242.1134962
243.337978
246.7432598
254.2078004
255.950863
248.6861304
253.2856598
248.8379583
234.8592799
232.2460006
235.4639622
248.4363703
245.2078924
249.1876224
244.168759
243.0704718
231.4697725
240.3494012
249.9362454
250.1584005
257.1674576
256.9821093
264.5347232
261.7781605
264.095014
255.474347
256.5187386
255.2429903
255.0931342
259.8155719
268.159531
267.4963522
267.7724028
282.6541611
280.9741958
268.3205605
257.9187097
262.7752291
271.0902686
265.0966834
266.9573962
267.2571083
260.6969621
258.8467656
268.3856296
264.43942
261.7847331
262.6102559
257.7846279
254.3221642
243.8033205
239.001354
235.6710002
237.7256057
237.5205395
252.1545095
251.9691612
260.0922798
257.0274605
256.6311306
258.5450817
258.5450817
252.8972171
244.7497798
247.2651269
239.9090347
240.9882613
235.7492146
236.5346444
233.8931027
232.1020599
240.5196325
238.9283977
243.0658709
244.8010464
244.8010464
243.0514111
241.8045824
244.6860253
247.3860634
254.1552193
257.946972
253.5972027
255.8463581
255.8463581
253.2048164
261.1070945
257.9864078
259.0603762
256.3662535
262.4071615
267.1295992
270.3620207
272.9194327
271.9295939
273.6470233
266.4171257
265.7802374
272.5007559
265.9182627
259.296991
263.0966309
270.6755353
269.7823144
273.6818582
272.0557885
271.5378649
274.9825825
273.6299344
270.5815467
271.7830242
271.8500651
275.3802269
275.5471718
281.2226414
287.4442969
285.8366306
283.2608153
281.6045115
287.0381081
280.4437843
279.2449358
278.4838247
278.2018587
279.5512205
277.6832779
267.4556019
272.6256359
276.0000263
275.7805003
274.8892511
279.2810853
279.7043629
282.0941727
285.7156941
286.8126668
282.7428917
277.8548237
274.404848
276.8616986
281.5782209
278.6573423
278.0296557
273.8027947
279.1673787
279.3888765
277.5031877
267.2544793
268.5473164
268.5473164
268.5473164
260.7455996
255.1082513
253.0812509
248.8280993
248.5441615
255.1766067
251.6056945
249.5050806
248.2667964
241.9833581
248.9306324
255.1397999
251.9027776
256.5200531
252.5041736
252.5041736
250.980637
250.7394213
242.9436199
245.284135
243.3123447
242.7536708
245.3051674
247.4544188
237.7532107
233.9614581
231.9962405
231.9962405
226.9806633
230.2525206
234.7120529
226.0348613
227.85811
227.992849
228.1854272
230.775045
226.0019981
222.0334416
216.0299975
213.2261118
215.2557412
221.5358932
224.2957422
225.041079
223.0061914
223.5786679
218.8858071
213.9813074
219.8914201
219.8940491
224.4363966
226.3470614
224.3253191
224.3253191
215.5101021
213.9293836
218.0077031
216.1621074
223.1731363
227.6661891
230.9249011
230.3064162
229.0142363
224.442312
222.2325924
224.5908535
224.1268255
222.6841323
224.5310426
226.3207708
224.4712316
223.8823236
226.8524969
221.1086719
215.4318878
215.3247539
217.7165354
224.1209102
229.7122501
233.2148068
231.668266
231.7615974
225.692427
233.2134923
236.5228136
241.416797
240.0358866
244.5696896
243.4648298
240.363861
238.5327251
238.2395857
242.4519869
244.2279127
243.475346
246.499415
244.1943922
242.7280375
243.3780711
247.7035216
241.9426078
238.3960144
236.8948247
239.3621916
243.2860542
239.5002169
235.1320442
238.7239888
244.9962536
245.0639517
247.8297162
250.8215793
250.8044904
258.2821763
255.1831793
250.0690127
250.7663691
248.9674392
249.1738199
246.1628962
249.9329591
243.4983503
245.653517
243.522669
248.2865143
246.7117111
244.8694018
244.3744824
248.6545818
246.7301145
247.0377138
245.0810406
246.6643882
244.6663074
246.8615672
250.0644118
252.9123342
254.2031996
249.6700538
250.366753
245.2762478
245.9696607
243.867075
243.9952414
244.2226546
247.9210758
247.6680294
252.2373247
255.2705953
252.8091438
253.1601225
248.2819134
247.9578826
247.0784641
247.6115047
247.1474768
246.9956489
244.6715655
241.8854258
250.1275091
251.6306705
255.0044037
257.4868876
261.9575934
258.9072338
256.8986368
256.4622139
260.2644828
260.0567876
261.2497207
261.8616329
266.6879182
266.6879182
270.3455891
267.7349388
271.897388
271.186229
269.5259816
269.9814652
269.9886951
274.6559226
273.693689
273.8842953
271.5122317
271.5122317
271.5122317
271.5122317
270.5591997
267.8387864
267.8387864
267.8387864
278.6829756
281.2725934
282.7126576
282.2828073
279.0477568
277.8022426
280.4234091
282.3583926
281.6268584
280.2268873
282.5253375
284.9466959
282.4083446
285.5638663
287.3319049
287.9878538
284.240795
281.3251745
282.2256254
283.1786573
283.1655121
278.0197968
281.9042236
278.9031588
280.9203002
281.3383198
281.0747571
285.2680977
285.8471468
286.5458178
287.6151854
286.7995215
288.4551681
286.049584
288.6707505
286.9723818
282.5818622
285.463305
285.5717534
278.0822368
282.8572555
282.7455207
282.4201754
280.969595
286.1941819
286.4722043
286.5353016
287.5606326
285.9253612
286.2684527
284.7817228
286.0068618
284.3564734
283.3843808
283.6361127
284.9263208
284.7679203
282.3978284
281.4901476
280.9150421
278.1381042
279.9929016
279.9929016
279.9929016
283.394897
284.0843663
281.9495748
276.9629172
274.7439959
275.4288644
279.502583
281.5144664
278.0382001
273.8678638
269.9367713
268.3277904
264.8239191
262.0975905
263.99511
273.3249642
275.8054763
281.3554086
280.4694175
282.4379215
281.4631998
281.4631998
278.9669134
283.3331142
284.375534
287.1945368
290.0352293
290.0352293
294.9357854
296.5309637
295.4990601
298.7170218
297.7370421
296.4895561
298.1741222
298.6243477
299.0837748
290.7569046
290.9415956
290.8660103
293.9669791
290.4525916
288.4170468
285.1497903
283.3331142
282.7553797
277.3546462
275.874489
278.6382817
279.3737594
274.3391216
274.6578944
276.5462122
280.1743063
281.6768104
281.166774
281.2094961
278.1197008
278.1197008
268.0451671
270.4185453
274.1583742
274.9963851
272.1984147
275.1245514
276.2964521
275.375626
281.8989655
280.1532738
284.4235143
290.3441431
288.9822933
293.0573265
291.3569861
290.1371051
287.3654253
289.066423
288.6378873
287.3706834
285.4895955
287.5474873
288.7285896
287.6033547
285.7143796
284.6581573
285.2030287
282.9545305
288.2001499
288.8475543
290.2172913
291.1230003
288.904079
293.2735662
297.0870085
298.2004128
298.4718626
299.4413261
297.1941425
299.9099549
299.4183219
296.1977311
294.4093174
298.6309203
300.955661
300.5363269
294.8595428
292.6695411
294.7635823
290.2350374
295.82572
311.9970292
313.5350256
317.4694044
317.8019797
320.6058654
327.1423501
331.2798233
332.6797944
333.5848461
334.7606904
334.4898979
337.2477752
336.6595244
338.3270017
334.3019205
334.6607863
332.1960485
334.0955398
335.7406701
330.8775781
335.6322217
334.0587331
333.3120818
331.7668555
329.499954
329.9475504
326.4325056
334.2513112
332.8105898
332.7179157
338.7213597
340.9869467
341.0658184
344.6472467
345.7264733
343.8657605
342.2166866
341.723739
340.0023661
338.1778029
345.0580364
350.6270293
351.0312463
353.4098826
356.99394
357.398157
361.999001
360.3814757
359.9779159
362.7988905
358.5713722
358.5713722
361.9365609
363.6375587
366.937021
362.5760782
364.499231
366.1607929
366.6826601
367.4391703
365.3898229
367.243963
367.3050885
362.9474321
361.4620167
351.5728314
351.2073929
349.388745
349.388745
353.9915607
350.6191421
349.1481866
344.9482734
343.0238061
345.2098642
342.8805227
347.0304839
352.7453893
356.9361009
359.1201872
359.1201872
359.1201872
359.1201872
365.2038174
362.8554152
362.8554152
362.8554152
361.4074639
363.4640411
363.4640411
362.7167326
362.5399288
365.9761019
367.6632971
368.1016918
365.1781841
368.7168904
368.5795223
367.9058273
367.2387049
366.3770326
366.6767447
357.260789
350.4436528
346.9016602
349.8941806
350.4535118
347.9874594
342.5052252
338.5833344
340.7785942
343.507552
354.0829204
357.8135475
361.2858702
365.7486888
364.8765002
364.3690928
364.6852365
365.9833318
367.0027474
367.0849053
367.1085668
369.848698
