100
100.2077171
100.9801542
99.54763449
100.2481162
99.10029718
98.84489879
98.37848897
98.23232411
98.70913712
99.64213016
98.93904769
99.08521255
98.01749817
96.83794946
94.6238032
94.95947956
95.99806501
97.15871458
96.77622385
96.83517528
96.08857279
97.60743898
97.14085577
98.32283189
99.81863767
99.8221054
98.92101549
100.2394468
100.1858704
99.28599418
99.49683223
99.7047227
98.34727939
97.60570511
96.58064382
96.68866364
96.63647429
97.78620051
96.80916729
96.61584129
95.49333675
97.08970673
97.1507388
96.53955121
95.49697787
94.21547787
94.56086388
93.14533608
94.04555905
93.1269571
95.23082952
94.14473616
96.29681003
96.52966817
97.65286625
97.92872426
98.14979211
97.27020213
98.29717068
99.22062745
99.20016784
100.0962295
102.1043926
100.5477281
100.7604734
101.7839742
101.4200359
102.2375534
102.7986323
101.8607845
101.5195597
101.5545838
101.8883529
101.8883529
101.8883529
100.5631595
101.4221165
101.8058209
103.9832092
103.6681659
105.046589
104.8787508
104.2965187
103.7883228
103.7883228
104.7818277
106.4170363
105.1783627
104.1937005
104.1937005
107.008978
107.5043433
107.905213
108.710767
107.407767
107.8381124
107.9664185
107.2238039
106.0530979
106.7931117
106.4211975
106.4896852
106.4896852
104.620925
104.8947023
104.8841258
106.1430855
106.629955
106.9555749
106.9555749
106.7461239
107.1787234
106.0550051
103.5429808
103.8925281
104.6429451
103.2388608
104.5252156
103.7286778
104.3358775
103.3519088
103.5570251
104.5423809
103.0540307
103.4684246
102.3982828
101.8682401
101.7191277
101.6196038
102.6439715
103.1159297
104.0579389
103.1055265
106.1049405
106.0423479
106.6065478
106.459516
105.8738162
105.8738162
106.1581701
105.0316777
105.0701695
103.8472742
104.0199672
104.9600691
105.5284302
105.6172041
105.8346308
105.1984756
104.5012883
104.4837762
106.4735603
106.0054166
106.3050286
106.0517108
106.2571739
105.8361913
106.2055047
106.0969647
106.0969647
106.0969647
107.4016985
107.3129246
107.5513311
108.1730953
107.1769895
106.9072
106.1462065
105.9981344
103.6763151
104.1045798
105.100859
103.2789131
102.893128
103.6737143
103.8004598
102.9954261
101.9519858
101.5705354
102.2585332
102.2907831
103.419703
103.2444092
102.8891401
102.5210405
103.0053091
102.0307033
101.5490355
98.52187965
98.98308788
99.72917021
98.51442403
97.31268184
98.44420247
98.11303416
99.11988986
99.21057103
99.01291036
99.42262278
98.21463868
97.81793025
98.5083555
99.04672074
99.66137607
98.34883987
97.84099066
97.2474885
96.79304234
96.00413354
94.87122581
94.93416513
96.91788066
96.51753111
95.88310972
98.44229522
99.45608639
99.45608639
100.2226283
100.392027
99.87845603
101.5134912
101.9212964
101.2721371
100.665631
100.5744296
100.7082841
102.4771737
104.0461486
103.4323602
102.9250311
102.5019679
102.5673347
102.2240293
103.5246018
103.4103401
102.4489117
101.9226835
100.5707885
100.2663217
97.94901048
99.91382688
100.8700537
101.3841448
101.9041311
101.5408863
101.4907776
100.5813651
102.4799478
101.8682401
99.89891564
99.30055865
100.3939342
100.505075
102.5002341
102.5002341
102.1768682
102.7812937
102.9385553
102.7968985
102.7968985
104.501635
106.3839194
105.9873844
105.4753739
105.508144
105.5239221
105.1374435
104.4898447
105.1220121
105.9476789
107.3375455
108.0858818
107.8212939
108.2802482
107.8027416
106.7913778
107.3739566
107.6695807
108.5744851
109.2208702
110.4338825
111.57702
111.7453784
111.6462013
109.865348
110.1058352
110.0267709
108.6048278
109.0870158
109.5083451
110.3740641
109.0695037
109.5397281
108.9538549
108.2349943
107.8476487
108.0510311
108.8465286
110.2896249
109.4693331
110.2098671
111.4045004
111.1955696
112.7088874
112.614045
111.9111359
112.0826152
112.2247922
110.530979
109.0842416
108.310244
108.9183107
109.8552916
109.2340476
110.0016298
110.1054884
110.1427665
110.433189
110.3711166
111.9692204
112.0961394
113.374345
112.9417456
114.2868785
114.9724489
115.5905719
115.3037906
115.7858052
115.7858052
115.7858052
116.1211348
116.9535636
115.7828576
115.8083454
116.0883647
116.8722453
115.8145874
116.3337067
116.6966047
117.8941857
117.6280373
118.2225798
117.9529637
119.0824037
118.6458164
119.4914226
119.4914226
119.1701373
117.9383992
116.7676932
116.3841622
116.3841622
116.4599321
117.845464
117.2393047
118.258124
118.567619
118.567619
119.1574801
118.39718
118.9078034
117.5829568
118.0797093
118.3963131
118.3963131
119.1165608
118.404809
117.8504922
117.9985644
118.4700024
118.1339793
118.3855631
119.235504
117.7133435
118.6430422
119.3034715
119.2878668
118.8349811
118.2203258
118.5013854
118.2175516
117.9527903
116.6839475
116.9592854
117.6930573
118.7033807
118.433938
118.5742077
119.313528
119.0614239
118.7201992
118.8438238
119.4928097
118.1112656
116.9393459
116.7900601
116.9982973
116.5611898
115.1891821
114.0285325
111.7784952
112.2547881
112.9786769
112.3907231
110.685293
111.7679186
110.2244316
111.4086617
110.7574218
110.734188
111.1286424
112.4439528
113.2618172
114.0482986
113.4461271
112.7848308
112.6234079
112.7374962
112.354312
111.6999511
111.8199346
111.6704754
111.6704754
111.6704754
111.9059343
113.5775541
112.6514965
113.5300462
113.702219
113.7557954
113.6550579
112.9576971
111.6099635
111.2574686
111.6552174
111.2723799
112.1183329
112.8505443
113.3530185
114.1164395
115.2250731
115.0700655
116.357634
117.1382203
117.3991671
117.0369625
116.726774
117.0799624
116.9038017
116.2099087
117.025519
118.0684391
117.9839999
118.2759828
119.679547
119.2675805
120.292295
119.9994452
120.7855798
120.8216442
121.4205213
120.7372049
120.1423157
120.8561481
120.7834991
122.2590187
121.8085604
122.126378
123.147278
122.8043194
122.5983362
121.0910869
121.1084255
121.6825084
121.2615259
119.9538445
119.9519372
120.8034386
120.8034386
120.9071238
123.1438103
124.4187216
124.2475891
123.9970455
123.9970455
125.1731265
124.5515357
124.6137815
125.7446085
125.2625939
125.8921605
125.643871
125.7810197
126.7986254
128.0015813
127.9518193
127.656542
128.6507405
129.9044987
130.1938808
131.8819723
129.8015071
129.0488361
126.1444379
127.1011849
126.8497744
124.9378409
124.8697
124.4745521
125.6194235
124.2271294
125.4966658
127.105693
128.7799135
128.9286792
129.0382595
129.0382595
129.7529588
129.939176
130.5357991
130.4310736
130.4310736
127.5173126
128.8577641
130.2441629
130.0260427
131.5298242
132.4546681
131.3985706
133.044009
135.0930912
134.5673832
135.6574645
136.5337601
135.5177149
135.483211
137.223145
138.121114
136.4540023
136.8638881
139.3944648
138.4744758
140.7338759
141.6479698
141.3729787
140.9629196
143.0548283
143.8524064
145.8824162
145.7147514
145.0246729
146.0727946
147.5233465
147.5857657
147.9507443
147.14363
145.9802062
144.9180402
144.3054655
144.5447389
146.6536396
146.3431042
147.8116883
146.5808172
146.243407
148.8995156
149.7347186
151.44431
151.9634293
152.0714491
151.0226339
148.594702
147.9982523
148.5971294
145.7528964
144.8792016
146.0970687
143.6876892
145.4695828
144.9034757
147.194779
148.4180211
149.1217971
149.1217971
149.1217971
145.1517652
142.4247416
141.4920953
141.7407316
144.5086745
144.7996172
146.7937359
146.3294067
144.6673232
144.1780264
147.0291948
147.1658234
146.8863243
143.3788878
141.9423802
141.3889303
142.3749796
142.927736
142.7892001
143.5808831
146.2477416
148.1702517
148.1702517
149.099777
149.9237099
148.9303784
148.5662666
148.5662666
148.0064014
151.0039081
152.354416
154.9484522
154.9545207
155.4127814
155.4127814
153.7430689
155.6255267
153.2804736
154.3041478
148.3204045
149.8389239
144.9249756
144.767714
144.8967136
145.9226419
147.2247749
147.9769257
150.936114
152.580512
150.8208119
149.6943195
151.17296
154.461236
156.8182527
156.1595572
154.3194058
153.8006332
153.215627
154.1774022
154.4664376
155.6834378
160.187847
161.700818
161.5161614
159.764437
164.091992
162.3303846
163.9180853
163.9695811
164.7640382
163.7315213
164.862175
163.7238923
164.3680234
164.3680234
164.7626511
166.7893665
165.2431053
160.7452848
160.5746724
163.0918983
167.1772323
165.6068703
168.366664
168.2693942
168.4212808
170.9742244
171.2641267
169.7185589
166.8235237
166.2686867
168.8974002
169.8191231
166.6990322
165.944974
166.7047539
162.7328148
162.5852628
162.5852628
159.8705496
163.2566156
165.5328342
164.4042611
161.6663141
161.350924
159.7864571
159.9015858
157.7058185
154.8664403
156.6869991
162.7570889
162.4319891
162.7472059
162.636932
163.4036474
162.5084526
160.0683837
158.2549337
157.6232865
160.9670462
163.1588255
163.4893003
165.4600119
165.4853263
167.5423843
166.3222632
167.729295
166.8608018
165.7273739
165.9713288
167.3331068
169.7783773
169.5723941
171.6864963
170.6884833
170.0360297
167.8373149
164.4781238
164.1011815
166.5925728
166.7127297
166.0491794
166.0972074
164.2556689
162.8531451
164.8800338
163.0568743
157.5395408
157.1378042
152.9305795
146.2812052
155.4450313
151.2652017
151.3394111
153.8869797
153.3649128
155.6454661
153.8134638
149.4351066
149.4351066
149.4351066
149.6601624
149.912093
149.8025127
153.7037101
154.198382
154.6762353
156.3858267
158.2655103
155.2152941
154.4008974
155.6582967
156.5397939
158.3433609
161.2824363
161.3273434
161.0715982
161.6916286
161.3282103
162.4716946
164.0221172
162.8389274
157.6872661
157.7115403
158.0766923
161.742951
160.9594171
160.906881
157.4443516
159.5908771
159.2354347
160.0626619
160.0626619
159.9726743
163.6437877
165.6658217
166.8899307
166.8899307
169.2504153
170.821991
168.9483759
167.3095262
164.5655106
162.7206777
159.3505633
161.8346725
162.7394035
163.333079
165.7670794
166.2461465
167.314381
166.8920114
166.4093032
165.0712792
166.8006367
169.3690117
171.2662073
173.3693862
175.7213747
176.4891304
176.7410611
175.5400124
176.605126
178.1272865
178.4232574
179.1689929
179.3956092
176.2817601
176.7544118
178.8757963
181.9567019
182.1103224
180.4107874
180.8933222
181.6751222
181.1149102
185.4176709
187.8823607
189.2996224
190.8550731
189.6847139
187.9817112
188.7038662
193.6658425
196.0610043
195.6238968
196.6163614
195.9294039
196.2798182
199.4618081
202.5356049
202.0669411
204.1144629
204.2306319
203.9311933
206.9900788
211.314166
209.3398134
210.6573778
210.1677341
213.8863555
214.2036529
217.3209697
216.8399954
219.7310428
215.5768744
214.1273628
215.4085161
215.4085161
215.4085161
213.9447868
214.7267601
212.9146973
213.3148734
214.4841923
212.9576971
211.5373145
210.5777933
208.8361254
203.8824717
208.4038728
206.4057661
214.3042171
214.3042171
219.4241486
217.8981735
217.9533105
215.7970753
215.7970753
221.5621782
220.3340812
222.0969023
222.0571968
220.7687613
218.405676
220.0126225
223.5367042
223.5367042
223.6426434
227.0756971
227.5729697
222.6026708
222.5426791
223.9330659
223.9330659
226.5753035
229.98495
228.451346
231.9130085
232.770405
232.5989257
232.3166524
228.7483572
223.9479771
221.4545051
221.6036175
225.8039067
223.9200619
222.6989004
222.1693779
224.0599848
227.3288415
231.4091472
232.0839676
233.8533774
231.3992641
234.5625284
234.0219091
236.5230101
236.8262632
237.9035139
238.1566582
237.0858229
233.7861034
233.7861034
233.7861034
238.3399278
238.9632525
240.7597105
240.3156676
238.203646
232.6616916
233.4188707
231.8283959
228.1845041
227.2657288
228.1524276
230.8967899
230.2320259
225.7208546
223.0319759
218.8625495
218.0452053
221.9633946
216.5188835
211.6253949
216.8784872
216.8933985
219.0203313
218.5792359
225.6646773
225.8638985
224.0391784
216.5341415
215.9047484
220.6879632
214.7352561
206.0756381
204.476494
201.947131
201.0923353
205.5872082
201.2747379
203.6501337
203.5677751
208.9396372
206.951587
197.7908819
196.8637841
204.0605396
203.1773086
205.0660083
195.0831042
191.4494422
184.9708537
185.8029358
189.99785
188.1731299
184.2164488
185.6231339
185.9966086
178.7743651
170.0731344
169.7202928
166.5426375
174.586213
172.454252
165.375746
172.2619663
181.0289105
181.9749075
186.3243091
186.5410423
188.2145693
188.549032
193.3412629
190.8203958
189.9708017
188.4836653
191.1721971
196.5709342
193.6082782
193.1546989
195.3622565
197.9313251
199.0044144
204.4926189
200.017512
199.5465942
199.3215384
197.0345698
197.0345698
197.2514764
197.6634428
200.6899051
199.7005614
200.3325554
205.1242661
210.1498753
212.1174659
211.8053701
212.6703956
215.9768772
217.6843879
211.7075801
204.0066164
201.6310473
204.9637102
205.9580821
207.5577464
207.6017866
207.7564474
206.4269193
203.7331858
201.7976718
202.3115895
203.9882375
206.3175124
203.3498282
209.0998464
210.29552
213.3316919
213.3316919
213.3316919
213.4157844
214.3323057
216.9606725
216.9606725
216.9606725
227.641284
230.2242235
235.1827321
231.9239319
232.7185624
230.2909773
225.2351989
217.3691712
218.9861742
221.9008021
226.9555402
224.794797
228.1026656
226.4402354
219.4822331
220.9178737
221.7457945
223.1965198
228.3528624
230.6545689
232.9800293
230.4468518
227.8895736
226.7793795
225.7952374
226.5496423
220.442968
218.0282135
221.4234689
221.1011433
221.3653844
220.9759582
217.4738967
220.3805488
224.8168171
226.747303
229.0035822
229.3030207
226.1205106
222.7868074
220.1690172
221.3932997
219.2805845
223.3066202
228.8232602
228.1258994
227.1088139
227.3480874
229.2881095
228.798986
229.2466701
229.5513103
228.5451481
227.652034
230.8836125
229.83289
223.5979097
222.6276385
226.6651177
225.736286
227.6509937
227.4398089
230.5219282
232.1332094
232.1332094
232.1332094
235.6089162
236.5212763
236.901513
238.1337712
237.4641523
238.2022589
237.110097
235.4168039
234.8420275
238.6802856
232.3984908
234.3886217
234.3236017
232.7043447
234.0345663
239.8201288
239.1522438
239.3100256
241.1959511
243.5335486
243.3691781
239.5475651
237.8197681
235.6857265
238.6778582
238.6140519
238.5585682
241.3195757
236.8612873
232.5968451
235.756815
239.7138428
242.5036324
241.8437232
241.8437232
240.0652974
240.2809902
237.5449505
236.6549573
238.7855312
236.8947509
236.8893759
238.9067284
238.2137024
241.23583
241.9765373
242.8764135
240.5353483
240.7061341
240.0659909
242.3754998
245.4583127
247.1874967
249.0002531
248.986729
247.8208778
245.5845381
243.1989125
242.1263433
244.4502433
246.5985026
248.5298554
252.6254192
252.7329188
256.9306072
256.5637213
254.9950932
253.2913969
253.8325363
254.2686035
250.5933288
250.5933288
254.2271641
254.0000277
252.0499492
248.3517874
245.7506424
245.1949385
243.4837866
240.9549438
242.212343
242.0937466
236.7945335
240.5466184
239.6854074
238.3648955
237.11998
233.2564075
232.4442649
236.6091832
234.0848484
235.1114702
240.0429305
243.8700919
244.9499433
246.4492168
247.1680775
243.5526211
246.3446647
247.0933479
249.9188551
254.5871146
254.5865944
255.3739428
256.0470294
252.3835449
255.0301172
250.3382772
256.5254029
256.536673
257.0622076
257.3302632
259.225725
260.7667847
259.1752695
258.6232067
256.6954951
255.4975674
255.2222295
256.9892119
253.109341
250.8782029
252.3407184
249.5429531
252.5645605
250.4322527
249.523187
252.6911327
250.7257961
253.4651302
254.9144684
256.7478578
259.5483974
258.3066029
257.5868753
254.726344
252.8047009
252.3542426
248.5302022
247.3997219
252.2730977
251.9519858
253.3678604
257.389388
257.181671
259.8235618
259.4662122
262.9576971
269.9368526
269.9368526
269.9129253
271.1916511
271.9174472
273.5269946
274.473165
274.3502339
277.4373814
282.1170845
283.1284482
284.8420275
285.4911868
284.8973378
287.530386
288.8058175
282.6069015
282.9772552
284.5496978
292.6066241
295.6308323
293.9873012
290.8658231
292.8243976
291.705014
297.9410347
300.6030384
302.5021413
300.1822293
303.6187507
300.0783707
302.4860164
304.5051028
302.3781699
302.5527702
300.1999147
301.6024385
302.3202588
307.4759079
312.2953605
318.7657998
318.2317693
318.3817486
318.9225413
325.3302147
325.3302147
323.6376152
309.6215665
299.2308573
297.609693
302.9439303
308.9564557
307.1452598
304.9973472
308.009245
316.1571992
319.8636835
310.1391254
309.6746228
313.0535799
311.2891984
311.3380934
306.6013462
309.7755338
312.0030308
314.7562358
311.0579007
317.1321518
327.3574502
338.9788572
345.4373329
341.5314541
347.0182715
346.3094673
342.4585519
347.5115562
346.7670344
336.9935812
334.8501767
341.1423746
335.2201836
329.3227868
329.4353147
333.6000596
336.9836982
343.9443013
339.4955492
344.2345504
348.8873785
361.9029868
362.9563101
365.1316177
359.613244
354.9394361
358.9809032
363.5635098
353.5183599
353.9209635
344.6947183
347.9576798
351.1861374
353.7259036
351.6445714
349.5259612
348.6760203
354.4829093
359.5225628
363.7242391
362.5439968
351.2029559
349.9181615
339.3837148
345.0792897
334.118312
345.1052977
349.6008642
353.0363453
347.2982908
345.872013
347.0331827
335.8587663
335.0407285
339.9643864
340.2752685
343.8045517
343.8045517
343.8045517
348.628339
353.2374737
345.6063848
355.1419516
355.1419516
363.0990072
356.169787
359.4001519
362.5302993
360.9441591
352.5054357
346.8065665
353.8273347
358.0413215
355.2073183
364.1743506
358.2712321
359.3281965
345.490736
339.2713604
342.1242627
334.3501299
340.5065661
340.1955107
344.6118395
351.848474
358.1278414
367.5692593
371.9179674
371.5231662
367.4959167
362.3860417
364.0432703
365.6089509
365.6089509
364.1662014
368.9017349
363.3388008
360.6958696
363.0712653
365.6658217
362.1961834
361.2619767
365.1186137
367.5120417
366.3312793
368.4320307
356.5280037
359.3819463
363.3077646
361.9010795
360.1032344
360.3539513
366.8342737
363.1751239
362.7707864
365.7389908
367.6448558
367.6448558
370.0987957
364.5875307
363.3372403
366.5804358
360.7210106
363.2143092
361.2833032
362.9467738
363.3018695
358.2018774
365.5172294
364.7928204
364.124762
354.1864183
360.3556852
363.7048198
364.0037382
366.3935251
366.419533
365.7591037
369.0012588
370.6666366
373.3780555
370.6895236
368.3520995
367.0572488
364.0366817
363.9877867
362.0947523
369.1351132
370.8405433
372.8044928
372.847666
371.4387269
381.8202467
387.4350234
383.8235549
380.817899
382.5996192
375.6965805
374.1106137
375.0642397
368.0937536
372.2118576
370.9119786
365.5208705
366.4183193
359.4223454
350.2782854
350.574603
354.9361417
352.5023147
353.6293273
352.5525968
350.1588221
354.4829093
356.876684
350.5824054
352.9638697
348.7452015
341.1293706
342.5282533
332.246951
334.4132426
338.7444386
339.4072954
337.8319052
330.7624153
338.2039927
342.4266488
344.7144844
352.3641256
349.4692638
345.0558825
348.7417338
350.1841365
355.6239662
356.1380573
356.0147795
355.9312072
353.4377352
355.2662697
352.3641256
348.9321122
342.4769309
336.1842128
346.795123
350.8834045
350.1156488
343.2344568
335.802589
338.7867449
331.3729094
337.7511071
341.9493156
343.241739
337.8846147
337.5733859
329.9608493
329.7316323
321.8619635
333.046263
332.6845787
333.3196936
330.1259133
337.7547482
336.5875099
332.0605605
329.3487948
325.875342
328.520874
331.989472
321.1188287
320.7247211
322.1279385
322.1279385
322.1279385
326.1156558
329.4448509
329.8060151
329.8060151
322.8778353
316.4086097
323.2140318
320.3243716
318.8481585
314.6705829
313.8525451
316.7585037
324.0717751
324.2210609
320.2834523
326.9926449
325.241094
324.204069
326.2977116
323.8479331
326.9049113
329.2525653
329.1426382
327.3357769
328.6616639
333.6108096
328.1812098
324.3601169
324.1733796
326.1272727
320.6333464
321.9366931
318.479712
321.0414983
320.3644239
315.34523
318.554615
312.4748156
312.2065866
310.0210491
305.8866468
304.4714658
297.1006301
302.2337389
303.5024083
299.5653199
297.4682096
295.4193007
299.9035971
304.3537363
305.9540942
302.7157536
298.9482372
291.6155465
288.5639432
284.9424183
289.0641634
283.8705427
281.6629851
287.6065027
281.3097967
270.1480374
277.2520312
286.6423001
292.8446838
288.033207
288.3742583
289.933697
291.3795674
280.1070142
283.8069098
288.6655477
287.9118364
290.1774785
298.3609769
299.9216293
300.0943223
300.0943223
300.0943223
298.6474115
306.9300871
305.3845194
303.6827304
301.1528472
302.555371
302.2444889
306.3695284
311.6687415
315.0874042
315.0874042
311.4873792
305.4958335
305.4327208
307.6147906
309.0577134
307.6900403
313.6560982
311.304283
306.8680147
310.097686
308.9547218
313.0452574
315.2760487
316.4507426
318.812961
315.2592302
316.8486648
313.1295232
314.7095949
311.1128642
305.7413489
306.3050286
305.1492338
305.1492338
309.68728
308.4688927
305.9088403
305.4937529
304.3032808
298.3687793
300.255225
297.1899242
294.0804097
289.9786041
292.3633627
290.7252066
288.3593471
291.3441966
292.8670507
286.281656
284.317013
288.7021323
294.0434784
297.2629199
291.8972997
290.3413288
287.230774
280.3580779
282.2708783
279.1476664
275.7402739
278.2040968
281.919077
281.6558762
279.0914891
272.7703356
276.471445
273.9746786
275.9270112
272.6617957
267.6434687
271.5190049
278.6517809
282.5514178
285.7772746
287.2356289
285.7373957
282.3232411
284.3504766
283.8050025
280.2015099
274.9220627
272.5109494
277.2662489
279.5358789
278.3115964
276.001394
270.306166
271.1788205
273.6849497
272.417494
272.557417
278.123472
277.7026629
272.8384766
273.5677404
266.0942599
265.8575872
262.6984843
264.9069088
259.4554622
255.084734
251.6678052
249.762287
232.3495958
235.5005496
235.7887181
223.8491468
230.2866426
228.2562861
223.1979069
214.6312241
209.6935219
221.2927355
223.0500081
227.4859297
230.2164211
234.1765699
230.4345414
232.6551029
231.2165147
240.2837644
239.0539336
239.3363803
239.6859276
247.6168019
248.0655262
248.8152497
242.0568153
247.2783513
252.7242495
248.5071418
244.7281819
248.7250887
254.8884604
256.4267459
250.5584781
256.3289559
250.8404046
243.4255287
248.6477583
250.322499
250.087907
256.5826204
255.3574711
257.2513724
261.5811813
258.4694129
251.0172589
261.6441206
261.9272609
261.6467214
261.5697378
265.4320966
262.1675746
260.4415115
263.049592
261.454089
260.6164585
256.5384069
255.0245689
255.1592902
257.5067707
257.1149171
260.9058407
269.3319069
269.2287419
267.1659621
262.5101865
262.0663169
259.5008895
253.8401653
249.9819678
258.2741796
257.9456121
257.5357263
255.8578646
260.112944
260.1942623
260.1942623
260.1942623
265.4069556
267.1531315
267.1531315
267.1531315
264.6681555
270.0136629
270.2210332
266.3350938
263.42324
264.8625218
260.7125147
263.1002209
257.3385858
261.1683479
255.969699
258.8295367
257.2375014
256.0569124
257.28709
257.7472579
260.5835151
259.3904422
262.8262701
259.1971162
255.4065394
258.7242911
258.4177437
255.1398709
249.9230164
248.6702985
249.2424742
249.499433
252.566121
252.0428403
253.7106456
257.5012224
254.638437
253.2565462
248.1516994
247.1835089
249.9051576
247.5923543
251.0176057
253.0358251
257.6910806
259.6928284
260.4363099
267.0657447
265.6774386
266.0689454
267.3344939
267.8827421
265.8749259
264.037722
262.6267022
263.8945047
265.7110756
267.8198028
269.0185974
266.2829044
264.5129745
265.8097325
264.8174413
266.7959552
266.9447209
271.1198691
271.1198691
271.1198691
267.7873795
267.789807
262.3054169
261.172856
256.5774188
258.4255461
261.4461132
256.7332933
258.1753493
260.2464516
265.6269831
265.5680317
265.2940809
266.0507398
263.3225025
263.2770752
261.6456811
257.6113228
257.5327787
256.0380133
258.1063414
258.1063414
255.8675743
252.3336096
252.8454467
248.8473262
254.643812
253.8361775
250.5773772
252.9812084
257.1693605
258.4810298
258.5788198
256.7970996
254.564401
254.6068807
250.5260548
251.2003551
251.6064264
253.0562847
251.7962847
251.4250641
246.9619208
247.9625346
245.0406245
235.9380039
236.8966581
237.564023
232.9829769
233.5206486
237.7661917
232.055879
229.5268628
223.2783582
232.9791624
232.6212926
228.7291113
223.2778381
221.5861055
214.0375486
219.5026927
215.5635236
217.9099638
227.1273663
226.5487754
217.0640108
210.5037573
214.4900875
223.634841
223.9070579
221.760359
212.9273545
204.3880668
204.4210103
193.6660159
192.7787969
199.7362791
203.613029
192.8975667
182.9819366
178.6953009
175.5486817
182.5177808
183.7483051
195.9741377
195.2613455
197.8265996
188.3244964
188.5904714
181.5124856
190.6816866
189.9264147
196.3883581
199.0326764
194.3221106
195.5951147
187.1908951
194.5889525
194.6570934
201.1176497
197.9302847
200.6110142
206.7556602
203.0361719
199.5823118
205.5176802
196.9397274
192.2445929
194.6276177
189.2786426
181.1256602
183.234214
181.8750368
188.3222424
185.6843394
191.3884101
196.9483967
188.5072458
183.6092491
182.8929893
181.4046391
175.2551383
171.2169655
169.0055935
163.8270573
160.6346641
163.1463417
173.647845
173.1464111
163.5205099
166.4673877
172.6843359
168.327652
162.6827061
161.2777549
159.0330926
156.9349419
162.6343312
170.5849715
169.5590433
180.4980009
179.2156339
185.6087428
184.5061778
184.6187056
182.4763414
174.6957933
179.4890645
178.5397731
181.782275
172.8143758
179.9053656
184.3848072
182.2036044
188.0746464
189.1132318
187.0563472
181.563808
178.6842041
178.4855032
178.9496589
177.153721
183.2026577
184.2480052
186.9183315
185.1872401
183.6725352
191.1491367
191.5739338
189.7046533
185.3907959
190.5128081
191.5056195
191.3162813
189.5035249
185.3573323
183.8802523
181.1090151
181.9599963
178.0601859
179.6125157
182.1054676
179.2445895
176.0088496
181.4568285
179.5788787
176.1078534
174.9747723
176.6089405
177.1126284
176.9683708
176.9683708
176.9683708
173.0253873
173.9949649
176.3360301
176.3360301
183.3791652
183.0075978
184.5724114
181.695235
177.7845013
180.7986531
180.6075812
180.4758074
180.9690921
178.7159339
178.8265545
174.2236617
172.0299751
170.223634
166.5842503
165.5888381
164.1665482
158.0694101
158.2450507
160.6216601
165.2763955
166.6125123
167.8889841
162.5849161
163.4582641
160.6991639
158.2623893
156.8938493
161.0017235
156.8427003
156.0224085
160.0428958
163.305684
166.943854
162.5150413
159.7301065
161.3826537
159.3042691
153.4663439
152.0137114
155.3800113
157.8153988
158.2306596
153.5384727
152.3731417
151.3642054
147.6544267
144.4495497
143.4690488
137.5007369
146.14475
156.0711301
161.3110451
159.6758365
162.2488929
159.9040132
165.9747965
156.3636332
160.3614069
159.6115101
156.0106182
156.7036442
150.0830522
151.3674997
157.3814123
159.9886258
162.6863472
168.2413055
165.9137645
165.5337011
160.6584181
162.500997
164.4437933
167.2710344
165.963353
166.1873684
166.1873684
166.1873684
167.0711197
169.512229
166.0455382
163.9806778
168.5570424
168.4842201
169.2023872
169.2023872
169.913272
172.1903576
175.4427426
173.8572959
168.7578241
170.2803314
169.8042119
169.8841431
169.9264494
171.8494797
171.4539849
164.3567532
164.705607
164.6272363
166.2111224
165.4414595
164.9107233
165.3755726
168.4341114
169.39606
170.2669806
173.3985151
173.0900604
174.7644544
173.3165033
177.0339109
174.8126558
176.2885222
178.6004584
180.4031584
178.0730165
181.7590412
183.3039154
184.2150617
181.6047272
183.0675895
178.8180586
177.5816391
177.739074
177.3210391
177.5117643
176.1040389
172.255551
176.0442205
176.7577062
175.6464718
181.9402302
181.8627264
179.9031116
177.5166191
179.6210117
182.3206403
181.3675344
179.8854262
178.9591952
178.9883241
176.4995336
177.0833261
176.9706249
180.7230566
177.9249444
180.9302535
179.5266894
180.717855
182.8154855
180.5111782
178.9675178
181.4847437
177.8819446
178.1286736
180.3143845
181.6040337
182.5899096
182.8397596
185.7150288
186.4666595
187.7486797
188.3118392
186.6440339
188.063723
189.6519438
187.5907245
185.5010698
186.8392672
189.4095494
188.7919465
191.7296349
192.0729403
195.497498
194.8148752
193.749935
194.6090653
192.6340191
190.085757
190.7853717
189.5198233
190.2424984
192.8970465
193.4430408
194.4327312
192.1859883
187.0932785
186.0427294
186.3699098
184.5465768
183.4081207
181.9476858
178.7476636
181.7902508
182.0501573
187.7890787
186.8657953
185.1343572
184.9079144
189.0962399
187.99957
191.0588023
190.2645185
191.7764493
190.5936062
190.2811636
190.3087321
190.3890101
187.045077
184.9855916
185.379179
187.5354142
189.9449671
190.8805609
191.9170657
191.3034507
195.1176081
194.7085892
192.9107441
193.8258783
196.0649922
194.3488121
193.3608556
193.6767659
193.9361521
196.2558908
191.3018903
191.0735402
190.3666432
189.4917347
191.6727641
194.3654572
194.7850527
194.7417061
195.8617832
195.1049509
198.7646208
197.7893215
199.3269134
199.0888537
196.876788
195.5769091
196.8580623
195.8375091
197.3891453
197.5805641
198.7028952
198.2859006
197.9365267
199.1965267
199.0331966
198.7068831
198.9232695
199.4512316
199.4512316
199.4512316
200.0346773
200.5732159
202.1569287
202.1569287
204.3986434
205.1655321
204.4156353
202.6301006
204.282301
203.2194415
202.4688511
203.315671
205.2886366
206.1718677
208.6252874
209.7914853
208.0777327
208.8751374
209.8337917
209.7762273
208.8652544
210.1311496
210.5176282
208.1904339
206.788777
208.2336072
206.7709182
204.9928391
205.0861211
205.8930621
208.3093771
208.6719284
209.1797776
209.4148897
207.5612141
209.1291487
210.4727211
210.8727239
213.6136185
212.1778044
212.2102277
209.620873
210.742684
211.441085
212.0158614
213.4353771
215.4844594
214.075867
214.9845859
214.3012695
215.4125039
212.9332496
213.8218557
207.5560125
208.3489092
203.3269411
204.1493136
207.9445718
204.4201434
205.6988692
201.5859668
201.7205147
200.6085868
203.6199644
204.7388278
207.0953245
206.3568711
206.729999
209.2631765
213.1891682
215.5217375
213.3433088
212.8668426
213.1610796
213.1610796
213.1610796
215.0475253
212.5573476
212.0486315
213.6404934
213.2274866
214.942453
213.0783742
215.4045282
216.9450677
215.5857171
215.439899
212.1840464
210.3655682
209.2824224
211.0308524
210.7458049
212.2721267
208.1463937
208.1817646
202.4473512
205.453874
202.9284989
205.7139538
205.120625
202.3056944
203.1263329
207.3762107
205.4569949
205.3351042
206.5945841
205.5721236
208.3296633
209.476442
207.8596124
208.9531614
206.3676211
207.5745649
208.0210353
210.4912735
211.7583824
211.7481526
210.4808703
211.0891103
210.3766649
207.4915127
209.4754016
211.2009446
211.4225326
212.644561
212.7610768
210.7340146
211.7139954
213.619687
213.0386687
214.6055629
213.9205127
212.6350248
211.7849105
210.1614922
210.3158063
208.8624802
208.8576254
209.5194418
209.4278937
208.6738356
208.7728393
208.3294899
206.2778069
206.347855
205.3956161
206.2852625
208.0671561
204.5404736
204.2920107
202.2616542
203.525122
204.2991195
208.0286643
208.2084661
207.000482
208.4822435
206.1527952
206.9321677
201.7544985
199.8933673
201.9720986
200.3741682
199.8834842
199.4843484
201.1956737
202.1543279
202.5839798
202.861745
202.4823753
205.4228378
205.6640185
205.7410021
207.7472579
208.8983712
208.3272359
205.9150822
206.8281358
207.8427939
209.4986354
209.8979447
210.125948
209.8603198
208.589223
210.0777465
212.8129194
212.0455105
211.0821748
210.9457196
212.6955367
211.5628023
212.996189
210.9065342
208.7796014
209.8441948
208.9491735
209.6463608
210.6495754
208.3185666
213.1565715
215.393258
215.4622659
215.0561946
214.8463969
213.6912956
213.109237
211.0820014
211.1808318
209.6394253
209.9926137
209.3663415
211.5917579
209.6793042
210.9826509
210.984905
206.5448222
207.0961914
210.3121651
212.7399236
211.85912
213.4019135
215.0648639
215.4105967
215.002098
216.0063529
215.8629622
215.502665
216.3274648
219.0055935
218.9936298
218.025786
216.4438072
219.3140481
218.6114858
216.6964314
215.494169
215.8702444
214.8098123
216.7803504
215.930583
215.8679904
214.4222933
216.7044071
217.3509656
215.8334865
214.9221668
216.0273327
215.3369074
213.8008759
214.9525094
216.9825192
217.4303766
216.8387817
217.3518325
213.7724406
214.8169211
215.1610934
217.0751076
217.900601
218.0677456
217.801944
218.268874
218.4280428
218.4991313
218.1641485
220.0840578
220.3011378
218.3527931
219.8596956
221.0832845
221.1994535
219.623023
217.8678309
218.9445614
220.0391507
221.5216057
221.2894411
221.0496475
219.4721767
220.118215
219.8099337
221.6558069
221.6811213
222.3195306
221.3307071
223.6856432
225.1635902
225.9289184
224.6092734
226.1669782
227.7038766
227.6745742
227.1044793
227.0978906
229.7805273
229.5171531
230.5803595
229.3966495
229.288803
230.6226658
230.1708204
228.9891911
227.6201309
227.7359531
230.9879912
230.5385733
231.9903389
232.3454346
232.2812815
233.9608771
234.8427211
233.5960718
232.5997926
230.811137
231.3909416
231.4049859
233.0837145
229.7111727
230.4087068
231.514046
230.4208438
231.2038575
230.2703443
232.9361625
232.9361625
232.9361625
233.1405853
232.0928104
232.3215072
233.1532425
231.6499811
233.4951608
234.5328793
235.4837311
235.4906666
235.0303253
233.9327884
234.949007
234.4893593
229.975067
225.2116183
226.0083295
225.4411821
225.468057
227.0663342
227.7822473
227.847614
224.0533961
223.1689513
223.2537373
224.7859543
225.7329916
227.469458
229.3415126
230.1371834
229.4001172
228.3223464
227.203483
229.1943074
229.2718112
228.9661307
228.6268132
232.3847933
233.1913875
233.7682446
235.0327527
234.0798202
234.0309252
236.2192369
235.9142499
236.1595919
235.5530858
238.8000957
239.0983206
237.8209819
236.9328959
238.9327364
238.5287458
237.4934547
239.2543685
240.4673808
240.2137163
239.3795536
239.3753923
241.4114706
239.8721448
241.4225673
241.8702514
242.4753704
240.2047002
237.8716107
239.956584
241.9940494
241.8926182
244.1305185
244.0107084
243.4050691
245.035943
241.7017196
246.3278462
247.5840318
247.0924809
248.8076207
250.3909867
250.4407486
249.8314683
253.1669054
252.7460962
252.968031
252.5004075
252.9317932
253.0143252
253.6236055
255.226044
254.7996865
255.0609801
257.6775565
257.255707
255.2284715
253.1278934
254.2868091
257.0764253
259.0743586
257.993987
256.198916
255.7146473
254.3750629
253.9721125
253.4659972
256.6377573
256.6481605
254.0038422
253.3411588
250.7604734
248.8618907
249.8306013
249.7227549
252.3466136
253.9962132
252.8872329
254.0964307
256.4773748
257.300094
256.2648029
257.823548
257.8131448
255.6303815
256.6341162
257.0627278
258.8250287
258.7504725
260.1682543
256.4763345
255.2076651
256.7291321
261.7002979
260.6327569
263.6444813
262.6367586
263.903174
265.135779
266.5748874
263.3693168
260.0758393
259.700284
260.1243875
261.0580741
259.0089918
256.2821415
256.7241039
257.2432232
255.6829176
250.6443044
251.6667649
250.3817972
253.6522143
252.3102024
253.0774379
248.487029
247.9155469
254.2269907
254.1186241
253.7370003
258.1307889
258.0838012
258.2511192
258.2913449
256.9893853
256.6637653
259.8825133
260.6578979
260.4669993
258.6639526
259.4476598
261.3469361
263.1185999
263.0341606
264.5767808
263.1761642
263.939932
262.4970091
263.2430914
262.1204135
266.0510866
267.6774525
267.0834301
268.5743811
267.7603312
268.369785
267.8695648
268.4932362
269.6107125
268.6050705
268.5260062
270.1265375
269.7445669
270.1910373
272.8473193
272.7861138
273.0933548
273.0933548
273.8177638
273.1063588
274.0648396
270.9596599
273.3022856
274.5896807
278.0936495
277.9280654
279.7566
280.2634088
279.5384797
281.1936277
281.3600788
279.0668683
279.3761899
276.7634279
274.6097936
277.0287093
274.6725595
273.4857286
273.4640552
275.712532
280.5522708
284.9913133
283.8956837
284.5301051
287.432596
283.180811
283.6199991
283.5667694
283.5059107
281.2550065
284.905487
282.3189064
285.0142004
285.1471878
283.7772607
285.6347508
287.0327666
285.9350563
286.5349738
288.938805
288.8193416
290.3914375
290.9773106
286.6121308
290.0018379
287.558648
286.4586837
287.5501521
286.3518776
284.9483135
287.1052422
290.4838525
292.7912807
293.110312
293.8153017
293.7136972
294.5088479
294.6097589
295.0676728
297.7121645
297.604318
298.9569065
295.9528111
295.2145312
296.8526873
299.9467703
299.0134305
300.8778561
298.161409
299.1391358
299.3896793
297.0539891
297.8090875
293.2415656
291.6124256
292.4776245
292.4776245
292.4776245
292.0616701
295.6051711
298.3101747
300.8799367
299.3340223
299.9150406
300.9087189
298.8679592
297.0201787
297.0201787
299.9491977
297.2691618
299.4916306
302.5304033
302.3873594
304.146366
302.2585332
301.318258
294.677553
289.5801618
290.6483963
281.3037282
280.5912828
282.6597844
274.9244902
281.9620769
278.1501736
282.5921636
288.2865247
286.8758518
279.8961761
281.8805852
282.9033925
283.8006679
281.3583449
274.4627618
275.9221564
267.7870328
272.6470578
270.1228964
263.7866583
263.9706214
270.8192168
269.1429156
271.1564536
273.3433782
273.5793573
275.2508036
276.1470387
275.7440884
273.9859488
274.0998637
279.895656
284.9016725
285.6383919
285.6500088
281.9485527
284.714415
284.021389
285.53436
281.6872592
283.4516408
278.5191401
274.7850874
272.6165418
271.4198278
278.0456215
279.1287673
276.2793327
281.5778523
282.5696234
283.4212981
286.5536995
288.0498521
287.0761132
283.6701078
287.6193333
285.2456714
287.9752959
283.4341287
283.8351718
286.7475457
283.8871878
284.3596661
287.7606433
291.4983372
293.1116991
293.888991
293.1670094
291.5292
293.0610702
290.7754887
292.5579024
292.6778859
294.7297424
295.235511
296.6437565
295.6263242
297.0080417
298.151526
296.4010154
293.2490212
290.0082532
290.8375611
289.7280605
293.590246
294.332167
293.6474635
294.9716166
295.1488177
293.5441251
297.7499627
298.6723792
295.0869187
295.142229
299.390893
300.7143526
301.2785524
301.3056007
300.8664126
299.3536149
301.2381534
303.172107
302.7878824
302.7466164
304.2344464
304.4119942
306.9746474
306.4822296
307.0587399
303.7399479
307.1750823
307.1759492
308.1389381
310.221484
310.0565934
311.0832151
311.8260031
309.6363044
307.6227663
307.0752116
308.338506
304.9860771
306.6674064
310.3314111
312.3936707
312.5209364
313.4076353
313.3897764
315.6519508
314.7848446
316.7441127
316.6440686
312.9290884
313.7786825
314.049859
313.939065
312.438231
310.5365273
305.6780628
305.2511851
309.7229976
306.7308659
302.3851054
304.7816543
308.3346915
307.7900844
309.5816876
309.859973
312.3792796
312.3385338
314.9434933
316.9788781
318.7614652
318.3169021
315.5123746
317.4230944
317.2169378
314.099621
314.099621
314.099621
318.8670576
318.6263971
319.1522785
319.1522785
323.4356198
323.1744997
321.0976756
318.1544389
318.1769791
318.8674044
317.1070107
323.312342
323.7262157
324.4580803
322.2128979
320.690564
320.2166985
323.3754547
321.385844
320.9783856
324.5485881
322.9074844
321.4031827
323.4687367
324.9650626
322.8594563
325.862338
326.7143595
327.0730963
326.9905643
328.4574145
326.2810665
327.8174448
325.0534898
327.1238986
329.693834
329.5162862
328.9376953
330.5898957
329.1502672
328.2285443
329.0065297
329.5270362
331.8042951
321.5484806
317.6949645
314.3662895
312.7097544
310.2358751
313.0565275
314.4772569
318.3879906
319.1481172
316.8065318
313.1101039
305.2414755
310.9998162
310.7745871
314.9618723
317.497824
317.8078392
322.9738915
324.9622884
321.8350886
322.2902283
320.246521
324.7146924
324.9654094
325.782927
329.5903223
331.0093178
331.4190302
331.4190302
331.4190302
332.6708811
331.6607311
331.3768973
333.6371644
337.6704823
337.5494585
336.186987
335.7552545
341.6204014
340.4819453
338.7276201
341.8986868
341.6474497
340.8325329
342.3607619
342.3607619
344.0346357
344.5710937
348.0755827
348.1652235
345.9311378
346.9210016
344.8394961
346.8161028
345.3114543
346.480253
344.6392346
345.152112
349.5056749
348.8483665
349.1550873
350.7734774
346.7796916
347.3608833
348.1504857
347.4106452
346.5024465
350.154314
353.5221744
351.4723986
348.7075766
342.7526155
337.6422203
337.0632826
340.3825948
337.6742968
339.8015764
346.1230767
349.4694372
348.3467592
347.5321892
348.4329323
344.5594768
343.8954063
342.7876396
339.7894394
339.2392838
343.0154695
345.6958522
344.0292607
346.5060876
348.0693407
346.1927781
348.6149882
348.8913664
344.0224986
343.0168566
348.6865969
349.5266547
349.6620696
348.033103
342.297996
346.3703259
340.4900944
343.3853031
337.672563
333.7822889
324.2318109
322.6045781
322.8603233
328.7826877
323.1771005
324.7883817
320.1385012
316.0725865
320.8972407
328.4542936
321.734351
311.7984347
318.4405267
313.4062482
311.3183273
300.8658924
306.1951015
308.3586189
309.5856755
315.3750524
315.7481803
318.5873851
319.7551435
313.1005677
315.6517774
319.836982
323.9684367
323.4815673
324.7318577
317.6634082
319.1293914
310.7952201
308.1082487
313.3625547
314.803397
317.9992579
316.3605816
310.6291158
316.8204027
327.141584
324.8771556
325.8749952
325.2993519
322.4060505
324.9733852
327.4522927
326.553977
329.7477572
331.2328131
331.7300857
331.568316
333.8438411
333.363387
335.1745829
333.9858447
335.4821707
334.304009
332.1519352
330.0766715
332.4232851
329.3741092
327.7454893
323.219927
325.7440884
324.1432104
328.8863729
330.8876004
333.2981937
330.7190687
333.2564075
326.8922541
326.2476029
324.204936
325.2938035
323.7704293
320.9364261
314.5627365
315.1284968
315.4164918
319.8210304
316.2775294
314.081242
308.8024884
312.9374109
305.6586435
307.4625572
313.6675417
310.3896689
308.9011454
316.14905
318.3444705
322.5584573
320.393206
315.5661244
321.8432378
322.5652194
325.2579125
326.8577502
325.5589115
326.6403235
318.0162498
318.7413523
313.456877
313.0599952
312.3106185
313.1213741
318.3045916
319.02692
319.02692
319.02692
319.7393653
319.80872
319.2120968
319.2120968
315.669116
315.0634768
308.9703266
308.6896138
311.1811785
307.1142236
304.613296
302.9354343
305.2836084
296.4410676
295.1581806
291.7551227
288.0434368
268.8698318
275.0030343
263.8414484
279.4523066
277.6605299
275.8632049
281.3033814
277.3564099
277.1268461
283.5506445
283.5997129
272.471764
274.5428664
269.1881695
268.5795827
267.0036723
275.9564869
276.8847985
277.0803785
272.3275064
277.2633013
278.7710708
275.3815371
278.2606208
276.4854893
282.030738
285.201978
284.7433706
278.9626629
274.7556117
272.110253
268.4302969
273.3792692
268.6603808
265.1352588
261.8742046
265.4333103
269.3227175
265.2753552
263.3145267
253.965177
262.418465
260.6787043
259.3432811
259.3432811
259.3432811
268.6733848
268.0268264
270.5185645
269.209496
269.826232
278.4709387
281.1537488
279.3989035
280.2285582
282.8725297
280.9853904
278.8135505
277.835477
274.2488028
272.4478367
273.3725071
277.7688965
278.245016
283.6432329
280.7859959
278.6429381
282.6486876
281.7191623
284.5018431
286.4593773
284.4217385
285.6637064
285.6637064
289.879427
289.5009242
288.5070724
290.7257267
289.7004921
284.4552021
285.5440697
286.6058889
289.8709311
290.082636
291.5181033
295.0402777
289.6795123
288.1079366
288.2019121
283.1149241
283.1964158
281.5043364
285.1855063
285.6302428
287.6749904
283.4370763
286.0037174
282.270705
282.0003953
275.8952815
275.5996574
273.3314145
267.8523995
268.6374938
269.3660641
268.1828743
269.8407965
265.7032732
264.1103709
259.6510422
259.6037077
257.388001
261.133844
254.9774077
253.1747078
255.0353188
249.6499326
246.9246427
249.3009054
244.9990117
249.2204541
245.3761274
249.0583376
242.7453333
235.5530858
237.9146106
233.1365974
236.0455036
242.9275626
246.9329653
248.6292059
248.8740277
253.3269411
249.8722141
251.2528912
248.1816952
248.161409
252.9172287
252.3395047
248.0847722
246.1716249
252.1007515
255.7775867
256.2077587
258.3848002
261.4440326
260.3379997
253.6778755
254.6419048
256.6597774
256.3778509
249.4912839
251.2686694
247.8692527
253.337171
250.7134857
251.538979
251.825587
256.5736043
258.0829343
257.3734365
261.115465
256.025356
247.8728938
241.7168043
249.6849566
247.1058317
246.7554175
244.6711377
249.2459419
240.2901797
236.0007698
230.9342414
228.6963412
248.9875959
243.3492387
238.3999195
236.6211469
242.455431
238.6561849
226.98727
231.5388403
232.4224182
227.0840197
233.2343874
212.5087994
213.1192934
200.0438668
197.6436768
182.5486436
202.4801212
208.2486918
194.0469461
182.7724856
190.6913962
197.1417227
198.4956983
188.5356812
188.9155712
181.9967542
175.1537072
178.1307543
193.9184667
194.7606052
198.945463
201.3508546
210.7267324
206.1543556
192.9332843
197.4111654
199.7924563
190.5183564
185.1119904
186.6275622
187.9674935
181.8256217
183.7562809
176.3986226
170.5508144
165.2262868
181.3692683
183.6368176
181.4880381
185.9374837
186.8163802
176.7315248
180.599432
181.5449089
181.3547038
171.8982013
186.0588543
189.177905
190.541937
189.8313989
184.7232577
183.2964598
186.9668797
186.4432523
186.0359673
185.4509611
181.2373211
180.1037198
179.2726781
179.2726781
179.2726781
180.2783201
184.8685557
184.9373901
184.9373901
192.4667011
193.225614
195.5597438
192.7441196
191.3318861
189.9742694
186.694316
183.9875786
175.9169548
172.894307
174.1293394
172.6640497
169.0359361
168.0205845
166.0464052
164.5807687
170.4336051
170.4448752
177.2759586
173.6724659
171.9224754
169.2559636
172.1423296
177.0507294
177.1549348
180.6186779
181.4798889
175.0507156
175.6244517
172.1175353
174.031376
172.0897934
167.0525673
166.6972983
166.5717664
159.7457113
158.1736154
156.8081963
156.4466854
158.9975483
156.9153492
150.2250557
148.5747625
155.5015553
149.5113967
147.3345285
146.4998457
154.6152032
155.1384838
156.2341135
156.8640268
161.5031574
160.1061819
159.8499166
160.6858132
161.3774521
165.4943424
165.9545103
166.93085
166.8594147
164.0597421
157.4082872
162.5542266
164.5599623
173.2344914
171.5521217
170.076949
168.4145187
169.3998745
172.7805654
172.7805654
172.7805654
174.1617627
173.3974748
176.3949815
179.4108672
172.2584985
172.548921
175.6208105
174.9931512
180.0756312
179.9722928
176.939762
180.8310764
183.2333471
183.2333471
187.8662357
187.1978306
190.1599664
188.4271412
191.6845544
187.955183
186.8923235
182.1956286
182.396757
183.0694968
187.3538785
189.1749574
190.7907467
185.9248265
186.3945307
186.8453357
188.5762537
190.1854543
188.4554032
189.2403242
195.1120597
195.0180842
191.1831205
191.2762291
192.7274745
189.9756565
190.3976794
191.4126843
192.4849067
192.114553
186.2960471
186.0491447
182.9970212
184.5637421
186.2676117
180.61469
180.2717314
184.1231669
183.0384606
181.3618127
184.8829467
182.2559671
186.4307685
180.9234915
181.051104
179.0280297
177.1507735
174.7989583
175.7713101
173.2913622
177.1074268
178.7129863
183.7089464
185.3824734
186.3927968
189.3150538
191.2262937
191.465047
195.3350348
194.9508102
195.3749137
193.1514046
195.0421849
199.1819623
199.0763698
201.9637761
201.808075
200.8724811
201.8656393
204.1569426
203.3324895
200.4521921
203.2418084
204.1973416
202.6805561
198.3864648
200.0929352
199.9758993
203.1135023
209.2174025
211.3713836
213.0398824
212.6310369
211.5851692
214.2060803
211.9466802
207.962604
207.1678
206.2481578
208.8609197
212.160119
212.9561367
215.6389468
215.5801687
217.1879822
216.9759305
218.1112656
221.6712383
222.9334924
222.5881064
221.6776536
222.4147198
222.3498733
218.7737756
217.6951379
222.4922236
221.827633
220.8155757
216.610605
212.5041179
214.0547139
219.4331647
218.908497
221.8767014
221.5566298
224.1426902
221.5436258
226.1005711
225.9670635
222.7457148
226.3440059
225.1143484
225.231211
222.242547
221.4950776
217.7679602
217.6625412
212.8742982
215.8889702
210.015154
211.78335
208.8252021
213.7604769
215.8451034
215.8256841
220.1572269
219.9356389
221.4919566
221.1698044
221.0487806
224.3263066
222.5059212
222.4218287
218.4762443
216.7434191
221.3213442
219.7721354
221.2245945
213.8639887
216.2799569
213.7800696
219.2424395
220.4603066
220.7418864
223.3357492
223.0004196
219.9902557
218.281878
220.504
220.9419745
222.4615342
222.792009
225.2364126
222.6796545
220.7682411
225.0560905
226.5862269
227.2565393
227.3054343
227.3054343
229.1656986
230.0532643
228.6848977
228.7067444
228.7067444
233.2075125
233.283109
233.545963
233.9119821
235.0702042
235.0405551
232.5323453
232.6897802
233.5851484
230.3804448
231.6888197
233.3691088
228.9867637
225.2502835
222.8318879
220.788354
222.151519
219.5632046
215.8359139
218.629518
219.9808928
222.9034965
221.8730602
215.8603614
208.8239884
211.0549531
211.4688268
212.8266169
211.7807492
210.8340587
211.4527019
214.7017925
218.0561287
219.3601689
220.5211653
219.8931592
217.1983854
217.7181983
213.5919452
217.5014651
221.0316153
223.4257368
225.1417435
224.5435599
228.9765339
228.5588457
228.7904901
230.7043308
229.9275591
229.9388292
227.8710212
230.6211053
231.6961019
230.7641492
230.1865986
230.2426025
231.5993522
231.5369331
234.3863677
233.8381194
234.4718472
233.6364708
233.0015293
236.5195424
236.5195424
236.5195424
237.7315144
236.1387855
233.4143626
237.3871687
237.3833542
236.3822202
237.9426992
238.5114071
234.0630017
233.0296179
236.2240917
233.7266318
230.8402659
232.4180835
234.8799992
226.4274048
222.8339685
226.1636838
224.8787161
225.5922018
217.8066254
214.788139
210.4645719
201.0770773
219.615394
218.2074952
221.0004057
220.9360793
211.2822629
210.1661737
214.3820677
208.2360346
203.5514767
203.4386021
203.3532959
197.3811695
202.0412799
208.7582749
208.255974
208.0369868
207.6995766
207.697496
211.08807
205.3572977
202.9073457
200.8943278
204.8792709
209.0308385
211.0681305
215.0567147
217.0964341
217.7976093
218.3144747
218.4691355
221.2268486
219.4290034
215.8953855
210.9273406
208.9496936
212.15249
204.0336647
204.5186269
198.5759763
199.0321563
198.1234374
203.3206992
206.6372372
209.7930458
210.8002483
211.6399594
215.6795192
215.3714113
212.5389686
207.932088
207.0285706
206.0352391
207.7247176
213.8176944
214.3045639
216.0129416
217.3025907
217.4097436
216.4429402
215.9446273
222.0500879
221.7138914
222.2987242
222.4759253
219.75445
223.1861166
220.5215121
214.5944662
214.1800723
213.7876986
213.0729992
216.8278584
216.1190541
211.8998658
209.1938219
210.7329743
207.2355942
204.9359683
206.6015196
208.4361227
207.3345979
207.6026535
215.1401137
215.7067409
218.062544
218.9162994
216.6076574
218.4902886
221.1016635
221.4418479
223.7366189
224.1286459
223.1306329
222.0135033
221.2962032
225.1830095
225.0080625
222.0814709
220.6205158
224.7094908
223.7950502
223.7503164
222.4031029
221.2641267
219.9588727
217.7601579
222.4535584
224.4294716
224.7453818
224.2359722
224.6602491
223.634841
228.1501736
227.7491305
228.213633
228.5389062
226.9518991
228.0501295
231.0538781
230.5371862
231.1036401
229.7408218
227.4522927
228.5921359
228.3859793
228.9103002
230.4589889
229.2432024
233.3968506
233.5485638
233.2896977
235.268385
231.9386697
230.4277793
228.3695075
230.349582
224.4060644
225.9717449
230.209659
229.8282086
227.4652967
222.2354381
223.7449414
224.560205
222.9471899
217.6550856
216.3047511
219.9801993
224.7029021
224.9073249
224.8865185
228.4783943
229.5266894
230.8458143
230.7918911
232.7882638
233.3453548
232.0407944
232.5637282
231.6369771
232.6306554
235.1211799
234.8607533
234.3156259
233.6335232
231.3661473
231.1454262
233.0426219
230.7443831
228.1123753
233.7075593
234.6637861
233.9116353
234.0401147
231.9619035
228.2800401
231.8055088
236.1432936
237.4544427
237.9260541
237.4202855
239.6621736
237.5088861
236.4623248
239.3108925
240.1320512
239.4605251
241.3632691
241.9748035
238.7968014
238.7099347
242.6381804
242.3427297
240.8139805
241.4764905
244.0259664
245.0957614
244.0843976
244.0890791
244.5535816
244.4202474
245.0236326
247.2304966
247.2734965
247.5181449
244.0856113
241.4634865
239.2210783
238.9471275
242.7668332
245.1401483
242.8488451
240.8323595
242.4191932
240.2012324
238.6166527
239.9846726
238.8928575
236.9734684
234.7234311
231.6551827
226.0450874
221.1540262
226.3098487
227.7695901
233.299234
232.5593936
233.8181799
237.110097
237.3098383
237.5876036
238.2573958
240.366123
238.3706172
242.1825206
241.6705101
241.6001151
241.9604124
240.5911788
242.4039352
240.9093431
237.2356289
239.0071193
236.9519685
237.2633707
231.8469482
233.4447053
238.9400187
240.0079064
240.0079064
240.0079064
241.4374785
242.7295551
244.9369393
245.1784668
245.3326074
244.572134
241.5189702
239.3883963
242.4951365
239.7750483
242.4233545
242.8575144
240.7962951
240.5825095
238.9774702
236.143467
238.1819727
241.086024
239.1021351
234.2320536
234.8298905
235.4781828
234.7835962
236.7047192
236.3387002
240.0127613
237.6602525
233.3954635
233.4672455
232.0241493
232.486918
230.3247877
232.6987964
228.4456242
228.5451481
231.7916379
228.4652169
227.4465709
229.1572027
227.7621345
232.3350314
231.9577422
227.0997978
226.9704515
227.6307075
230.5900691
235.0088254
238.4746492
239.855673
239.7563225
238.4143106
237.3471164
238.4989233
234.6982901
228.4234308
226.530223
227.8415455
225.2627673
223.8744612
219.308153
222.0121163
225.4588675
229.1521744
230.6361899
229.0353119
227.5944697
224.454786
223.2889348
220.9950307
216.1918765
212.0519258
207.9147493
199.7645411
197.1635694
187.7561353
190.9063955
181.4268326
186.5115666
193.954011
195.4976714
194.7300892
196.0975889
185.4989892
182.0676693
184.0279777
185.9338426
189.2932071
188.1889081
186.4033734
190.3076918
190.8195289
196.8334414
197.2984641
190.5216508
181.6752955
179.6612374
186.204499
187.1309034
180.5006017
173.3815232
175.372521
178.6493534
184.1477878
183.5010559
178.1430647
180.8120039
178.1812098
168.9109244
170.374827
173.1181491
182.7721389
181.0356725
182.8553644
179.9950065
176.6033921
171.9649551
179.0727634
185.2389093
186.3629743
190.256196
189.7545887
194.2721753
191.7624049
193.6842215
190.658106
189.2472596
190.0257652
185.7507464
191.0886248
194.0911597
191.5576354
191.3324063
202.7450559
201.594116
195.4156596
185.2370021
187.5931519
192.7110028
188.6665881
187.4988296
189.6985848
185.5971259
184.8862411
189.8069514
187.3219754
183.8448815
184.6908344
181.4027319
180.5295572
174.5062818
173.0954354
170.2314364
170.3365086
172.2467083
181.4497196
182.3910352
189.9538098
188.4455202
190.4455341
192.6135595
191.3372611
191.0529072
186.2031119
190.5128081
185.6259081
184.962011
178.9737597
180.320453
179.0377393
179.1162834
184.0812073
182.5652887
184.9356563
186.7843037
186.7843037
186.831985
185.101067
188.313573
190.2199582
193.891245
195.2833656
192.2858589
189.2437919
188.8704906
188.2665853
193.102683
192.8980869
192.8807482
192.5188905
194.2019537
196.9109452
196.7245547
200.5222403
200.126052
201.1965406
200.0478547
199.5663602
202.7339591
200.1796285
197.0149771
199.0243539
203.1454054
203.7243431
206.6953217
205.4424305
205.5828736
205.5894623
206.5082376
203.6210047
204.2653092
203.7120327
204.6736345
204.8615855
207.4989684
209.484071
208.9687661
207.8608261
207.9414508
209.2992409
207.6773831
208.4661185
208.5375538
211.2526138
211.3954843
210.5146806
203.0902685
205.0367059
210.2258186
210.8378732
211.0627555
214.6686756
215.3859758
216.3101261
217.2328893
216.2643521
213.5976669
213.3977522
210.2239114
210.5172814
212.1875141
210.4578099
208.1134503
205.1559959
207.7904311
210.1011537
206.8929824
201.0897345
201.4396285
201.4396285
201.4396285
195.4732239
196.8981146
198.9605476
194.3881709
195.1859224
200.3488537
197.2752303
193.6462498
194.1580869
188.7042129
192.8074057
196.7604457
196.6645629
198.9754589
195.9413676
195.9413676
196.7755303
196.6089058
192.845204
195.9061701
190.590832
190.2645185
190.894952
190.7910935
186.4562563
185.3176268
185.7084401
183.5045237
183.1116297
184.2315335
187.7003048
182.7452639
184.8475759
185.3682557
185.1322766
187.5928052
183.5248099
183.4582294
179.2730249
179.4316736
181.3089298
185.6083961
186.6045018
185.4721142
184.9514344
185.0679502
184.0685501
184.1812514
187.4015598
186.3523978
189.3282311
189.9007535
189.1506833
187.6916355
183.7476116
183.1138838
186.2043256
185.5327995
194.0264865
196.7176192
198.5482344
198.3965212
196.232657
192.7992565
192.0592427
193.2020335
192.0261259
190.6884486
193.4640206
193.4654076
193.3050251
196.6961193
198.5775367
194.6420088
188.9122768
187.4606846
187.9754693
195.3650307
199.3636714
201.7101116
199.8536618
201.5327371
196.5468334
204.6571628
206.3154317
209.0554594
208.1023535
209.1314027
208.0293578
207.4379363
208.7535934
208.7504725
210.626515
211.1508359
210.5474507
212.5164284
209.581861
207.9170033
207.8417536
209.4341357
207.6539759
206.7853093
204.7691705
206.6419186
209.0219958
205.8660138
206.2372344
212.2842638
212.8782861
212.1113974
213.7334286
214.3300517
212.0169017
216.7208789
215.1825934
212.8713506
214.0163954
212.9049876
214.2152698
212.1885544
213.2992687
207.609589
208.8479157
204.3362243
208.8505165
207.7482982
207.2612554
206.9848772
210.2013711
207.3255818
205.9549611
204.831763
207.5022627
206.0721704
207.9489065
212.4897268
213.8563596
214.2490802
212.6008676
211.3491901
206.8758171
208.0432287
207.4431379
208.752033
207.2733924
210.0572869
208.333131
211.0806143
212.1096635
209.58949
211.3132991
207.444525
207.235941
208.0995794
207.4599564
208.5897431
206.9226315
205.7578206
203.3482677
208.8799922
210.2079598
211.0603281
212.3693966
214.1452216
212.4907672
212.6849601
213.4419658
216.4984239
216.045885
216.5358754
217.255603
217.8706051
218.6187681
218.9771581
219.3079796
221.3189168
221.3267192
221.0090751
220.9737042
220.5804635
221.1195223
222.1151079
222.1974665
221.6861495
221.0916071
221.0916071
221.0916071
222.3451918
219.2918546
220.4696695
220.4696695
225.9464305
225.3324687
225.8094551
224.4483707
224.4995197
225.0404858
224.0814847
224.2909357
224.3887257
223.7874212
224.4128264
226.6332146
226.6016583
227.8344366
226.5569245
225.7446085
227.2769989
228.7381274
228.8419859
229.0755376
227.850735
226.0213335
228.5867609
222.2096035
224.1567345
221.3230781
219.088819
221.9155399
221.852774
223.9365336
224.7141723
223.1280321
222.9262102
223.4182812
227.4300992
226.0648535
221.1592278
225.9006564
226.5640334
220.9934703
224.8958814
226.7329119
225.5252746
226.0378052
230.575678
229.8152046
230.9009512
233.4826769
233.2981937
233.4745278
233.2073391
235.2286795
233.727152
232.7830622
229.9677848
232.875824
229.8289022
229.6411245
227.2468296
228.2871489
226.0405794
227.3049141
227.3049141
227.3049141
231.6399247
228.9059655
227.0139715
223.1512659
223.5233534
223.5883734
227.8654728
229.7879829
227.125459
225.7562254
224.2748107
219.2509354
219.1097988
221.9127658
221.9824672
229.5636207
232.9115416
232.952981
231.2199825
234.4793028
233.8136719
233.8136719
233.9170103
237.035194
236.8576462
237.5631561
239.3618681
237.8970985
239.446134
238.9635992
240.1903091
241.2821242
241.1692495
242.4687818
243.9815794
244.7831454
245.647304
240.5027516
239.9238139
242.0318476
245.193378
240.639727
242.0299404
239.2782958
237.5180755
237.7889053
233.4721004
231.3118773
234.6252943
234.1526426
230.8855198
230.0237886
230.1860784
230.6774559
233.9813367
233.9789093
232.7199495
224.5454672
221.8439313
217.8673107
221.1148408
225.7064635
227.8522955
226.367413
228.2677296
226.8445728
224.4322457
230.6845648
227.6860178
231.7498518
233.06915
233.0020494
234.6949957
233.8691556
235.3245623
233.5470034
234.6244274
237.8835744
237.7292604
238.4656331
237.5224102
239.9647332
239.5277991
240.2818572
240.3076918
241.3398619
241.6394739
244.6192951
244.8280526
245.1732652
244.1944981
244.3843564
245.8380292
246.4828538
246.2605722
247.3286334
248.6057987
247.2686417
249.030249
246.7942561
243.6006492
242.7682203
245.3632968
246.0341294
245.8369889
239.9959428
239.3046506
240.85594
237.9009131
242.0701661
240.250821
240.637473
242.3820885
244.7436133
244.3503726
248.7788385
249.0633658
248.2253886
248.6739397
250.8601707
250.275858
251.8604377
253.9492255
253.9856367
252.0053889
253.3782636
253.3078686
252.8718015
252.9238174
250.5874336
253.661057
251.3291813
249.6104004
251.5476484
251.4587011
249.6918921
249.2466354
254.549143
254.7898035
254.7383077
256.4577821
255.6751152
255.5747244
258.4612637
258.0049103
259.0403748
257.1301752
258.0678496
257.8556245
256.6613379
258.2632563
258.0557126
259.620006
258.2027444
259.118052
257.0521512
259.0963786
258.6856259
257.6621251
259.5003693
257.8438342
256.3733429
259.048524
259.3725834
260.9739816
258.1833251
257.8582253
256.9514136
258.3908688
259.7368686
258.1913008
259.1815114
259.7457113
259.4467929
258.9214316
252.4743995
251.1067264
248.4370936
250.208584
250.590728
248.1702517
248.0551231
247.000586
246.493257
249.928218
246.812635
249.1325471
253.0980709
254.0674751
255.3397856
255.6094017
255.6094017
255.6094017
258.9517743
258.9878387
260.1450205
260.1450205
256.3421333
257.5558391
256.343347
258.4451388
258.5292312
256.3783711
257.6832783
258.7549805
259.248612
262.4918075
261.6857334
262.2358889
262.026438
262.1679214
262.1618529
259.5907037
252.5839798
251.5018743
253.9164554
252.4320932
253.5247752
252.6087741
249.4311187
249.8696133
249.979367
253.9591085
256.2788472
256.8746034
259.6532963
261.0618886
261.3054967
262.9290884
262.7896856
262.5101865
263.155878
264.1557982
265.7374303
