100
100.917973
101.2277556
101.3603812
101.3603812
100.5108993
99.59631456
99.23474018
99.27685125
97.42686832
96.41184628
95.47426989
94.31839358
94.58775923
95.52727176
95.74048931
95.55776598
95.03403978
95.39392003
94.59211555
93.25182179
92.74455279
92.72591743
94.06596917
93.29054461
92.00349473
91.8219815
90.31614766
90.90037827
92.02866457
95.08607358
96.63595463
96.82714857
95.91885632
95.52969194
94.6325325
95.0822013
94.53766158
94.65746032
94.97377739
94.35033991
94.33460877
94.45948988
94.11461472
93.75400842
93.75400842
94.16011404
93.45439056
92.96720903
93.31668252
93.23125029
91.92096672
91.06446624
90.68498256
90.677238
91.0939924
92.75278139
93.80289598
93.4151837
93.48004443
92.91928953
92.73051576
92.54101594
95.00644977
95.8280997
96.09335105
95.20587232
95.4278025
94.57469028
95.46555726
95.11172745
94.74192448
93.43744933
92.678966
92.22131062
91.70992732
92.13515234
93.55555394
94.90335025
94.90335025
94.90335025
97.27270307
96.99220461
96.97889364
97.1826725
97.1826725
100.0251698
100.3339844
103.0830629
106.6915461
112.0415883
110.3077738
107.9911809
108.2859584
107.1823579
106.1213525
108.485865
109.9962971
109.2654038
109.5623595
108.2920088
106.9265452
106.772138
107.1985731
107.3701636
105.7217813
105.8481146
105.5194546
104.5738916
105.3285027
106.6131324
106.5596465
105.7546957
106.1453122
107.0170598
107.0170598
107.7266556
108.0681425
109.0710636
108.1049292
107.6509041
106.8374827
106.6334618
106.4134678
107.4451891
108.4817507
107.9156714
107.3689535
105.7215393
105.9110392
107.0681255
107.3406374
108.5635526
109.32252
110.638854
111.0050267
111.2238107
110.6954861
111.0715816
112.078375
111.8002967
111.9866503
112.2417369
111.9832621
112.4227661
112.9765025
112.8385524
111.748989
110.9450063
111.4970486
112.2110007
113.2359454
115.1367521
116.4550222
117.2149577
116.7345526
116.0295552
115.587631
114.8906201
114.9612893
114.9612893
114.9612893
114.6640916
113.6531839
112.8334701
111.8675776
112.1301668
112.2736832
112.4404334
112.4263964
112.7180277
111.8707239
112.1863149
112.2376226
113.9111747
114.7722735
114.3787528
113.6013921
113.3838182
113.3620366
112.5960508
112.3213607
112.9455242
113.3937409
113.4394823
113.669157
112.9936858
113.4145545
114.121004
114.2245875
113.2502245
111.9566401
110.7528443
111.3862045
113.0069967
111.3866885
109.4215052
108.7975837
107.3360391
108.5054684
108.5320903
108.5224096
108.5599224
107.7859499
107.4280058
109.3619689
110.6129581
110.871433
110.7794663
110.6042455
110.7995537
110.6969382
110.2516258
109.9321625
109.8476983
108.9718364
108.4127756
107.7092303
107.3512862
106.6591157
105.4308761
105.5020293
106.1242567
106.1126399
105.6097272
104.9749149
104.5751017
104.8275261
104.0245115
103.2406164
101.7054984
99.73015032
100.9644403
101.8671662
101.5716626
102.6208092
101.8272333
102.2166397
103.455286
105.5908498
106.8832241
107.3568526
107.3118373
107.2348757
106.3260994
105.9577486
105.6545004
105.497673
105.8478725
105.799953
105.1934568
105.2321796
105.6506282
105.9456477
106.2336487
106.2336487
106.2336487
106.6465308
108.0867778
108.0301457
108.0301457
107.0579608
106.7610051
107.1470233
107.4657606
108.9478767
109.5262988
109.9273221
109.5909176
109.0749359
110.8740952
112.929067
113.5471801
113.5399196
118.1743156
119.2116033
118.0186983
117.4639938
117.8732457
118.4160913
118.5424245
116.5828075
118.8909299
119.2798523
118.0663758
116.1292665
117.2701377
118.4618326
118.7667748
117.9613401
117.3388707
117.302568
117.6774534
117.3967129
118.0775086
118.8449466
119.0068564
117.8509801
117.6467172
117.7970101
117.7970101
118.59107
120.9410614
121.4952819
123.8213135
124.0497782
122.6964155
122.0763663
122.2602997
121.5422333
121.8979992
121.3936345
121.0981309
121.3406326
121.977381
120.8415922
119.7188723
119.1784469
119.7193563
120.6775042
120.6775042
121.3476511
120.9437236
120.5296314
121.4826969
121.0913544
122.0340132
121.3979908
119.343987
118.5024916
118.2670084
116.7340686
117.4632678
117.5387773
117.5387773
117.5387773
118.6126096
118.5341959
117.4826292
117.8865566
117.5879069
115.5702057
115.3886925
113.6798058
113.2098075
111.8808886
113.5694458
113.5694458
115.286561
113.3087927
113.2088395
113.8049289
113.9232756
114.2892063
114.4970994
114.4707195
113.8719678
113.10695
113.5203162
114.2066782
114.546229
113.7901659
113.6226896
113.285317
112.8540416
113.6648007
114.0193566
113.5817887
113.9518336
114.4438555
114.4438555
114.395452
113.9554639
112.9840051
113.6154291
115.5017147
114.7988954
113.5938895
113.2916095
112.7400513
112.4220401
112.3726685
113.3709913
112.1369433
111.2458343
110.3034175
111.1669365
111.1669365
113.2478043
112.1550946
114.1701336
112.5788675
111.5384336
111.845312
111.4803494
111.7852916
112.5377245
112.3828332
112.2763454
112.5210253
111.900008
111.5740102
110.9486366
110.2884124
111.0989296
110.9164482
110.1356993
109.035245
109.3888328
110.3128562
110.5120367
110.2109668
109.473781
110.0696285
110.3036595
110.2046743
109.6078588
108.7765282
108.9089118
109.3138073
109.6332707
110.1475582
110.2746174
110.2746174
110.392238
110.9116079
112.1483181
114.3092937
114.848267
116.3386117
117.4095399
117.4080877
117.3637985
117.479725
116.9772963
115.5092172
115.0380089
115.3899025
115.0789099
115.1982246
114.3008231
114.83423
115.6776615
116.5438427
118.7776656
120.7075144
119.6540116
119.2568606
118.8827013
119.1295593
118.7302302
119.0354144
120.2701885
120.75737
119.0601002
117.7841832
118.6958637
119.7183883
119.0830919
119.3352743
119.6987848
118.5528312
118.3405818
119.6774873
119.3299499
118.4068946
116.4271902
115.5438258
114.20329
114.5585719
112.6616375
113.4305276
113.5074892
112.6456644
113.285075
113.285075
113.6589923
113.3542921
113.8366332
115.1067419
115.5832746
114.6851471
114.1703756
112.1909132
112.1909132
112.1909132
112.4660873
111.090943
107.0560247
108.8389687
112.0127882
112.0725666
111.3278783
109.4653104
110.2446072
110.7104912
111.1950106
110.7804343
111.1911383
110.844085
111.7308376
111.5495664
111.4358181
110.7153316
110.0587377
109.0178198
109.1456051
109.9716113
109.7012776
110.1683717
110.8801456
112.1916393
113.3777678
115.6965389
114.7911509
113.6328544
114.1524663
114.1524663
114.1524663
114.4591026
113.8179979
114.2490313
114.2490313
116.7338266
118.1295424
118.1295424
121.702933
122.6526103
122.9609408
122.4282599
125.1797586
126.6139552
129.3003512
128.8656875
131.3499987
135.302631
135.5100401
133.2829937
132.6919866
134.179185
138.4870992
141.6609187
142.7427377
144.4876849
143.323338
140.5338425
141.3153175
143.282195
145.3054626
144.3022994
148.1111732
150.4647949
151.1593856
148.2924445
149.8316767
153.5827083
154.6628331
155.3818676
158.2635717
161.1307549
165.6284109
170.9939423
176.5499416
166.0287081
156.5275791
144.7577766
144.7601968
155.237141
160.583553
158.0951275
158.0951275
155.7410218
150.1274223
152.8484268
151.5255583
152.6879691
153.934602
152.0253247
149.9773713
149.9940706
150.8975225
150.8975225
151.0846021
152.9871029
158.3383552
162.6477215
160.1242035
162.0697834
161.0010334
164.065945
168.7039713
167.2634822
165.9437599
165.7598265
166.3101747
163.9923716
163.929931
165.8738168
166.8455177
168.0778716
170.523944
169.1785679
170.2204539
171.771061
171.771061
171.771061
172.3773152
172.5476956
172.5476956
174.0547396
177.3597326
178.503508
180.7859765
181.8748139
185.6781214
189.4506925
191.0235653
196.4996987
198.0040804
197.3532949
201.1408712
194.5599272
195.9609674
200.7229067
205.1445692
205.1445692
204.2544283
204.0523436
199.3102497
193.158887
193.6768048
197.9922216
197.1139395
194.3409012
187.6805754
187.7011469
188.6810764
191.8948288
191.7399375
191.2331525
191.2331525
185.65997
181.7022554
182.0389019
175.9930589
171.7197532
176.1886092
182.1855646
181.053164
178.7196298
179.2779645
179.9137449
177.7808433
176.2871104
179.0049686
183.205185
183.3329703
187.2173536
187.0244656
189.2715995
190.2699223
188.9502
187.1219987
185.1858575
182.3302912
181.9370125
182.0415641
182.6850891
185.8400312
190.3054989
192.610475
188.2972364
186.8756247
188.7243976
187.935178
187.2132393
187.4455763
191.3698925
194.0192598
194.9665169
193.9318914
194.0715356
194.967969
195.8631923
195.8631923
192.3965314
191.2302483
192.4838998
192.5090696
189.4877212
185.6662625
186.2529133
183.1429864
183.0853862
179.5301469
180.2191712
182.2668825
184.4491557
182.5546415
183.1887278
197.7833603
200.5191279
197.9280869
194.6092988
195.6444083
197.7567384
197.3317554
197.7453635
197.7257601
197.4997156
197.4689794
198.2770763
200.2988918
203.413175
203.5966243
206.1779846
207.7477111
207.4057402
204.4127079
207.8566191
206.9473587
206.4066913
207.9556043
207.3701636
204.7641175
205.3435078
204.5639689
206.0833557
205.0150898
203.9240742
201.534876
200.1631199
200.3347104
197.518593
195.9067554
191.9761467
191.9761467
186.6943535
181.5265505
173.6822744
177.9161312
186.4772637
182.28697
175.4611041
175.1295399
170.893263
160.7428006
159.6646119
163.0475347
159.8916245
154.6095892
161.3224329
161.9913697
165.0027953
168.0706111
165.6823809
163.312786
165.7300584
167.603759
172.2192777
177.9340405
178.5945067
180.504752
181.2893732
181.6231156
183.6079024
184.3673538
185.7630696
176.0736508
178.7322147
179.8072571
178.9841551
179.2244786
177.1552277
175.7072361
172.1863633
175.0061109
174.1813148
174.1813148
174.1813148
171.4329623
173.4584081
174.2737655
174.2737655
174.8132229
179.5475722
179.5475722
179.7525612
175.1014659
174.3567776
164.9754473
169.0360195
169.4169553
165.2847459
167.1949912
169.5423204
170.0890383
170.0292599
170.3789754
170.5638769
168.385234
166.2525745
164.0405331
162.7188747
164.5981418
164.5695837
169.8184626
167.6090834
169.7209294
174.6929401
179.4321298
178.996982
181.7254891
180.1148616
176.8246316
175.4206872
174.5707212
171.4119068
169.9493941
168.1700803
163.7109051
168.7114738
168.1775829
166.2172399
168.7129259
168.7129259
172.6265934
175.4993429
176.226364
182.5149506
183.6323461
183.7189885
185.6602121
188.5319935
187.9913261
202.344183
215.670159
220.564966
231.519169
235.0746503
236.3241875
231.1004785
231.1004785
240.6570295
248.6649096
249.9817277
241.5863773
238.4176402
238.0250875
246.256592
252.0062053
249.7643958
248.4761358
251.8169475
251.1731806
261.3217068
262.0003243
272.8930548
285.3562379
285.3562379
285.3562379
307.3708896
306.0710128
302.317319
284.9397255
267.9285467
282.5241473
286.783174
299.862776
299.862776
297.080299
298.465124
291.6532952
283.561677
278.462123
269.3257146
277.7024296
281.4481368
283.4169504
280.8292977
287.4129039
286.5484168
291.0768091
293.5829019
296.6945229
301.4194335
296.9532398
284.6093714
286.3877171
292.8478943
285.8088109
288.1694511
290.4371565
289.8587343
288.7798196
288.7798196
289.7677357
285.1130101
280.2944387
274.1469483
258.7120305
268.4609855
274.1302491
278.8829917
275.0559666
269.5936282
268.4292812
270.6788353
270.8898747
268.3603062
271.2848475
267.987115
272.813431
287.6546795
288.3209541
291.3430286
295.3188946
296.5877931
298.5299848
294.680694
295.4469219
295.201274
299.3954399
304.5993035
307.8779166
309.7053919
315.5709317
314.3855293
312.7761119
301.6471721
303.9405314
303.1767237
303.181322
307.5359457
310.3268932
311.3779759
311.7279334
303.1021823
303.6256665
303.8202486
300.1202828
290.4778155
289.4911095
279.0175535
286.605291
281.0369488
292.4028239
301.4046705
300.068975
295.1296368
287.6370122
278.9580172
279.476661
257.6413444
246.2478793
246.7672492
238.7538027
248.2208072
239.2308195
236.9725528
240.3632201
246.8584899
250.4679411
250.068128
244.5963509
252.4791078
248.5581798
252.4321564
247.4279574
244.749548
235.1499178
240.7695677
241.1330782
246.97006
242.802032
243.1972468
245.2877953
241.4665786
233.1670672
215.2466281
214.4440976
215.8799883
218.6542366
207.1075744
201.9049209
198.2141517
202.2943273
207.4819757
216.8756489
229.5740731
227.9324674
230.2822168
234.0838301
234.5315627
232.1997226
234.2287986
237.8041254
237.8041254
233.6678017
240.4423599
254.825227
252.5490509
254.0621453
248.725172
247.5155678
246.1375193
247.9824198
246.9957139
245.9226076
245.956248
255.1374297
254.620722
260.4848098
271.3937555
275.1956108
276.1559368
277.268734
274.9712604
272.1650657
274.5104588
277.7614819
272.5757697
277.3205258
265.3358116
270.1110619
280.2799176
277.8336032
275.9821681
274.4272047
266.891017
261.4361812
262.284211
270.5813022
271.0454921
273.923566
276.9824271
278.0134223
286.31729
290.8744824
290.8744824
291.8911985
292.1825878
298.3579102
301.0685079
301.0685079
321.3493452
320.8991924
320.8991924
335.0656957
335.4930989
332.835503
331.9327772
309.5480804
320.8210207
318.4352107
329.8528775
326.1664646
331.6953579
332.2938675
329.8698187
321.5078668
332.5622651
334.4020833
341.1415489
348.3021252
357.828666
363.4488
362.9618604
360.1517935
360.3226579
361.9908856
349.356112
350.2670665
358.6249041
363.7806062
367.1855525
361.3551052
361.2711251
354.8755666
345.1951025
345.1951025
327.3973664
348.99962
357.800592
356.3826105
355.6933443
347.1905381
348.478798
337.9415915
338.2482278
346.6755245
359.2173633
360.0002904
363.120624
370.6952925
379.613885
378.8558857
381.0354967
384.5190988
394.7339379
391.1317471
377.5330173
359.2943249
359.2943249
365.3084636
362.0910809
366.0780797
355.0691807
327.5387047
348.9289509
342.1340633
348.3379438
370.7780626
379.1545355
379.1545355
379.1545355
387.071659
388.6370292
378.7985276
370.1754386
351.6535856
351.1685822
350.2251974
345.256575
348.6525667
342.3296135
361.626407
373.6033766
369.9186579
380.407945
392.8725801
390.4412708
396.0115491
412.3373339
420.9943053
414.0984963
423.7612931
422.4270498
413.8734199
417.165344
406.745516
422.7368324
421.7503685
426.4338941
429.8214152
428.9653987
424.9919529
408.3892999
403.0719301
400.178609
400.178609
417.5518462
414.0975283
420.8193266
414.2245875
418.4194795
414.2526616
414.8315678
413.0210338
411.9750335
409.6552943
405.1915207
404.1530229
402.2125254
403.7372366
405.853923
399.9155358
393.9652898
393.6090398
395.3808511
395.5734971
395.2591162
399.4409392
407.4296999
409.1935246
426.7250413
423.0233813
421.0746552
416.4308205
413.9443311
417.0733773
414.162389
415.9116926
425.2937489
435.8585455
446.09323
439.6424915
436.5194957
440.279482
436.7503806
434.4976803
426.4060621
422.3411336
420.7181632
416.6675137
412.9600453
414.6921656
420.8783789
421.7327012
423.8213135
430.2246166
441.0921773
440.9317196
450.713589
459.2018742
467.4679871
466.9517635
471.510166
463.9250907
465.3880874
474.705525
477.5765804
496.900964
486.1880526
486.3954617
490.1912666
489.7241725
506.6245072
512.7117352
508.5311223
527.679801
534.6264337
534.6264337
534.6264337
542.5750194
572.2625988
577.090609
581.8264104
589.3173408
585.8056647
584.0173962
553.5998916
552.9837146
530.8349851
503.5172425
486.2054778
514.7618667
513.681984
521.236081
519.6685326
521.7566609
537.1468055
543.0346109
549.2307469
552.4461934
553.1683741
564.2380195
566.7760586
551.0763735
537.7615303
504.6377843
499.1706055
526.0950694
521.0424668
516.6687238
513.6425351
509.2053834
498.9230214
498.9230214
502.4731784
520.1048905
521.8643588
512.3436263
509.0202399
515.9840559
528.6870784
526.5253768
527.6551152
520.5351978
523.3372782
525.322065
522.3103973
520.0008229
512.2042242
515.0188895
513.6708512
506.375471
492.5293991
496.2719601
514.7875206
536.125249
529.0196107
524.6550643
517.1546953
516.8894439
509.1083344
495.8769873
488.8340316
492.1496734
506.2142873
523.594301
518.4642528
504.880044
484.9992618
490.5039534
472.8386008
469.4046124
473.6147515
454.1057085
457.471932
478.3043275
491.8345664
505.799227
522.7842679
522.7842679
547.7982444
531.8543635
512.105723
512.105723
513.7669322
508.7929854
495.2726692
496.9307321
495.969438
506.6673443
514.7199977
502.5697434
486.64595
487.4746184
492.8791146
492.0172897
485.2376492
476.7440397
478.0572275
485.0082165
480.8501112
494.9069805
500.6123047
511.2172762
519.6298098
532.7868575
540.060214
547.4732147
539.9411413
540.9820592
536.7048813
534.6046521
526.8252366
515.9472692
521.524324
512.5348203
506.6530653
506.3548995
522.6453498
519.3255936
505.2430704
503.647448
509.6470657
519.6680486
513.9053663
513.9085125
497.888396
489.649631
488.6924512
489.5651669
489.5651669
455.6647862
458.8052073
474.2229418
482.1047307
483.4530111
474.7265806
472.2601787
464.6446092
466.8210739
467.3731162
467.9152357
473.6176557
476.5801938
477.4955045
479.0845924
480.2820958
479.4892459
479.2147979
490.0864729
490.910543
488.6295266
484.0730603
469.5486129
445.3158693
404.3611581
392.0661773
423.4002028
429.5278478
437.8346197
434.8311806
420.7043682
412.5645885
422.4904585
422.4904585
422.4904585
436.2711856
438.8832821
435.8445085
441.6025925
448.0300973
446.0407122
451.220858
451.5161196
453.9701786
462.7375101
468.0957809
468.0546379
471.1766656
477.912743
467.5326058
466.5262964
455.6289676
454.3511144
457.8610964
459.0585997
456.2453865
459.4613171
451.13833
451.4582774
447.6791717
445.8771083
433.7488776
437.2668462
443.5029151
436.9706166
430.7301915
436.6383264
440.0529535
437.4425511
437.4425511
432.1261493
428.9109448
422.2017314
416.0571452
407.3377332
418.6208382
411.5471462
411.1512054
408.4703758
405.9483099
401.2112984
405.1893425
399.6355214
393.679467
393.8764693
398.3160412
394.2237647
395.3752847
402.6513034
409.3564025
411.6028103
406.4955118
408.9091538
408.2196455
407.9715774
403.6002546
400.1064878
402.5963654
405.3108354
404.6387524
405.5879456
404.1527809
396.5159139
390.9194977
378.2503576
382.1889529
378.7445576
375.9729715
381.724279
387.9755949
387.9755949
384.0435341
381.3024422
382.602561
381.2569429
380.4742578
379.6308263
370.5834804
365.1150915
358.3971655
354.1787978
342.568727
354.8576573
361.0061158
366.8731077
385.6672306
394.4819975
404.4102877
434.0731813
419.1421442
399.9060972
396.0159054
419.5855206
415.9463011
409.2753265
410.9176583
404.1072816
396.3823201
401.0290591
407.8082155
407.156704
406.8708812
405.6518382
409.9154632
409.5592132
399.5140286
392.0777942
387.9124283
393.2336705
386.6793484
383.7940139
381.3774677
374.9218888
365.1284025
374.3231371
368.4723604
359.7510122
368.7339815
375.8773745
369.3053851
372.2475937
371.7013599
374.9869916
374.2241519
373.0414116
376.8691628
385.2354711
378.6136261
376.4083612
369.5735407
363.1915352
358.4738851
360.5767765
358.5401979
354.1122429
350.8546853
343.8018069
342.7567747
336.5749178
330.0256781
336.9374602
327.2228716
321.4367136
327.2381187
326.3668552
316.3088436
317.8296825
319.4843572
333.7776777
346.1380033
345.0385171
363.5947366
363.9626034
364.354672
359.8800076
353.3932085
342.9056155
351.8854385
350.8880838
345.5726501
339.4188672
338.2199118
332.2984659
331.985537
331.985537
331.985537
332.1852016
330.9204173
330.9896344
330.9896344
330.9896344
328.8572168
323.9885477
314.6127839
308.444722
304.0566999
304.3689027
325.1524106
325.1499904
311.735436
308.6409983
315.8267444
312.8835677
309.3118712
302.4117059
299.9266687
296.230091
299.1880308
299.7596765
297.2593921
306.9425184
320.1879025
318.9516763
310.1306169
303.7086785
309.2104658
307.3125634
309.8181721
310.9716283
313.2383656
313.5527465
315.9535617
315.1887859
317.5005385
319.2670253
321.8471755
313.6928748
312.0294874
310.7533283
310.7533283
310.4638752
307.3527383
305.4853301
310.4975157
311.8985559
312.8646904
311.8264346
321.278434
320.6530604
320.3737721
318.2587798
303.3877631
309.762024
309.2228087
304.5838143
307.8094256
304.1472145
299.9542587
301.8574855
305.1668349
302.9020337
302.3466032
298.5481361
301.6474142
300.5145295
294.2995162
294.7068319
302.0230256
302.0830459
299.1171196
303.0319972
304.2338568
311.5064873
311.5064873
311.5064873
314.7575104
327.0851636
325.349897
324.3019606
323.4060112
320.0194582
319.9814614
321.5780519
323.5064486
326.2511708
326.2511708
323.6717466
318.9925773
316.7229358
312.503358
312.4839966
308.1867311
306.6733948
307.3396694
300.6340863
297.0674721
299.1744778
301.6091754
312.1434777
313.6258359
310.4827526
311.9948789
314.0205667
318.2181208
315.7459105
307.6816403
303.9591668
300.8678753
292.3077109
292.3077109
282.1035206
281.1676384
289.9678843
287.9881799
279.6477675
281.8360911
281.450315
278.0649721
277.7578517
275.7432967
274.2986933
271.0672736
269.9627051
268.19283
259.8499975
252.7842921
258.541408
258.5024432
263.1837906
262.7120982
257.6130283
253.3474672
253.3849799
253.139332
242.1050211
237.2963724
228.8485042
235.5732067
226.9372908
216.7236618
219.8558543
230.4092761
244.5675508
235.6574289
244.5961088
247.0772738
247.4957223
251.1138862
256.1352685
250.4875446
255.0031099
256.0164378
260.6648709
262.6012541
261.5632404
250.0352136
246.4226161
246.3405721
244.6568553
243.9917908
250.2501252
250.2501252
252.4299782
250.8050717
250.6283988
250.2813455
250.082407
250.5608759
255.3141026
259.898401
262.2041032
259.4717239
259.294809
259.7950595
257.1948218
255.388402
252.2748449
251.1942361
249.2680176
239.1158611
240.4210623
221.7331852
222.9936132
211.9617225
207.9730296
208.0282096
211.5698959
200.2352412
197.9822988
201.3257727
202.9378523
202.1372579
203.5317636
208.4483522
205.990905
207.882515
207.1271779
212.0490909
210.6291733
207.3532223
207.59524
208.4432699
211.0543983
210.7029887
211.3012563
215.2008868
220.4117688
219.9623421
219.7873633
223.0006317
224.6436895
223.2532981
221.1782387
221.8028863
224.1729652
223.3805994
232.1556754
241.4092204
238.0657465
242.9675721
242.3983465
245.7757029
246.0975864
247.7343517
242.472646
244.3703064
249.0257579
251.4151982
257.0394465
259.3950043
256.2693463
254.1967071
251.4766707
245.338377
246.105815
247.6806238
248.2060441
247.4678903
247.4315877
247.1825515
246.969818
248.8844196
250.8578316
249.0010721
244.3412643
243.2195124
239.1577302
235.5320637
236.262231
236.0836219
238.2191857
241.417449
238.5410692
236.9442367
238.6550595
238.6550595
238.6550595
238.3936804
239.5677081
239.5677081
239.5677081
240.8213595
241.5866193
242.7901731
241.8847851
238.6923302
236.3244295
236.2106812
234.6922625
229.1711137
229.051557
227.6154243
233.9894432
233.6569109
232.1428485
233.8108342
238.2634749
240.6841355
240.3041678
241.0512763
240.8634706
237.8217927
238.3709308
238.1306072
237.4202854
234.5603628
233.657395
232.6392267
230.9008139
229.599485
228.7921141
228.3184856
228.5895453
227.899553
224.8808668
221.3962966
221.0681207
219.87933
216.2703628
217.0225536
221.3413586
218.7757295
213.1911722
216.2754451
221.5988654
221.4434901
221.1697681
222.0194921
223.0146687
221.6155646
217.7336015
217.0356226
217.8325867
217.5925052
217.5925052
214.7693693
213.2773304
211.9883444
210.6695902
210.6695902
208.9244009
207.8389518
207.0281926
207.0281926
207.0281926
200.0699431
198.1183127
197.901707
199.726036
195.6773227
198.683182
196.3745756
196.2397717
196.2598592
192.5516647
192.9338106
196.1901581
196.367073
198.3632346
196.4784011
195.9631456
197.6175782
196.1456269
197.6216925
198.2986159
197.5144787
197.5144787
197.1967095
197.2930326
197.2930326
197.2930326
203.1142832
205.2350838
207.0586869
208.1344553
212.0178706
210.364406
210.5280099
214.2809777
215.436854
215.8308587
212.2436731
210.4508063
209.3246981
207.1465393
207.4130007
207.2048655
203.8454185
206.6317677
204.140196
202.4100118
205.3176119
207.9749657
205.8253649
206.8749955
206.8094087
205.6724097
203.9603769
199.0827531
198.2894192
197.7770679
195.1843327
193.1049171
193.8483953
193.8483953
197.6662238
194.6100249
197.5026198
198.478193
196.6219176
192.5869993
191.7336451
193.9839252
194.4524714
194.8111415
193.1116936
190.3463999
187.9044417
186.8690902
186.5140503
184.0186063
184.8709925
186.5547093
183.9380144
179.8980138
180.2385326
175.006837
178.7975595
177.9238758
183.6122587
184.5534653
183.5832166
184.4317305
183.0396449
181.1105222
181.3760156
184.7093247
184.7473215
185.4162583
185.1471346
184.6679397
186.4482215
186.4482215
187.9438906
188.5530491
189.3209711
193.1080633
191.1375556
189.3425106
189.3640502
190.224423
188.7650565
185.9842737
184.2686106
181.4658041
182.2056521
180.5824397
178.0741687
179.0858025
176.5685769
176.6583655
176.857062
173.6650911
169.9271285
167.6824148
166.6535977
163.4737278
160.7962865
162.1622341
159.1316891
156.4593301
157.1224585
160.8836549
161.0867077
157.8753754
156.8666459
154.6688835
150.2646463
151.9645783
147.5032249
146.7343348
145.681558
146.2442491
153.4483885
153.3903043
154.6093472
152.2034497
155.0989489
154.9806023
154.7632704
152.509118
149.8694315
150.1409753
148.2500914
148.2500914
149.3941088
150.2927204
151.1567234
149.9609141
155.8455734
156.0655674
157.6454587
154.935829
155.4680258
154.3745901
153.4701701
150.0127059
150.3524987
152.0376676
149.5013226
149.3510297
149.8870988
153.9573516
153.8452975
155.3218472
154.7039761
154.6013606
155.4769805
154.4810778
156.3504222
154.3230403
153.7375996
152.9265985
150.3183742
149.1378121
150.0260169
151.6020359
150.9684336
150.6356594
150.7070546
151.7864533
152.0161281
150.0054454
149.286411
147.5649394
147.3328445
147.3328445
147.3328445
147.0697713
145.928658
145.9901305
145.9901305
147.8662514
148.3282631
148.3282631
147.764846
144.3267432
143.5266328
141.7001256
141.5892815
142.3593817
143.049616
143.9276561
140.6705825
138.634246
138.9319277
138.8726334
141.4489113
144.1391795
141.8092756
139.799803
139.5367298
140.2869845
141.5152241
141.0399015
140.5292442
139.9769599
139.3305308
141.5043333
140.924459
142.336632
141.3721917
140.869763
141.1657506
141.5938799
142.2504737
142.199166
142.1693978
140.9111481
139.2172665
135.6303229
135.2142945
134.5739158
134.0944789
133.492823
129.7759159
129.161433
129.4818644
127.4869129
127.4869129
123.457077
121.2346289
124.1601382
124.4779074
122.1513917
126.4109024
126.5633735
125.7429337
128.7449207
127.0328878
127.0328878
127.6318815
126.1323401
123.9989545
119.2147495
119.4456344
121.8297503
122.6680994
125.0372102
128.6289942
127.6655219
128.5607452
128.6650548
130.505115
132.3226676
133.3756864
133.0968821
134.2307348
134.2307348
134.2307348
134.6905683
137.9866067
137.2820934
137.2820934
137.2820934
137.4977311
140.4953617
140.4953617
143.3419734
146.5327341
148.4712955
149.5160857
146.7595046
142.5496076
141.3690455
143.7858337
144.5368145
144.0472128
145.8754142
144.1328871
144.173062
141.7891881
140.841447
140.088288
139.9120992
138.5454255
141.3412134
141.8252487
141.0827386
147.4582096
148.0448604
154.2893999
153.3704588
157.4332092
156.6478619
156.0249085
158.3792562
161.6929619
160.4286617
160.4286617
164.7414162
163.9396118
159.9739105
158.9375909
156.6517342
156.4936967
158.9603406
159.3277234
158.7974627
158.3015685
155.7562689
162.7539673
163.9354975
163.0286573
168.9810815
168.1361979
166.4783769
166.4137582
165.2094784
171.3802025
174.2285082
174.3412885
172.8047184
175.1837519
173.7401166
174.2868345
174.5731414
174.8192733
173.814658
174.0232773
176.9846053
181.3048624
181.2201562
181.6945108
182.4111251
181.1836115
179.5773404
177.9664709
179.3890506
177.9969651
178.3336117
180.573485
182.8586157
182.8586157
186.7592142
186.879981
186.4027222
191.0361502
194.0950113
193.5170731
189.6406764
190.1143049
190.4018219
186.4772637
185.9421626
181.6444131
180.42174
180.491441
181.0759137
176.8950587
173.5060855
174.9027694
176.3943242
175.6694813
172.6057799
171.2190187
174.7701437
171.4075505
172.2771199
171.3417217
171.8606075
173.2100979
171.648116
169.5943542
170.3492073
171.4024681
171.0353273
174.3606499
177.2159741
181.1971645
177.6266781
179.8830087
179.3316925
178.188159
178.4522003
178.5395687
178.7936872
178.4703516
179.4173667
179.3011982
180.7678252
179.6158212
176.9270051
177.5010709
178.721566
178.721566
178.8895262
179.4703686
179.6443793
183.067719
182.3353735
182.396846
183.9547137
185.4455424
185.5065308
184.1889867
183.0004381
183.534813
183.6684068
180.9749923
180.7295864
180.7191797
178.8210352
180.0199907
181.4892798
183.7761046
185.8250261
186.2686444
184.9503743
185.4486886
186.509694
188.1338745
187.3100464
186.7040342
186.0527647
188.4489815
188.9027646
189.2297304
190.170453
189.4940137
187.6919503
188.0266607
188.5728945
191.1995121
191.5068745
191.787615
192.7450368
192.7450368
192.7450368
193.1934955
197.3073116
198.2429518
198.2429518
202.4453464
205.1612685
205.1612685
208.5233777
210.8941826
210.3389941
210.1843448
214.8129325
219.0995491
218.8018674
219.5925391
215.7139642
212.5529716
217.5702396
217.8069328
216.8013495
211.9367947
213.1524493
209.9720954
208.2307784
212.3225708
212.7690934
210.8256916
211.0945732
214.7647709
214.4257042
212.1783283
213.573076
215.9932525
217.3454052
216.0857033
216.1355589
217.6694668
218.7643547
217.6053321
217.2127795
217.2127795
213.1006576
208.8467133
210.9735644
213.6219636
213.4043897
213.6531839
212.9101897
215.8778101
217.9811855
220.5806972
218.4640108
217.4143802
211.803927
212.5556338
207.4197772
208.9580414
210.9837292
211.0887648
209.6693313
201.4721934
203.67407
202.2306767
202.2306767
204.6365742
209.186022
209.2078036
208.883984
209.0715477
210.3932061
214.738633
214.1573066
214.3877074
217.6905223
217.6905223
217.6905223
219.961374
216.7785998
217.0099687
218.644798
216.6687238
218.3623634
219.9323319
222.9824803
223.7344292
225.5984492
225.0534254
228.1778733
227.3165325
225.048585
227.94118
228.0621889
226.1071703
224.3014765
223.6552894
217.3069244
220.4667068
222.3433117
225.294475
222.6874608
219.0959189
219.0090345
216.8739548
211.1107884
208.3329098
209.1187411
206.9802731
210.3617438
213.4457747
217.8889768
217.8889768
214.5922124
214.682727
216.5537654
219.7486405
217.9623082
216.4371129
216.2142147
216.7176114
216.122732
214.9148219
216.7321324
217.2379493
214.5781753
212.6592174
210.4537105
211.2167922
210.8143168
211.1173229
208.6881917
211.9442972
211.8825827
213.5534726
212.0202908
211.5101175
210.9258869
212.421798
212.024163
210.309226
210.844327
210.9145121
211.2593873
211.3995155
212.0127882
214.5222693
215.3071325
214.4273983
214.3114719
211.3908028
211.9157391
210.4537105
213.4145545
213.5024069
212.6725283
209.2799249
208.3515452
210.2530779
206.9207368
206.7568908
205.8665079
206.6939663
205.3541565
204.6919962
202.5615148
202.5615148
201.8180366
204.2353089
202.5327147
202.8812202
199.7814581
201.6478982
203.4746474
206.3183549
208.5337845
210.3029335
209.2888795
210.2189534
211.3433674
212.5841919
211.9728553
212.1872829
211.6834022
209.1017999
209.610279
211.3891087
211.900492
212.0425564
213.5541986
212.4273645
214.0304894
215.5922293
216.7877965
216.4192036
216.2171189
216.2972267
214.5113785
215.2570348
217.5946834
214.3501947
216.4443735
219.4352276
219.3638324
218.6508484
221.8544361
222.1344505
222.4514936
221.7827988
221.894369
222.9805442
224.4614502
223.4948317
224.2128981
224.3220481
227.9394859
228.5597772
225.1284509
228.1311639
228.4866878
228.4866878
231.2067242
232.437626
237.7900884
237.5480708
241.4227734
247.1041378
242.7395914
239.5633518
241.3588807
243.1565878
242.22603
243.0726077
242.1602012
245.3996074
243.8504525
242.7650033
240.7264886
237.3767223
238.7552548
244.8340122
245.5842669
247.4156145
245.6137931
244.9034713
246.9722382
245.8940495
245.036339
247.3108209
248.6070674
248.5976287
247.7965503
249.5918372
248.2058021
249.9212233
252.2327339
251.3968049
254.1870264
251.76806
252.5718006
252.7039422
255.1262969
257.9547572
259.007776
260.3299185
260.0041627
259.8257957
264.203895
265.573957
263.5385885
263.5385885
265.8713967
263.4621109
266.3307462
268.9752731
271.5048416
270.9365841
268.2238082
265.9698978
271.5205727
272.8732094
273.8129639
273.800379
275.9908808
277.4817095
274.2454495
274.280784
270.8956831
270.0094145
266.7787208
269.3571769
270.2882188
272.9845375
272.1752305
269.9145436
268.0483454
271.2884778
273.4063743
280.4882948
281.8334289
285.3661606
285.2562846
281.9837219
282.1175577
284.9772382
289.703601
289.7522465
295.8293098
293.8210473
288.9005864
288.8449223
292.7029258
290.5237988
289.5687971
291.3461748
292.7026837
295.6625596
295.6625596
292.9381669
287.1065095
278.6985743
279.8960776
271.9160296
270.2383632
273.0123695
277.2576012
277.2576012
277.2576012
276.2101488
269.9965876
268.2412335
271.3071131
273.4804317
279.1037118
279.6112228
282.7560002
282.2092823
281.6352165
284.0098937
283.7163263
280.8665684
276.9192605
271.141331
272.7751922
271.1628706
271.0043491
274.183977
271.5263811
270.3939805
266.9774173
266.4730525
266.4730525
266.4730525
262.8362533
263.8503072
265.6206664
267.2395225
265.1434076
267.4195836
268.2608369
270.1698722
269.2509312
270.372683
269.6434838
266.5037888
267.7504217
271.3664075
270.6563277
272.0261476
273.4813997
279.7181946
277.7970585
279.3980053
277.5814208
278.4328389
279.7941882
283.932206
287.5915129
287.2076729
288.6810764
289.7798365
291.6029555
290.8374537
287.0491514
291.0683385
293.0243252
291.5589083
291.5589083
287.5196337
282.6947698
286.0273528
286.2817134
285.8206698
289.2188396
285.5135494
287.167982
288.8349996
288.2246311
289.8793058
292.6937291
288.827013
292.0397974
293.5025521
293.0775691
292.9497838
292.6501659
293.0681304
298.340485
306.9734966
304.1605255
305.8101178
306.072949
306.7121176
307.6598587
309.7644442
309.0110433
305.6525643
306.525764
307.9473757
310.5009039
308.568151
306.9531672
310.117548
309.062593
311.1645163
310.0071879
306.4272628
306.4272628
305.8452103
305.5908498
307.6046787
309.7380643
308.4953036
305.0828547
301.0172002
299.903919
299.7456394
296.6417631
298.7061736
302.0690089
306.6513712
307.0577188
307.1893764
308.4645674
308.348883
306.2888287
304.3401026
302.2604449
300.8354449
301.3802267
302.8773479
303.7009339
302.056666
300.9278957
297.655333
298.0585344
300.9361243
306.1656417
306.6203929
308.4548867
309.4198111
313.6449553
315.4431464
314.0433163
313.8361492
310.5969849
311.338769
311.9701931
313.6890025
315.0590644
311.4125844
309.527751
309.6591665
309.4883021
303.4032522
302.2253523
300.6960428
302.0786896
301.9784943
301.7130009
302.8139392
302.8139392
306.4045131
308.7387734
309.802683
313.8801964
315.6067504
315.7432483
316.7294702
316.999804
314.8218871
318.3352574
320.4497656
319.8067247
321.2048607
326.1352443
328.2398298
325.3828114
327.1342932
325.8213474
324.9619427
324.4941226
325.6415283
325.1328072
318.9826546
322.4611743
324.2148342
325.5590003
326.3041726
327.6384159
325.3302936
324.7722009
327.2937828
326.6006443
328.7662182
333.1203578
335.9766501
335.2322038
333.4190076
332.6670587
329.5372864
331.2456891
331.2456891
336.5957313
334.4904197
336.6540575
337.3508264
337.0287009
341.1033101
345.4591438
346.3916378
346.3916378
349.9870521
354.4888224
357.8269719
357.8211635
357.0423507
362.2883253
363.3478786
358.3114912
364.7629558
366.8130873
363.0446305
368.6761392
367.370212
365.4984475
362.0954372
361.8270397
363.2278378
365.1942313
370.3218593
368.7632656
373.5886136
373.4257357
375.5370977
380.8849617
379.0533722
374.0736169
371.0508164
370.8576864
375.1208273
376.4139276
379.4744829
382.7136471
387.606276
389.8841461
391.8461833
388.524491
390.1900565
382.9009688
375.4843378
371.9828264
371.9828264
363.3732904
362.3723054
370.6376923
371.9741138
377.8899933
372.1873313
372.5021963
378.0250391
382.8264274
384.3772765
383.3075585
380.4335988
380.0611337
381.1284315
377.4676725
372.8838581
374.1525147
377.5823889
377.679922
378.3832253
380.4052828
381.5313909
389.8096047
393.8566239
393.6068617
387.2272764
383.2966677
382.2852759
382.2852759
382.2852759
382.4118511
386.1926509
381.5802785
381.5802785
381.5802785
376.2389489
380.216993
377.6591085
375.6581065
375.6581065
381.5548666
383.9643944
387.0372925
389.416326
391.8309361
390.4923365
385.097037
381.8564206
377.13151
368.4043534
369.2753749
362.3372129
352.7085406
350.0981382
330.81998
341.760872
331.436399
332.368893
343.1660265
345.8887251
336.2126173
340.4009748
333.1130973
334.9093523
327.3160484
320.5260012
320.5468147
319.0196833
323.2499098
323.2499098
313.7400682
312.3322515
329.0764848
331.299659
334.6470052
330.3410271
324.7973707
328.6800599
329.9097516
328.2202264
326.0280305
322.3457319
328.7231391
340.389842
339.2189606
340.2143792
333.5927763
331.6433241
332.0896046
334.2580828
338.1594073
341.2073777
333.6617513
333.7827601
323.019267
326.7819155
326.226969
332.2207782
330.5685237
331.478268
336.4427761
336.8963172
343.0936633
342.3051697
344.6970302
345.5917695
347.9906484
348.3514968
353.0074324
356.2204587
351.1756007
353.0234055
349.1796812
350.3043372
354.5035855
354.5035855
359.8754093
360.7607099
362.6549821
361.256362
359.8650026
359.2345466
359.5319863
352.1678731
348.5511613
350.1600947
349.4342837
355.0125486
360.063215
362.1871619
362.4449107
359.2689131
355.552006
357.7691297
358.3378712
359.4097673
359.8262797
356.7061881
360.0424015
357.5822921
357.6730487
361.4049609
364.025528
362.2878413
362.1934544
362.4700806
365.8747849
363.7752818
360.994741
360.2711082
357.938058
362.489684
368.9854378
366.5429956
365.6322832
367.973804
369.3017549
376.2919507
377.4023277
375.7650783
373.0527865
376.6455385
378.0601317
382.0297052
380.243857
381.231531
381.2772724
383.6749413
381.2888892
381.5797944
381.4198208
384.1810002
382.1124753
386.2168527
388.1706612
390.0361332
387.9521192
389.800408
393.9730344
393.4948075
395.9094176
400.6198072
400.8814283
398.8927692
394.3709114
398.2901453
399.4743377
399.6386676
397.9588231
394.7799212
384.7768476
390.9182876
388.4204234
389.4744103
386.3107555
382.2201731
384.5539494
387.8313524
384.2765971
387.2507521
388.0491683
394.4928883
394.3065347
398.3608144
397.7591586
395.1681176
397.2637484
399.2228813
395.6296452
395.6296452
395.6296452
397.2937586
397.5089123
397.1149076
397.1149076
404.3662405
407.9442295
412.777322
415.6955708
419.8781199
416.9797165
409.0577527
414.395452
420.1644268
421.4952819
418.6099474
418.0121638
423.1063934
422.964329
424.7250074
421.2193817
427.3746167
427.9048774
426.9735935
427.8511495
425.7315589
427.9034253
431.4008224
433.8476208
436.3842079
432.2778943
427.7524063
425.993664
424.1502155
417.438824
421.8912227
426.830077
430.2318771
427.9440842
427.9440842
429.7843865
425.1780645
430.9107366
432.4569874
430.0733556
411.2388158
405.4098206
393.1879291
393.761511
391.9091079
396.7944762
402.7205204
407.7610221
410.3525471
408.9953121
403.6987558
394.7857297
398.6500255
406.6569376
409.8803707
409.7104743
412.2376226
418.9284426
421.4991541
424.5478505
415.8821664
411.1243414
417.946335
415.519624
412.2005939
414.957175
420.4475874
418.9151317
418.9151317
418.9151317
422.7666006
426.9750456
425.4467041
430.2781025
436.0962069
434.1704724
429.5276057
427.0132843
432.5465339
430.4663922
427.6594715
432.0479776
434.8077049
427.7095691
420.5693223
420.5693223
424.0316269
423.1213985
424.8397238
427.1277587
419.386098
419.5179976
421.1184604
419.852466
425.5093867
431.1788922
432.7771768
432.1578536
434.713802
436.0369125
434.9352482
437.5270152
438.8317324
438.1378678
438.1378678
440.2850484
437.497005
444.2081545
442.9186845
436.5562824
435.1571784
432.9122226
430.0767438
430.7737546
431.3654878
427.7913711
426.2330194
429.1440078
433.3142139
433.6513445
429.4753299
430.7660101
430.1510432
427.4448018
424.6935451
422.7356223
418.8434944
422.7883822
426.5023851
426.4278436
427.624863
431.8451668
434.4441944
438.5829382
442.418918
436.7399738
436.5451496
441.5965421
449.1375701
447.7316895
444.5895744
446.6873834
449.2276007
442.5934128
445.48988
442.3794692
445.5387676
438.08656
430.4022575
424.3803743
430.7495529
429.9746123
430.6834821
425.4617092
419.7992222
419.4729824
425.6618578
418.5450867
407.4362344
411.3453035
411.447677
411.447677
395.5664786
410.8329522
409.3513201
408.8755134
415.1551454
420.8578074
420.1605545
422.2477147
423.0613781
422.8416261
426.4580959
433.1590806
431.9037351
431.6164601
427.8080703
428.5943857
423.1942458
421.0339962
424.9094249
423.9566014
427.9438422
429.58569
431.6462283
435.7126089
439.8644217
438.6192409
440.1032931
441.939239
442.4806325
449.1465247
448.4611308
449.7617336
450.7390009
450.1196777
450.2786833
451.0296641
456.758948
458.8197283
461.7590327
460.1631683
462.0075848
464.1806613
463.2401807
455.5227218
456.0377354
450.3309591
453.3965967
447.0484737
456.6727897
458.170637
462.6034323
465.7174734
466.4183566
468.5972415
469.6088753
464.0494878
466.4476407
463.161283
468.8402272
469.0398918
460.4560097
454.2831074
453.4534709
453.2041927
458.5917477
453.3089864
452.014676
442.5404109
439.1228796
425.7809305
425.6756528
434.3907085
433.8260813
429.7103291
436.60517
439.4924406
448.7123451
447.903038
441.7504653
451.3498535
455.2569864
456.910451
457.622951
460.5663697
463.7404312
455.4109097
452.2535474
440.9854475
445.6450133
446.2548978
452.0325853
458.1096485
456.9496579
456.9496579
456.9496579
459.7602089
460.7241652
462.8573088
462.8573088
464.3924268
457.3129264
456.1190533
456.6304366
461.7299906
455.8559801
447.697081
439.0698778
437.9193258
417.753931
405.6842686
408.2114169
414.3995663
391.6753188
387.9124283
372.6234472
403.2229491
411.0522201
403.9816744
408.993618
405.0615572
392.8532187
400.6224694
406.6859797
396.6645127
393.9214846
395.8063181
389.7149758
383.9348682
389.5065986
389.3993848
394.6373728
383.5631291
383.562403
385.3516395
379.682376
385.7867873
386.2732428
388.9693194
388.7389186
383.288197
375.2045654
366.1586716
359.7369752
359.7369752
359.7369752
354.401454
349.2111435
349.2111435
354.5677202
361.1491482
345.9727052
348.5439008
334.151595
344.6382199
342.3922961
336.9928823
336.9928823
336.9928823
336.9928823
341.2836132
351.9132706
358.7449449
359.4891491
365.7651509
377.4403245
370.5883207
371.7625904
376.8420569
368.7664118
373.1350725
365.5988848
359.2101028
353.3193931
353.8532841
353.5882747
354.6158817
366.7131341
359.6179025
363.0337397
363.435973
365.0141701
365.0141701
365.0141701
370.2023026
380.2220754
380.2220754
391.0073501
387.7752043
383.3620124
385.9692686
385.8184916
378.8115965
377.8423158
384.5232131
385.0667848
384.6899633
381.6853141
384.6522085
376.3696384
374.0702287
367.2247594
365.424148
360.6825382
360.4758551
370.8163013
371.0924435
379.434792
376.3996486
377.3594906
371.2144204
370.8731755
369.1345207
359.2551181
352.4527279
348.9236265
344.1795965
334.9364583
334.9364583
330.5501303
327.9465044
325.9648639
323.0589579
313.3020162
309.0543644
319.1295593
311.2799588
305.81278
308.3648561
293.3045816
283.1800152
295.2141009
295.8948966
300.7497707
295.5338062
308.4744901
304.3091243
295.7714676
299.3874533
284.5917041
282.8319938
303.6619691
313.2533707
315.7374399
307.9936011
322.9171356
325.6492729
313.9656287
314.6459403
310.3806212
311.1202271
312.0759548
310.3842514
309.7177348
318.1849644
316.8470908
314.1282645
304.1302733
304.7554049
308.2975752
301.7575322
302.5941872
302.5941872
307.6279124
304.455061
302.4373598
297.1444337
299.2683806
300.5416355
296.0490618
294.5115237
298.5541865
303.3560588
300.5573667
309.4914483
304.6958685
296.174427
289.3802654
305.7261377
306.2338907
298.8654212
289.5627467
288.4042082
276.9238588
270.2035126
272.8381168
271.6776422
302.3843579
298.3516178
287.1232088
287.5409312
290.7842098
286.2863117
269.6016147
270.783871
269.9058309
272.0254215
269.6008887
253.7330013
252.3610032
238.5434894
237.8140482
224.9960672
236.4783527
241.4876341
223.3113823
208.6315596
192.3815263
194.3682492
196.4437926
184.0994402
173.0034149
156.6197878
164.2201102
164.2201102
181.6746654
186.234762
189.7752382
194.2530488
206.5419792
204.7062753
190.540014
194.6773058
203.2972485
187.8282062
182.3789367
178.406459
180.3411481
171.3032409
169.6444519
166.8218
159.3577336
160.5533008
165.0490207
169.5631339
166.2591089
169.9493941
170.9963625
165.9708659
163.8982267
163.3590114
164.3236938
158.8763604
164.5945115
164.3568502
162.1581198
162.571728
161.0078099
157.6038316
154.0877992
154.7005879
152.8401982
152.0800207
150.4752017
152.1577084
152.1327806
152.1327806
152.1327806
155.4397098
162.9277359
160.3127352
160.3127352
162.5088034
167.2017677
167.2017677
173.0017207
172.2471097
169.2063999
166.7501628
163.9323512
154.8346656
150.9691597
156.3540525
146.5235374
146.6336555
152.0984141
148.5714908
147.7563754
151.068871
152.6468261
156.9201318
155.4106677
160.734814
154.5577974
154.6650113
156.211262
152.6451319
157.2889667
157.3153466
156.7524135
154.1257959
153.0536577
152.2746029
149.0787598
140.4660776
138.881346
141.2160903
139.3871629
133.2411246
132.9966868
130.0150293
132.3916426
131.4056627
131.4056627
128.8845648
127.5101466
124.4783915
123.9839494
123.8922247
132.9882162
131.5905642
133.3889974
132.9545757
135.8311975
135.933813
135.2520493
140.2289003
143.5181622
147.54582
147.7849334
147.7849334
149.7745606
144.9695421
140.9956122
146.7570845
146.1939094
153.6158647
154.6042648
153.386674
151.9541715
159.4557507
167.2228232
167.2228232
167.2228232
169.1178215
170.1839092
174.8652567
174.8652567
174.8652567
165.780156
167.0451823
167.1540902
169.1599325
169.0384397
167.8665902
175.3260583
183.3022341
183.3022341
187.7865792
195.4459538
197.4476818
192.1634684
192.4219433
192.4703468
195.3997285
187.9685764
186.3163219
189.936422
191.7302568
200.1684443
203.8606656
197.6490405
200.6094004
200.5953634
196.6787918
201.8175526
202.8768638
204.0070863
211.9624485
211.0989296
207.6317847
200.8126953
203.1922128
203.1922128
198.2569889
203.770393
204.6191489
206.5550481
205.3323749
194.0688734
183.8925151
186.5447866
192.144107
184.590252
186.563664
188.6232342
185.7042593
184.1960053
185.5977715
190.1513336
191.5204275
189.0264356
189.0242574
186.1217397
188.3829106
184.9065691
184.5108702
179.8929314
179.915439
187.7004209
189.8437292
192.0325369
194.2460303
199.2347402
197.8148226
197.257456
200.1701384
203.6319589
204.9315937
199.6113196
197.6608994
205.1109288
206.3161767
212.2756194
213.8731779
210.2220996
212.3840433
210.4950955
206.3130305
200.0701851
202.0094726
205.6610349
208.2745835
204.8071966
207.1496855
209.3426074
214.3376098
223.4866031
224.5744725
225.7872229
231.06708
231.477542
229.6754785
221.0419828
226.6720395
224.4512855
218.8468827
218.7372487
226.1383905
227.5176491
229.3736825
227.3053997
228.5757503
221.8701672
227.790161
227.9615095
227.3482368
228.2139339
225.1787905
229.28462
235.0272149
234.3282679
234.1264252
238.4173982
242.0803353
242.0987287
240.7625492
234.1278773
231.8957485
242.2238518
242.3569615
247.4129523
248.6174742
256.3138775
255.7797446
265.1567185
265.6279269
258.4334681
261.6774728
264.2147858
260.8899473
255.3680725
258.733328
252.9164337
245.8287047
245.8287047
241.4404407
244.2069445
240.0040659
233.7154792
241.5074796
245.5777324
247.5395275
245.0762719
240.4283228
241.2903897
238.1238308
234.4606516
224.8126178
225.4619512
229.0283233
225.9232368
216.6106396
220.5315676
218.2924202
212.5408707
197.2434189
200.4271612
201.1164274
217.1225069
218.4867604
210.5754454
212.8683206
204.9117483
190.2476567
181.8537584
192.7711747
185.850922
193.1051591
187.4475124
193.3425784
190.5346896
186.8492448
182.6330553
192.4413047
192.4766392
192.4766392
192.4766392
192.583127
191.3815094
189.9296455
190.4211833
190.4211833
189.0644324
198.5670135
198.5670135
201.7943189
204.2077189
202.4584153
191.0054139
186.8286733
188.5184405
183.2949735
178.6695322
179.8181479
172.8606245
171.7751753
175.1070323
181.0238799
176.4705598
168.1625778
169.5670062
176.075587
174.814917
176.5470373
172.7103315
165.752082
158.7299398
151.426089
160.4342281
164.6368646
163.9076654
158.5581072
158.5581072
156.8441382
155.8395229
158.336177
163.2227555
166.4628878
162.9061964
163.1012626
157.0433187
161.8117926
167.0221906
171.7446811
170.2860407
173.1215195
177.1883841
177.7547054
177.5209164
182.8063399
181.4546713
180.2600722
180.9357855
180.5880061
177.9033043
170.276602
173.6890509
169.6635713
173.2408342
174.6868897
174.6868897
184.1301765
182.4967993
178.215507
175.3338028
178.1651674
178.1651674
178.1651674
173.0965917
167.6335272
160.5871832
168.0534278
174.9400401
169.8426643
166.5004005
170.8027484
167.3317312
162.8081792
164.5315869
161.762421
154.6485541
154.6955055
150.726174
140.5599804
141.8041932
154.1487876
157.9690363
156.2272352
144.2456673
138.4534588
139.4609783
135.4930989
149.2128376
144.4908312
145.6975312
142.3112202
136.7985421
134.6733851
133.7866324
135.056499
129.7018585
131.2887682
131.2887682
126.7289136
131.9809387
129.5440629
128.0849385
126.9832742
125.4469461
126.1122526
129.5735891
122.0066652
114.0723584
114.0266171
118.7169192
119.4211906
121.1763026
126.4225193
124.7116965
123.8481775
122.7085164
124.6766039
128.9813719
125.2499437
121.538845
116.492777
115.5685116
114.4324807
112.8671105
113.6309182
115.2945476
114.916274
114.7775979
119.6423947
118.2406285
121.825878
122.2128642
122.552899
126.3392652
126.7395624
131.4458377
132.4843354
134.7123499
129.6870954
128.995893
133.6249646
131.4560024
135.3749943
142.7124854
141.2736905
142.2182854
138.5514759
145.4930263
147.0847764
148.0581714
144.9041973
141.2790149
140.5730494
136.8435574
135.192997
132.9940246
132.6355964
133.7108809
138.2995356
136.6651904
135.3314311
130.3983853
131.8279835
127.0575736
124.1047162
127.2894265
127.694564
128.6694111
128.7650081
130.066337
134.8829724
139.0294608
140.9975484
135.1460456
131.1716317
133.7793719
131.1300046
131.2239075
128.8429378
128.2434601
126.1456511
125.8353844
122.4364885
125.2564782
125.9861614
125.1037651
126.0055228
123.3740649
120.1586184
119.906678
120.2713986
119.6542536
122.3525084
123.5802639
128.7197508
129.1950735
126.3058667
128.612779
128.2773425
132.5704937
127.830578
128.818494
129.0418763
130.9971369
132.903752
131.6576031
133.507344
136.6090423
133.5610719
130.7447125
130.7447125
127.5084525
123.6886879
125.3482029
124.7250074
123.005714
123.6388322
125.4796185
126.9699632
123.3825355
121.9110682
122.607595
123.1131699
121.0267357
118.7815379
122.0282047
121.1201545
118.151808
117.1670382
117.2096333
116.0152762
115.9639684
113.5152338
115.0547081
120.7210674
119.4415201
119.7738103
120.3369854
124.2646899
123.3934263
125.2484916
121.2752878
120.2404203
121.0516635
118.466673
118.8427684
118.7929128
113.9264218
114.8044618
112.8683206
112.504084
112.504084
108.8191233
109.7830796
111.3639389
110.8944246
109.2307953
110.0868117
108.2651449
106.2878606
106.2878606
108.0214331
104.4901535
105.9284644
112.5084404
113.0445095
113.9133528
114.3748805
112.9130939
118.9712798
123.2426493
121.688412
123.3377623
121.7363314
123.9536972
123.759115
125.7773002
125.8530517
133.3948058
133.9649994
135.6816306
134.1666001
132.671173
133.9470901
135.4037944
130.3049664
128.873674
130.5750581
128.1853758
127.9445683
131.958189
135.4088767
132.7154623
128.6974852
129.2013659
126.1538797
124.3307607
123.3118664
123.539605
122.8041133
123.6427045
124.0301748
124.0301748
118.5654162
120.0685878
120.6414436
124.005731
131.7486017
125.2622866
127.0113482
128.1197891
126.3140954
127.4423816
126.3845225
124.362223
127.2947509
127.2947509
125.9820471
123.1952139
121.0412567
118.9102913
117.8475918
115.2241204
115.1795892
118.8120321
121.196148
118.7118368
115.0418812
116.191223
118.7111108
114.5926964
112.9201124
109.0335509
109.9585424
105.3802944
108.3370241
108.3370241
108.3370241
107.8379837
105.3919113
105.3231783
108.6407563
108.2281162
106.677267
104.1990063
103.3550907
102.5450576
100.2572648
102.9814155
104.127127
101.2819675
101.6016728
98.75869146
101.0740743
98.9251996
98.72747118
96.37626969
94.653104
94.94158904
95.90772351
95.1659394
93.17558623
91.03155184
98.15001706
95.80994838
94.70199156
100.3777896
99.07888081
96.66886903
93.32539515
94.44859908
92.37983218
92.37983218
93.87211303
92.01002921
88.9608488
93.56305649
91.48557696
95.83390813
95.09890051
92.15064147
91.14602619
91.29317292
93.8510575
94.00957906
95.54808528
98.83541105
98.82669842
96.51978615
94.18092756
94.01804968
92.85612293
89.4378656
89.7367574
87.16386773
87.12054657
86.07551435
86.02178643
87.50003025
87.55182203
90.94950786
97.88549177
95.62577294
91.85949423
91.69540626
89.4666657
89.03829445
87.02857986
83.96608849
80.70175439
79.63953891
78.32514104
73.15273976
73.30593694
72.29865946
71.82019056
73.07674622
73.07674622
74.96399987
74.115728
71.33518719
70.41697221
68.33271619
65.22085321
63.57319703
62.47830917
61.20432824
71.79381064
67.33221521
64.09111481
64.81232741
61.65690125
59.43638929
59.02858955
65.53959046
61.36575402
61.60341535
57.90417553
57.57164328
58.91387318
58.91653537
59.96084154
58.98478435
58.38796882
59.36983444
57.58689039
54.26761828
53.09262258
53.84795967
55.7526386
55.33806236
54.84894468
52.64198571
48.40183643
48.258804
48.60972959
49.06133453
47.90352208
45.41122429
48.67410629
49.75398906
49.4323476
47.03467871
45.81975009
46.13558313
46.24715327
49.506405
45.95116568
46.83961248
48.40062634
51.412052
51.412052
50.5662003
46.10194268
46.07411065
46.98893737
46.27813153
47.28008461
49.04753953
48.05308899
47.57849238
47.20820537
47.99500476
45.4990767
43.71201835
44.29721704
43.19555268
41.14517913
41.23690382
40.71366165
40.55441404
40.19453379
40.61709661
40.5745015
41.36420511
40.42687074
41.83396137
41.81484197
40.79038125
41.35621852
40.63863618
40.69357419
39.26470197
38.75477077
39.12166953
39.29011382
39.39418141
38.92660331
40.55780229
40.24172723
39.73155402
40.08151155
40.08151155
39.9999516
40.3332099
40.3029577
41.09629156
40.67735901
39.55149289
39.57448456
38.48806732
38.48806732
37.9106132
37.61268947
37.7501555
37.96119489
39.19959922
39.83876784
40.61080415
41.75119133
43.42377533
45.12346531
48.11020516
43.86569956
46.89358242
49.19371819
46.72417006
47.42674731
50.81257427
50.51876484
50.38444504
48.464519
51.11243414
51.82396604
51.91859494
52.68893713
50.00907566
52.59164603
50.73924292
48.04607048
49.0869884
51.48417326
51.33581643
49.44154427
46.18785894
45.45672361
46.12396628
46.12396628
45.21809421
45.7444826
46.20480018
46.69609601
45.61911746
47.21909616
46.30644759
48.55624369
47.43279775
46.00271544
45.69583705
46.59469062
47.7350778
48.94952238
49.61845917
50.39412575
48.69516183
47.90739437
48.51679482
48.24041066
47.27911654
46.96933394
45.95527998
45.48286152
43.91773336
43.15198951
42.20473241
42.39108601
42.39108601
42.39108601
44.28995651
43.15755591
42.83131612
42.83131612
42.83131612
43.91047283
44.67210238
43.89837195
44.1841948
43.20281321
42.88456
42.81558497
42.58615223
42.27225534
42.81558497
42.81558497
41.82428066
41.84896646
42.30565377
40.02028108
38.61778878
37.77338919
39.44694126
37.09937003
35.1370909
33.88174533
32.79871634
31.15953078
32.59445344
32.3347685
32.0208716
31.38847948
30.298916
29.34585049
31.51723287
32.16075781
30.81489764
31.96375544
30.3838642
30.3838642
28.93393644
28.02975849
28.95208777
28.18319768
27.84606709
27.26449867
27.64930674
30.14136251
29.19652559
29.85650773
31.19849562
32.21424371
32.43036547
32.25030434
31.39743413
31.34104402
31.50101768
31.98093869
33.01435407
33.65303865
34.48243315
36.49916625
34.77721065
35.08408903
35.21550462
34.87232359
33.86262594
32.69561682
33.34228799
33.36890993
32.30863059
32.56274913
33.35221071
34.84812182
33.16730922
32.68327392
32.73264552
32.56323316
32.61405687
32.92045122
33.34398211
33.08695936
32.56274913
33.06324163
33.38778731
33.52041298
33.31808622
33.31397192
33.57607704
34.41127996
34.6092504
34.6092504
34.99115425
36.19591813
34.7162222
34.97735925
34.34109484
34.12376299
34.81060909
34.92338931
34.10488561
34.9081422
33.5961645
35.57901513
34.93500616
35.24188454
35.68574492
35.92727854
35.28641579
35.86992035
35.49334088
36.94084847
35.4318684
34.71864238
34.83916717
34.2774442
32.33839876
33.48870867
33.21643881
32.73796991
32.0867004
33.0024952
32.75345904
32.11235428
32.88172839
34.24210962
34.260987
34.65668586
35.78327803
35.31473186
36.74481417
35.83143955
34.47589867
36.36049013
36.76514365
38.32591549
37.80073719
37.36679953
37.41859131
38.27509179
37.84357431
38.39827877
37.85228695
37.53209759
36.48537124
36.38517593
37.21311832
36.64268272
37.2758009
38.81382308
38.55583226
38.0819617
37.8735845
37.79807499
37.74120084
38.32422137
37.96651928
37.58146919
37.47836967
38.16497375
38.74049173
38.92636129
38.86948714
38.62069299
38.90699988
40.26157268
39.35739473
39.19887317
39.68290847
39.12360568
39.00501703
38.60520386
38.39948886
38.60835009
38.37722323
39.224043
39.08294671
38.27436573
37.81259605
38.28283635
37.61293149
39.0635853
39.6572546
40.06215013
40.06215013
40.06215013
40.06215013
39.32738454
38.92321506
40.12870499
40.12870499
40.9404322
41.07063769
41.29401999
41.35379835
41.45689787
41.08540077
41.70423991
41.48037358
42.04306462
41.35016808
41.36517318
41.760388
41.61711355
42.23038628
43.29211773
43.60190032
42.08178745
42.76330916
42.67545675
42.7529024
43.14400292
44.406367
44.64185018
45.42695544
45.93785471
46.67068416
47.13366393
45.47826318
45.5963678
45.6087107
46.16994964
47.40351361
48.17167764
46.7384491
47.94926342
47.95846009
46.70843891
45.88219065
45.41291842
46.58597798
47.36188658
47.65327583
47.70966594
47.70167936
47.65472794
47.63197828
46.57000482
47.44296249
46.40615887
47.44635074
49.28931516
49.37644152
49.2336511
49.2336511
50.34523818
50.93842345
49.87330376
49.50059657
49.50059657
47.20118685
46.36477385
46.97756254
46.97756254
46.97756254
47.4855576
46.54386691
45.50948346
44.15370057
44.77423383
47.45288521
47.20772133
47.30840067
47.84592188
46.92504471
44.97680261
43.92475187
41.98304424
44.35530128
44.4680815
43.94241916
44.09271212
44.09271212
44.13022486
44.73647908
45.79675842
45.79675842
45.96738086
45.96738086
45.96738086
45.96738086
48.91563991
48.72008964
46.5465291
47.59567563
48.39627002
50.26585639
51.10420554
50.79490698
50.50690597
48.62909101
48.17724405
47.39794721
47.11744875
45.67018318
44.6147442
43.62174577
42.40730119
42.9324795
43.76042189
43.12439949
43.28655132
44.11134748
44.64596448
43.50654537
40.86443865
39.33827533
40.76666352
42.90900378
43.25024867
42.67787692
42.4375534
40.81676117
38.43240326
38.43240326
38.51589935
38.74702621
39.77366509
40.4551868
40.7279407
39.76301631
39.7751172
40.28456436
41.02901066
41.41018846
39.49219856
38.96387402
38.59165088
38.75622288
37.73418233
38.85157783
40.83249232
41.55588309
41.47843744
41.08346463
42.15463476
42.22288374
41.90898684
42.95837538
43.19700479
42.29718316
44.17887041
45.39936543
45.95503796
45.16509234
46.14986217
45.91800926
46.39260588
47.07872592
48.83286987
48.35222281
48.45241812
48.45241812
47.7350778
46.00295746
44.97268831
45.37588972
45.83306106
47.10607392
46.7328827
44.92936715
45.0658651
46.02498106
46.64648239
46.74885586
47.99911906
48.23097197
48.08455129
48.60634135
49.48801166
50.61823409
50.32708686
50.79345487
50.59475838
50.97303197
50.2029318
50.56063389
51.44545043
49.49091587
51.18528145
52.29832064
52.97597007
53.56818726
53.43168931
51.91157643
52.73419443
52.51129617
54.59531018
56.50192525
56.93102255
56.73547229
57.3608459
57.54961967
58.05834078
59.19316155
59.2062305
58.77931136
59.47753229
62.05889258
62.25613696
61.56009419
58.13506037
59.57990576
60.93157435
60.93157435
58.09028711
59.62395297
60.13340013
58.95816241
57.79454153
56.38309458
58.3548124
59.39427822
59.28585431
58.53898783
57.54961967
58.15175959
57.57164328
58.15079152
58.81803419
58.56028539
57.42159233
56.58300116
57.6473948
60.84977238
56.48086971
56.90343254
57.48258078
58.16531258
59.26455676
58.99252892
58.70791616
57.0907542
56.100902
57.16456958
57.98404136
57.6706285
57.07526507
55.82161363
55.2879647
55.43849968
55.13476753
55.73497131
53.66765652
53.37336305
53.37336305
53.37336305
53.37336305
56.32960868
56.13309035
56.1502736
56.1502736
57.9859775
57.76235319
57.76235319
59.43300104
61.67892486
62.76510009
63.0915819
62.89578962
61.65544915
63.31786841
62.74719078
62.09108092
60.5443461
59.05448543
59.62951938
59.70502888
57.77009775
56.42762583
54.86128758
54.47551144
55.9404443
57.27976999
59.20792463
59.4954416
60.74522076
61.90932567
62.21717212
62.40546185
62.05768249
63.77503975
63.18911501
63.88927208
63.39144177
63.27769347
62.38368027
61.71667961
61.91586014
