100
99.35565639
99.60847061
99.20829231
98.35537696
98.75389201
98.15112968
98.66873353
99.11016047
98.40494185
99.52065093
99.58451979
99.30143439
99.78078346
98.50773079
97.21604971
96.76963302
97.04340421
97.10494451
96.5763632
96.77994518
96.19947042
97.55202651
97.7755675
98.14747053
99.59416664
99.59483195
99.32338931
100.1882801
101.2371264
101.1888921
101.7863321
101.9922426
102.1153232
100.9803204
100.698233
100.5219283
100.0944727
100.7258429
100.7803976
100.2614631
100.7358224
101.2584161
101.3109748
100.8352849
99.10982782
98.98940841
96.65786252
96.92464806
95.16692392
96.31922453
95.47462544
96.32354898
96.02682492
95.89775661
95.3169492
95.42007079
94.8638795
94.5821247
92.25324001
92.87396546
91.80249887
91.37138409
90.92862655
91.86836363
91.73563616
93.29909253
93.66168135
94.14468957
94.69489315
94.24282141
94.86221625
94.85822445
94.77073742
94.77073742
94.77073742
94.08680842
93.00403172
93.47439923
94.28273944
94.78736993
95.89010565
96.7436863
96.43132767
96.60563643
96.60563643
97.5447082
96.76397797
97.58429358
96.88240147
96.60929558
97.37039945
98.55396918
99.60414615
99.97638183
99.63840913
100.3908641
100.5066264
100.2248716
98.78615909
99.04762222
99.11481757
99.93147404
99.93147404
98.58157916
98.16709689
99.27249381
99.45744737
101.1858983
101.3133034
101.3133034
102.194494
101.7859994
101.2221572
100.8788621
100.5172712
100.9327514
101.4636613
101.4636613
101.0741278
101.6768901
102.2490486
102.6695186
102.0115363
102.3880964
102.1974878
101.7124837
100.4331107
100.7840567
100.0585465
99.99101844
100.9527104
100.7604386
101.1762514
102.6226149
103.8873513
104.1561327
104.4235836
105.3390372
104.767544
104.9019347
104.7968172
104.0713069
103.5397318
104.3843308
104.7030098
106.0442558
106.2604785
106.1064614
106.1613487
105.6028289
106.3868856
106.8775448
106.8881896
107.0049498
107.2753945
106.9271097
106.2807702
105.9444607
106.4840195
105.4717646
106.3117066
107.1240386
107.1799239
107.4586848
107.9337094
107.2640844
107.2763925
106.9936397
106.7448173
106.4846848
105.8143944
106.1580222
106.1956117
105.9411342
106.3626021
107.1117306
108.1569178
107.753413
108.4785906
107.8229369
108.7077867
108.6163078
109.4792027
109.5630306
109.3893871
109.6990845
109.6924315
108.7660005
106.3373207
105.1956649
105.9311547
104.6511164
103.2190569
104.1321819
104.5792639
104.5792639
105.3250659
105.153751
103.2273731
103.1239189
102.9835405
102.025175
102.9542672
104.0247359
104.2509381
104.0992495
103.2746095
103.3830535
103.2376853
100.6845943
100.2335205
101.5937275
101.1915533
99.53495489
101.0997419
101.6792187
101.8641722
102.7925992
102.8970514
102.0637624
102.1465923
102.5670623
103.1222556
102.0238444
102.3302153
102.7456955
102.7576709
103.3777311
103.2988929
103.839117
103.0138116
102.9891955
102.9153472
103.0740213
104.3151396
104.7825132
105.1031881
104.4312345
105.4957155
105.5692312
106.0166458
106.1257551
106.5142907
106.0399313
106.7414908
107.0565106
106.7687681
107.2264949
106.6383692
106.0861697
105.0233521
105.8493227
106.1526998
106.8755489
106.8755489
106.8755489
107.0841206
106.9530564
106.4627299
106.4627299
106.9723501
109.2190702
109.3348325
109.283937
108.9496234
110.062006
109.9282806
108.9915374
110.2186843
110.6411502
111.0150491
110.7891796
111.0928893
112.0070123
111.9308354
111.3407137
112.6224153
113.9626633
113.4314208
113.5920909
113.6676025
115.3195439
115.2540118
114.4220534
113.0066264
113.1470048
113.7836975
113.3692152
112.3053996
113.1882535
113.5674748
113.1533252
112.9919898
113.380858
112.1503845
111.5955239
110.8949623
112.6899433
113.5079304
113.1812678
113.2930383
114.3455438
114.795287
115.5244564
115.6162679
115.5660377
114.3026319
114.8042686
113.8169625
111.248237
112.7012534
112.1174522
112.5518934
113.657623
113.8641988
115.1429066
114.9882242
115.2879421
115.5331054
115.6189291
115.2942624
116.1258882
115.7709503
114.7360753
114.972257
115.4669079
115.2117652
115.1761716
115.1761716
115.1761716
115.5434175
116.5942598
115.6348963
115.6588472
117.0516539
116.6714347
116.1255555
116.3421109
116.2646033
116.7306464
116.8716901
116.244977
116.148841
116.0094606
114.687841
114.7028102
114.7028102
114.7097959
112.8948559
113.4174495
113.968651
113.6336722
113.4779919
113.2215185
114.2048327
115.2124305
115.5766825
115.5766825
115.9399367
116.6182106
117.3906246
116.8211273
116.8683636
116.0354073
116.0354073
116.6614551
116.0686723
114.9340022
115.7499933
115.3714373
115.9648854
116.4888096
116.4888096
116.5456928
116.6228677
116.0853048
117.0686191
116.8377598
116.0663438
115.9648854
116.0896293
116.5257338
115.8491231
116.0563643
117.274197
117.5981984
117.6976608
116.8889879
117.5669292
117.7169545
117.9747585
117.6298001
117.9597892
117.984738
116.7200016
117.3886287
117.5549538
117.7578705
116.6414961
117.0197195
113.8259441
114.7936238
115.160537
115.7682891
114.1090295
113.8641988
112.6999228
113.4307555
113.6150438
114.0261995
113.170623
113.9460308
114.8055992
115.4971791
116.1521675
116.4362509
117.00974
117.213322
116.7080262
116.914602
117.3114538
117.1278309
117.4571546
117.3932858
117.9631157
117.8822817
117.1690795
117.5742475
117.4867605
117.3290843
117.6144982
117.7159566
117.6361205
116.8347659
116.2512973
115.2021183
116.2263486
116.2333342
115.6831306
117.0862496
117.9265242
117.7043138
117.8653166
119.0994491
120.6748809
120.4643133
120.4157463
120.2035154
120.929691
120.0904143
120.625316
121.5377758
121.9955026
121.5574021
121.2393885
121.5088352
122.5307369
122.5307369
122.7622615
123.5533039
123.0925832
123.6012055
122.582963
122.718019
123.010086
124.532959
123.8842909
123.8653299
124.7438593
124.3386912
123.9062458
122.8926604
121.9951699
121.823855
123.1820662
121.8621098
122.0414083
121.2437129
122.3161774
121.7979083
122.5726508
124.1364398
123.2196556
124.4261782
123.9092397
124.0363121
125.711539
125.5036325
126.2863587
124.8599542
125.1709822
125.5927828
125.4687043
125.0146366
126.1699311
126.4160923
125.7504591
126.5491524
127.9113554
128.2549831
129.4259121
128.5054688
130.2641909
125.285414
128.0434175
129.3397557
127.0577747
126.9822631
124.8802459
127.2759933
125.5528648
125.7976954
125.4766879
127.3521702
127.1442638
127.1442638
127.1442638
127.1442638
127.289632
128.5097932
128.5097932
128.5097932
127.2081326
127.6023232
128.5517072
128.6505043
129.3923144
128.7802379
130.491391
131.3166964
131.0093275
132.7487559
133.0251883
133.6455811
134.9143093
132.7254704
134.9509008
135.2469596
133.7982676
133.735064
133.5584267
133.8375203
134.736674
135.8427362
137.4148415
137.4311414
138.732802
139.0358464
140.5547276
142.3031376
142.2632195
143.4487852
143.9803603
144.4640339
143.8346595
145.73376
144.0791575
142.7126301
142.2562339
142.2692072
144.2537989
144.4896479
146.3870852
145.6765442
146.1568912
148.6175054
150.2122309
152.1911675
150.1629986
152.8005828
154.1621204
153.1026293
150.6247172
151.1676025
150.7551162
148.4076031
149.452125
147.6601379
149.3193975
150.4241291
151.476302
154.0200788
154.3939777
154.3939777
154.3939777
148.6923517
149.3147404
145.6605769
146.5154882
149.6217766
150.2212124
151.2763792
150.8096708
150.662972
148.1354951
150.0918115
151.2268143
152.4835671
150.8855151
150.7650957
150.4018416
152.6791654
152.6099742
151.8788088
151.0102589
152.0125343
154.3301088
154.3301088
155.0373234
158.2653618
159.7157171
158.992868
158.992868
159.8607526
160.887644
161.3959337
160.4887963
160.2346515
161.6983128
161.6983128
159.338159
161.6291215
160.5712936
161.3453708
163.3645581
163.7910158
162.2066024
162.2066024
158.2873167
160.92856
161.6224685
163.2843894
163.8725151
164.9067249
164.0614605
164.1193416
164.8149134
166.2057242
167.5220214
168.3436677
167.3876307
167.0370173
168.1460734
169.7570988
168.6447162
168.6576895
170.3332491
170.3688426
169.7298214
168.6929505
169.9819704
171.4532826
172.9991085
175.3512787
176.7953136
178.2553158
180.2804907
177.7097693
179.4884504
182.9540011
182.7597333
186.1367991
187.1490539
185.8859808
181.9224526
186.5309897
193.3104026
190.3987146
189.4759427
191.9405487
192.5057216
194.399167
195.0358597
193.8176943
189.3368949
189.2913218
190.6325678
194.0977859
191.6927243
190.7942358
192.078266
188.4360779
186.7907896
183.3921016
180.3939245
183.9363174
185.9980839
187.8136892
180.4574607
179.5676212
175.0149693
176.1559598
174.8829071
172.0690183
175.3276605
177.4413205
179.8886287
178.6212311
180.0333316
178.8308008
179.6411369
177.8830801
174.8250259
169.7700721
168.1068207
171.0996753
175.7531203
174.9760492
176.4533491
178.9688506
178.9705139
179.2549299
180.9893685
178.1478697
178.9738404
181.6506773
183.2377518
186.3942704
186.3942704
187.9600554
187.9377678
189.3857945
185.1697847
182.9277217
184.8035367
183.7184315
183.5541022
180.2655215
177.6938021
177.1026825
181.1876281
182.368204
174.1760252
177.2204407
170.0448413
157.7081726
166.7818746
164.2633792
164.4815978
169.5302313
167.6021902
169.5269048
167.6550816
163.021263
165.0500971
164.2999707
161.3726482
163.3362828
164.329244
166.6241983
168.3666205
168.2039545
172.1950927
174.2695
168.8682572
169.8788488
172.7858797
174.4408149
174.2438859
179.2632461
179.549658
180.0349948
182.4982702
183.6452484
185.2745696
183.349855
180.3876041
176.9696224
178.5437236
177.0038854
178.1788062
181.3948692
181.406512
177.3232296
176.1662719
179.5845863
179.5845863
179.5845863
179.5845863
182.8744977
184.8228305
184.8228305
184.8228305
187.3998723
190.074048
188.5471831
189.7334141
188.3040158
183.7094499
177.5963355
180.2522155
181.7345051
180.4451526
182.0355537
186.0888975
186.9364904
185.7273066
183.3169226
184.4612396
184.2676371
186.3553503
190.9951566
192.2302871
193.3935652
196.1838359
196.3195572
194.5368843
197.0567102
195.2527477
197.7279985
196.0261596
198.2841898
196.4289991
194.9127791
195.9792559
199.8646113
201.042526
199.1670437
200.2105676
202.398076
199.5103388
201.3099768
203.6528328
204.0503499
205.0236847
205.3001171
203.9615323
200.4464167
204.3024989
206.8502675
209.2167416
209.1063017
209.9262847
212.86525
212.8313197
215.5590521
214.6369455
215.1096415
217.029699
215.7802645
218.0775474
220.8804588
218.6387285
220.6735503
217.8533411
221.7476781
223.7412513
223.9817575
226.334593
228.6342044
231.8379594
228.1565186
230.3659819
230.3659819
230.3659819
233.0834021
234.1705032
231.8209942
229.1754265
236.9205232
235.4588578
234.0643878
229.1624531
224.4122069
221.9120073
219.2088911
223.3500546
222.949211
222.949211
231.7694334
228.0487399
228.1931101
226.1609495
228.8394497
232.3482449
229.7129893
232.190236
232.5548208
233.9749049
231.6134204
233.8884158
238.4493839
238.4493839
240.8344865
241.4279346
243.9590707
237.4950102
236.2479043
239.0973867
239.0973867
239.808593
241.2536259
240.1622003
243.5432578
247.8929931
246.5208106
246.282633
246.282633
242.8882694
237.0066796
239.8654762
244.3961732
244.4294382
243.485044
241.7885276
244.1140857
246.4615989
249.9131783
250.60875
252.6964633
252.038481
252.72241
253.0025015
255.2089709
253.8151662
255.0868883
257.5245496
257.6842217
257.2790537
258.9180217
261.9524576
262.3027384
261.7206004
264.5012242
265.6388881
265.296591
262.8615909
260.6724193
260.420603
254.0799558
254.1271922
252.3195705
254.2875296
254.0955904
248.0812731
248.6747212
242.7924661
237.3483115
240.837813
236.8599808
228.3294968
233.5584267
231.9101445
236.3177609
236.9700881
242.2249647
243.031309
238.5285547
224.8180403
227.8760944
233.5454533
227.7613301
220.2753679
217.4538281
210.373034
209.4080155
217.1218431
211.1966762
211.8134098
215.64288
223.0809405
220.6841951
208.6279506
208.0754185
214.8521702
211.6460867
212.6041195
205.4867339
201.5987173
194.7118583
201.0095936
206.2405195
204.3440802
201.190888
204.4761423
201.0275568
196.5983181
185.5247226
173.8809644
177.0557788
182.4610134
180.1045187
171.8661016
175.0811667
186.1204992
188.4706736
190.7486627
194.3436144
197.4392581
196.1136466
200.9926285
197.9189398
194.5082763
195.1522873
200.1380499
204.1082311
197.5526918
197.420297
202.775634
206.3805652
204.1960508
210.1621338
209.1994438
210.088618
206.8682306
203.3591026
205.423863
201.8665008
201.6409639
207.8621896
203.7293424
203.5906272
207.3385981
212.6869495
217.8443596
215.1602044
214.1063683
218.7974027
221.7510046
217.5343295
208.4726029
204.8320781
208.8331958
208.6079916
206.4963275
206.5202784
205.3982489
204.3543923
200.0871544
199.5030205
201.9360247
205.9401363
208.1562525
204.4834606
210.9548394
212.5954706
217.876294
217.876294
217.876294
221.0421268
220.5534636
219.4294382
219.4294382
219.4294382
230.8942305
231.2278788
239.5996886
234.7626208
237.1054768
231.8762142
229.4032919
218.1054901
218.8785693
220.6209916
223.5739282
225.6842616
229.076962
230.1108391
223.7492349
221.9233175
222.1608298
225.2268675
227.4719243
230.4601219
233.6662054
230.0200255
226.1073928
225.3642521
226.2457753
223.5915587
214.7507119
212.1809884
215.4203369
217.5958698
216.7283179
216.9448732
213.2477979
216.4202837
214.6389414
216.98213
223.2505921
224.5991564
219.0844799
218.5196397
213.9150943
215.6808021
209.5706815
210.9438619
216.0916252
213.7683956
212.744498
210.1701174
212.0369508
222.8617239
223.0859302
225.386207
223.5117226
221.580355
225.1649945
222.4056604
216.0610214
212.5878197
215.6724858
212.5668627
215.7829257
214.4556511
215.9435958
217.3670064
217.3670064
217.3670064
222.3358038
222.8494159
224.5043511
227.4073902
228.846768
232.0764696
230.0506294
228.5224339
226.9646326
231.0984778
224.431168
227.3927535
228.9854831
227.640578
230.8982223
235.8856481
234.9216276
234.2846023
234.4429438
235.5726242
236.13314
232.0615004
231.8103494
230.999348
230.396253
232.1410038
230.1993241
230.1993241
227.4752508
223.2891796
225.5438832
227.6109721
230.1181574
229.8819757
229.8819757
225.4161455
225.9570349
221.2789738
222.6158954
223.1484685
220.909732
221.6452218
221.6452218
224.8167097
228.8920084
229.0496846
231.6057695
229.6527796
233.6212976
233.2041541
234.9761822
236.8889214
238.555832
236.5788913
241.7715624
241.536046
238.6922186
235.7728797
236.3373872
236.9800676
237.4624105
237.9707002
242.6767038
244.3698938
249.2478777
248.8150997
247.4355989
247.7895388
249.1314501
249.3356974
245.7088112
247.2928919
247.7133619
247.8633872
248.2319637
242.6115044
239.2833382
236.2059904
234.9289459
230.5516007
230.9165181
231.2471725
223.1428134
225.4021742
226.0771216
225.4913245
225.8648908
220.1732443
221.4559438
224.6284296
220.9147218
221.6162812
226.4260718
230.343029
232.3040024
232.5548208
230.8107353
229.0230726
231.6703036
234.0421002
234.9272826
238.5282221
238.0435506
238.9886101
237.6992575
232.1200468
234.2240599
228.8397823
234.7316843
237.7218777
237.5721851
237.5369242
239.3645049
241.2855603
239.1386353
237.3207015
236.6294542
233.1559198
233.3249062
235.3450914
232.3795141
230.2778295
232.9646459
228.1714879
230.409559
225.3193443
225.8845171
226.8971046
225.6825984
229.1990446
232.9686377
235.3826809
238.4354126
238.43508
238.2597733
235.753586
233.2201214
230.1584081
228.216063
226.9739468
233.0478085
232.6236794
230.5935146
235.4515395
233.6146446
236.6184767
235.4545334
240.0367911
242.1135269
241.9781382
243.2315645
244.3416185
247.4958086
248.6214972
248.0666365
250.2009208
252.3967453
255.458126
255.2861458
258.5660777
260.9155867
258.884424
262.2661468
262.3200362
256.3469676
256.2358624
255.9817175
262.5588791
262.7887405
259.6977539
259.5181228
260.8836522
261.0582936
268.8662613
269.785374
270.5780797
268.4161854
268.4724033
267.0147298
267.8390372
270.9493174
271.9994944
276.5085691
277.4982037
278.8946696
280.7122708
285.0799691
297.1278974
297.1278974
299.7881018
300.6037603
300.4098252
305.1244777
305.1244777
296.4868803
289.0907337
285.5017697
283.3734731
296.8338345
303.0986375
301.7178061
303.161841
305.3546717
315.1409107
319.0512148
310.434907
310.7096761
312.2674774
306.8898528
303.9039838
298.7525614
306.2880885
314.2028368
311.2652021
301.5195465
311.8579849
317.1783937
326.5288607
329.9192325
322.9126194
335.2183517
339.2301142
342.2309524
338.4846449
339.0707747
328.4409346
332.7474253
335.3520771
336.173058
335.9651516
336.5755648
340.9569018
339.348205
342.212324
335.4435559
338.1606435
343.3646246
354.0576683
355.4075631
356.1084573
359.0753653
354.463169
352.411382
354.0676478
341.5699763
337.730194
325.3875376
332.7720414
338.9673204
347.4994678
344.2837374
341.9175959
337.07953
347.9874657
345.9147218
349.5901748
345.8006227
334.8284855
334.5041515
323.5616201
325.630705
318.9653911
325.9174495
329.1531389
329.6092024
324.4438087
322.637185
323.3300955
312.8246667
311.9401496
313.1280438
313.1699577
311.7695
311.7695
311.7695
315.4828752
320.8894403
312.4753839
320.5997019
320.5997019
327.7363813
318.8040557
316.9674934
323.1398196
317.1195146
309.6182505
303.5796498
310.0586795
311.024696
306.9354259
315.5417543
307.8176145
305.9734013
296.8727546
294.5112702
295.6881869
290.4269899
297.7403066
296.2896186
299.4770737
304.4611731
304.9604811
311.7468797
320.1556138
318.4201772
316.7113527
312.2914283
310.6903824
309.8983421
308.9536152
309.9013359
313.2937036
312.2069351
306.5828166
307.5275434
308.098704
301.69319
300.5036325
296.9785374
299.3117465
299.0968545
300.4407616
292.0336908
293.9068446
297.0084759
295.077441
296.2503659
295.712803
301.4659898
301.808287
298.7971365
299.4474679
305.1983261
309.5839875
314.1891982
314.5378157
313.0658381
315.3035767
310.6035607
306.3253453
307.4876254
307.5644676
302.4799079
299.9930143
302.6136333
301.0421934
299.3230567
297.2313516
296.7749554
301.1326742
300.5728238
304.3557229
307.5820981
308.823549
309.1076323
308.2567129
307.1672832
305.8489901
303.229369
301.6306517
302.2018123
301.7557282
301.2424488
304.5074114
305.8489901
304.124531
300.0768422
300.60875
307.4008037
312.6802965
309.8890279
308.531482
309.0850121
304.7835112
302.2397344
298.8400484
294.197581
296.8012348
296.0155148
290.418341
292.1737366
285.2000559
281.148708
284.3687628
286.4418394
285.1681215
287.3556298
288.5485137
286.7458818
289.9725896
289.9725896
287.9041701
290.6837959
286.5363121
282.0049498
282.4011363
277.4050616
273.2638981
281.0542353
280.1540836
276.7251244
274.7871038
280.1846874
280.8213801
280.7581765
288.1998962
286.3097773
287.7787609
294.0558719
294.5315619
300.4188067
299.539612
300.9390718
301.8219256
301.6206722
299.7408654
297.834114
296.0078639
292.3726615
286.7944487
295.6589137
295.1007265
290.4905261
286.8573196
280.5735556
282.9832743
276.1436517
279.9614791
282.5272108
283.2523884
280.7279054
279.5340235
270.7307662
276.0930889
271.4439684
280.2129627
278.9369162
276.7996381
281.020305
285.0570163
282.6785667
278.3591026
272.589616
267.8150864
270.1057163
273.7399207
264.6036804
262.0778668
264.3897863
264.3897863
264.3897863
267.0699497
269.1836097
272.0617
272.0617
266.5024483
271.4569417
269.9117811
268.6643425
267.9674402
267.9418261
265.2995849
271.6997765
272.6947335
273.8653299
273.1667642
278.9838199
278.0623786
278.3275009
279.5776007
281.3067169
281.2032626
282.2900311
281.0429252
283.7453762
283.0700961
284.913644
281.3981957
279.2156771
278.9778322
282.2427948
277.8737659
280.1480959
274.2744897
277.024177
276.6725657
273.5190409
277.1828512
271.100008
272.3664076
271.3468345
267.4232243
264.3448785
255.8346861
261.268196
262.4471086
264.3505336
260.2007212
261.5875403
263.4134577
266.4921361
267.2938233
265.5643745
262.7232083
255.7960987
251.5345158
244.2614498
249.4611065
241.9807994
238.3216462
243.9627299
236.9797349
226.5415015
232.9716316
240.6042925
249.444474
244.1759587
246.6525401
246.1043324
242.9757564
234.1382362
235.6870559
243.0842004
239.9389919
243.3536472
248.612183
249.857293
251.1369987
251.1369987
251.1369987
248.0110839
257.8907976
258.416385
256.0389334
253.4485856
256.263805
255.7668255
255.9624238
257.7717088
261.3526891
261.3526891
258.9642601
253.6714613
255.4291854
254.9328712
254.2286505
252.3042686
256.0598904
255.1464327
252.1705432
252.6602044
255.1999894
256.6506773
256.920124
259.1222689
260.6195279
258.5178434
261.4195519
259.0281289
258.6329404
255.2625276
251.2211592
254.4086143
254.6687468
257.3292839
259.7456556
257.6935359
256.9750113
256.8855284
255.7644969
251.8714905
254.1671102
251.1037337
246.7756207
244.7760598
246.9469356
245.6233201
246.8996993
248.0742875
246.3538202
244.629361
243.2748091
248.9654576
252.7174202
254.6334859
252.0780664
250.5468771
249.6177848
243.7242196
243.9890092
242.0855843
241.3065173
244.8708652
246.8940442
244.033917
243.4541076
238.5837746
242.9870666
240.3255316
241.9076164
237.0346222
233.4619581
237.4777124
240.8195173
242.4658036
245.4253932
244.4720175
242.0965617
240.4948506
240.5993028
241.3577454
236.0010778
231.791721
229.2522687
230.2502195
232.8126247
230.3090987
227.0218485
221.7243926
221.1652074
221.5397717
221.6861378
222.9056338
227.8049073
228.9162919
225.1091093
224.6753333
218.5642148
219.5531841
215.4426245
219.9876254
213.5232323
206.460734
200.1965963
197.2396679
180.8649573
183.789286
186.2156372
175.2321899
180.1640631
178.5503766
172.3238284
162.4803736
160.7642308
171.6385688
170.4393645
174.8343402
178.9515528
183.4113953
181.3692551
184.3128776
189.4240493
193.9334566
191.6029087
191.4921361
190.4852037
196.309245
200.7261756
197.5280757
194.2115523
197.2582963
197.7532799
194.8741917
192.5466376
196.5863427
200.142707
204.2050323
200.2152247
204.7329483
197.949211
193.3084067
193.6031349
196.8092184
194.8585571
201.4427043
199.7628203
205.5040317
210.5862629
207.2697395
203.488171
208.0195332
208.5537696
210.2519493
212.575179
218.0196663
214.8471805
214.7869708
216.1215637
217.2010139
215.0986641
213.3263033
207.8615243
209.2889267
211.8556564
211.6603907
212.5219549
222.149187
222.9122868
220.0258802
216.7535993
217.7718418
214.4676265
210.5506693
207.9613194
214.1991777
213.550177
211.423211
209.379075
212.9068313
212.9068313
212.9068313
212.9068313
217.5147031
219.5402108
219.5402108
219.5402108
219.4021609
223.6637438
225.6603108
222.1022833
222.2197089
224.600487
222.0809937
221.5979855
215.6325678
215.526785
212.2751284
218.3769327
218.0609149
215.9994811
214.767677
219.690236
219.9234239
219.2943822
219.2301807
215.9761955
214.4852569
216.4635282
216.3863534
211.6607233
209.5700162
204.1538042
206.3283391
205.0665966
209.3754158
206.9021609
208.769327
209.9938127
205.4088937
205.6813343
200.6643026
201.456343
204.8077947
200.6569843
205.2512175
206.9051547
209.6089363
212.5954706
214.5268382
220.8112675
220.0072518
222.3131836
222.6867499
225.8628949
224.9707268
222.5134391
221.1339383
222.5047902
227.6229475
228.7729196
230.1770365
226.1562924
224.9361311
225.9264311
224.1327807
227.181188
225.2624611
227.5051893
227.5051893
227.5051893
223.977433
222.6298667
221.5095005
221.8873912
218.4065386
218.0502701
222.0137983
217.6587407
218.6976076
221.2490353
225.1719802
223.9601352
221.6019773
222.1551747
218.8808979
218.3586369
217.1398063
213.1233866
211.4581393
211.2133087
213.0844666
213.0844666
209.7712697
206.9064854
206.5811534
205.849988
212.2628203
209.8061979
206.0549006
210.1877478
213.4643532
214.3977699
213.3036831
212.8033771
211.4551454
210.4848045
207.7550762
206.1480427
206.6520079
209.1927908
207.2700721
205.1477633
200.0791708
202.0364851
199.4132049
194.1061021
194.223195
195.6466056
193.3060782
192.5216888
192.970434
188.989608
187.5419139
180.8629614
187.7884078
186.2239535
182.6978604
178.8497618
178.8843575
174.4371557
177.5524257
173.1428134
179.7023445
185.1265402
184.16884
177.0923703
174.4744125
179.1631184
188.2937036
186.6973148
183.3814567
176.0528382
172.6345238
173.2542513
164.4450063
167.1191819
171.7433536
171.9336296
163.4184475
155.2911355
148.0669692
152.6262741
148.0849323
150.4996407
162.1400724
162.9334433
155.6360939
151.7434202
148.8743114
140.4835405
149.9594167
145.9955558
154.9884238
158.4014158
153.6182372
154.9960747
151.1180376
154.340421
155.2106342
161.4335232
158.5610879
162.662666
164.3003034
161.1012055
159.2263885
162.0259733
155.0316683
154.0859435
156.2634723
152.0614339
143.3995529
144.5651595
141.4831546
146.8920483
144.4883173
147.21106
150.9044761
144.1822791
141.5796232
139.7334141
138.475996
131.6200734
127.1103334
129.4794688
123.3051468
121.4842191
125.1882801
127.6468984
123.5742609
117.3077947
121.0950182
123.597879
119.0508822
115.1036538
113.2251776
111.4997206
110.38634
115.7566464
123.9305293
120.8338878
129.2363015
127.5141709
134.1698379
133.8681241
138.6928839
133.5151822
127.5204913
130.5888575
131.161016
135.0540224
127.9156798
131.7887271
133.4316869
133.8268755
140.3188786
141.2004018
139.3674987
133.5501104
130.7418767
129.1594592
132.0528515
130.0765761
134.8700668
135.1275381
136.112183
135.6684275
135.875336
139.5408095
140.2819544
139.6086702
135.2213455
141.3983288
141.7682359
140.3614578
142.4684648
138.52922
140.093009
136.2987998
135.6008995
129.8044682
133.8162307
135.1608032
131.9487319
130.288807
135.4332437
132.8216063
128.1325678
125.5608484
128.2709503
127.2360753
127.2360753
127.2360753
127.2360753
120.6226548
122.8401017
122.8401017
122.8401017
131.6942545
131.176318
133.7267477
131.9746787
127.0677542
128.8394497
128.9156266
129.8094579
131.3636001
129.476475
129.7252974
124.1041728
123.0862629
122.0374165
119.114751
119.5801288
115.4758895
112.3187056
113.3582378
114.8688027
114.4470022
116.8367618
117.0932352
112.1224419
115.898688
112.7428347
109.4236501
110.1757724
111.9258456
109.3996993
108.7250845
113.5538361
114.8910903
116.2822338
111.5778934
110.299851
112.6330601
109.4482662
105.8523166
104.3770125
106.9513931
108.2623679
108.3545121
106.413165
106.1127818
103.7017324
103.5610214
99.3709583
98.44485989
94.04822099
100.1713149
102.0710807
105.5492722
109.6837826
110.8769992
110.34742
114.9193656
108.1163345
111.640099
109.3591159
109.5693509
106.7817415
102.8867392
103.8614046
109.4901802
108.7922799
112.2857732
118.6294143
117.0719456
115.6555207
113.575791
115.0015302
116.6574633
118.9248077
118.6843016
121.5820183
121.5820183
121.5820183
124.0546079
124.7109269
121.4313277
119.0598637
123.5463182
121.8621098
123.1235197
123.1235197
124.5349549
125.6383559
127.9373021
125.189278
120.2896719
123.029047
122.216715
121.093355
121.722064
124.2665061
124.1241318
118.5296192
118.1148043
117.5838944
119.1955851
117.3556963
117.4980706
119.2687681
121.1382628
120.5607819
123.4781249
126.8219256
125.1846209
127.3714639
125.7225164
129.205365
127.877425
129.759893
131.0692046
132.7204806
130.579876
134.3667669
135.2386433
135.8829869
133.5687389
133.2211193
131.0791841
132.2155175
131.4550789
133.1466056
132.5465045
132.4463768
129.4548527
133.2021582
133.2843229
133.0637757
136.8453442
137.3336749
136.4588046
134.3428161
136.6527397
139.4110759
138.8977965
139.0587993
136.7645102
138.2461346
135.088618
136.328073
135.711672
138.6479762
137.9297842
140.3611252
140.7230487
140.7666259
143.1314368
141.1947468
139.8964127
141.2193629
138.7038614
136.9950369
137.1051441
137.3456503
139.0318546
139.9107167
142.1697448
141.9651649
144.4254464
144.2953802
144.2494744
146.9010299
146.3657956
144.3755489
142.6241451
143.8469676
144.4394177
144.2830721
147.7672512
147.5586795
150.7953668
151.5561381
149.2265881
150.6170663
148.563616
146.2057908
147.4695292
145.1409772
145.5305107
147.4382601
147.2839104
149.2738244
147.9927881
143.004697
141.1904223
137.1876414
137.9420922
137.7391756
137.7228757
135.0300716
137.872901
135.8251058
141.4881443
141.0254278
138.9739734
140.7706177
144.271762
143.8486308
146.6991112
146.6528728
148.0786119
148.3823216
145.9519786
147.6987253
148.5676078
144.8695346
145.0215557
143.2265748
145.8970913
148.6281502
149.7624877
150.7418101
151.3731804
154.9328712
154.8127844
153.8773718
154.2925194
156.1706629
154.7891662
154.0157543
154.7342789
155.5372968
156.7953802
151.8325705
151.5222077
150.8595684
150.283418
150.4590574
154.2692338
154.1488144
153.3265029
154.5556457
154.6085371
157.631663
157.3126514
160.0852915
160.0190941
158.6519014
157.23215
158.9090401
157.8505469
159.3125449
159.4193257
160.015435
159.5400777
158.9060463
159.790896
160.8091386
159.9711925
161.1291481
161.1291481
161.1291481
161.1291481
163.1962371
163.6639434
163.6639434
163.6639434
165.9465897
166.7050323
166.7998377
165.581007
167.3048008
166.1095883
165.3351784
165.3261969
167.6381164
168.0649067
169.9367299
171.1891583
169.8013412
171.0896958
171.3415121
171.4316603
170.489262
170.7430742
171.3564814
169.1230673
167.6710488
168.1992974
167.6996567
166.5639886
166.0453868
167.226628
169.4490646
169.9749847
170.4067648
170.4486787
167.9218671
168.45943
169.5515209
169.4324321
171.235064
168.4920297
168.3160577
165.201453
165.3315193
165.7210528
166.2526279
167.8027783
169.6972217
168.4587647
170.9662826
170.8052798
171.662187
169.2251909
167.4588179
161.7252575
162.1896373
157.9403625
158.3392102
161.3676584
158.6149772
158.403079
154.6521143
154.7013466
154.644796
158.2430742
158.6455811
161.056963
160.6880539
160.1278708
162.9101578
166.2053916
167.8792879
166.8573862
166.1511696
166.0773212
166.0773212
166.0773212
168.4022141
166.0427256
165.661841
166.6228677
166.2366607
167.7392421
166.2878889
167.5592783
169.2301807
170.1462996
170.3967853
167.6045187
164.7972829
163.5564973
164.389121
163.874511
165.1302659
160.4199377
159.5224472
154.9022673
157.6136999
154.7382708
156.7411582
155.8014211
153.6967427
155.2076403
158.4995476
157.13801
156.8998323
158.4007505
156.7787476
158.3558427
160.1464992
159.8141815
160.5609815
158.2207867
159.181148
160.1365197
161.9584453
164.1316497
164.1882002
163.2408122
164.1762248
163.8488969
161.2878223
162.8086995
163.4986162
162.8482849
163.4523778
163.067834
160.6980334
161.3270751
163.6829044
163.9556777
166.1664715
166.1691327
165.5181361
164.775328
163.3226442
163.19158
161.1837028
160.6158687
160.7189903
160.2905368
158.9589376
159.2929185
159.1029752
157.0408761
157.0501903
155.7139341
156.8020332
158.417383
155.3343801
155.1464327
153.3770658
155.8127312
155.5462783
158.802592
159.0464247
157.7900045
158.2397477
156.0828432
156.4620646
152.3408601
150.7418101
151.9819304
150.3446257
149.4823961
149.0615935
151.1153764
151.4573409
152.2892993
152.1352822
151.705498
153.9891423
153.9661894
154.7376055
156.454081
157.1962238
156.729848
154.6052106
155.8296964
156.3682572
157.6862176
158.5111904
158.6815073
158.4200442
157.1825851
158.6306118
161.3783032
161.0888975
160.8653565
161.7957793
162.7780956
162.3789153
162.9949836
161.186364
159.7280251
159.9445805
158.4100647
158.7613434
160.2469596
159.2686351
163.2617692
164.8861005
165.4599223
165.5756846
165.2470261
164.1529393
164.2204673
161.8446789
162.6087766
161.1540969
160.4648455
160.1025893
162.0489262
160.0616734
160.8706789
160.9182479
157.6193549
157.9583256
160.6491338
161.7768183
161.8233893
163.8791681
164.9123799
165.0444421
165.1528861
166.0839742
166.2685952
166.075658
167.1005535
168.6922852
169.0665168
168.7598132
168.0449477
170.7171275
170.5398249
168.8616042
168.3360167
167.8872715
168.4131916
169.7677436
169.5398781
169.3329696
168.5452537
170.9419991
172.1711419
171.966562
171.2992655
172.0563776
171.6019773
169.5525188
170.421734
172.2020784
172.6358544
171.979868
172.7592676
170.8634936
172.0450675
172.1964233
173.1867233
173.5895628
173.5895628
172.9359049
173.9458312
173.3108018
173.6737233
173.6737233
175.1649945
175.1676557
173.8570136
175.5508689
176.2211592
175.8575725
173.8134364
171.7922532
171.9984964
172.8158182
173.3803257
173.6896905
173.5389999
172.507784
172.2922266
171.743021
173.0816058
172.4016686
172.4013359
171.4682519
173.6517684
174.5868483
175.3715704
174.7408654
177.0537829
178.0913192
178.283591
177.4985363
176.8718232
178.7093834
178.69641
179.1993773
177.9901935
178.0720254
177.7446976
177.5065199
176.3671927
175.7863853
175.5249222
177.3265561
177.458951
178.7303404
179.076962
178.2330282
180.1949996
180.3174149
179.0343827
178.2496607
176.632315
177.4519653
177.6578758
178.4994811
175.4487452
175.6702903
176.136666
174.9151742
175.825638
175.650664
176.7969769
176.7969769
176.7969769
177.0687522
176.9672938
177.1236395
178.197102
176.8658355
177.7333874
178.4828486
178.3537802
178.961865
178.7017324
177.7407058
179.0596642
178.8973308
174.9687309
170.5903877
170.7540517
169.9200974
170.4659765
171.5610613
172.5134391
171.843814
169.3346329
168.3340208
168.0639088
169.5046172
170.3106288
171.1169731
172.2529739
172.6990579
172.1052772
170.693842
170.5015701
171.2583495
171.445299
170.9303563
170.4257258
173.3088059
174.3130771
174.3782766
176.0272241
175.5931155
175.3083668
177.1219762
177.437994
178.8248131
178.1119435
180.6400857
180.7318972
180.0050563
179.3610453
181.9646992
181.6809485
181.8752162
182.855204
183.6043324
183.3481917
181.7820741
183.0937142
184.0793571
183.3877771
184.1891316
184.5843202
184.9079889
182.6127019
180.8795939
182.1749341
183.2384171
183.2530537
184.4602416
184.7037417
183.9479602
184.5390798
181.323682
184.0114964
186.586875
186.2382574
187.1793251
187.9653778
188.5531708
188.8076483
190.8890412
191.4169572
193.0140112
193.2175932
193.4714054
193.5246294
194.028262
195.5897224
195.3784895
195.5009048
197.0799957
196.9379541
195.1346568
193.3120659
193.7691274
196.5444288
199.8183729
198.3606994
197.683756
197.1545094
195.7676903
195.1978604
194.360247
197.3404609
197.9435559
196.8810709
196.8767464
194.5575086
191.8743513
192.856335
192.0922373
193.5725311
194.1373713
193.8423105
196.5617266
198.8749767
199.6903026
199.9175027
200.501304
199.8958805
196.511829
196.8963728
196.6891316
199.7684754
197.4316071
198.8926072
195.4719642
194.480999
195.856508
200.0355936
198.94317
202.0823908
200.9929611
201.9130718
203.3298294
205.5738883
202.8484844
200.6739495
200.3156851
200.8449317
201.2347979
199.1996434
197.6292014
198.6837028
198.8506932
197.731325
193.6214307
194.3861937
193.2531868
195.7780025
194.6257019
195.76137
192.0064135
192.6747079
196.9668946
196.6891316
197.9904596
200.3472869
199.6616947
200.8964925
200.3369747
200.325332
200.3057056
203.0663704
203.1778082
203.7330016
202.5341299
203.3391436
204.3510658
206.0399313
206.1843016
206.9540543
206.7637784
207.1000878
206.32468
207.3791814
207.144663
210.0047902
211.5579344
209.8853687
211.1840354
209.8723953
210.5802752
210.3094978
210.9265641
211.3184262
210.5463448
211.0453203
213.5139181
213.4763286
213.6592863
214.977912
215.0371238
215.8943636
215.8943636
216.9481997
216.9980972
217.4351997
215.5540623
217.2209729
217.7628603
220.2497538
219.935732
220.7354233
220.7617026
219.1859382
220.8239082
221.2347314
219.1234
220.4021077
218.290111
215.7852543
217.3250925
214.1319823
214.0731032
213.6639434
217.4611464
222.380379
225.8652234
226.225151
226.6602576
228.9512202
225.7820608
226.0658115
226.4284004
226.5997153
226.3172952
229.4312345
228.1698246
230.2222769
230.4205365
230.4767544
231.4707135
231.8612449
231.9098119
232.122708
234.4326317
234.2603188
234.8733933
236.7196024
232.0149293
234.6867765
231.5049764
229.2103547
230.5595843
229.7918274
227.0800623
229.3650371
232.1666179
234.223062
234.7316843
235.8616973
235.8151263
235.3870053
236.2116454
236.5349815
237.2019453
237.6353887
238.6459803
236.4391782
235.5337041
236.4012561
239.1376374
238.6483088
240.7230487
240.5174708
241.1145781
241.3201559
238.3555765
240.1851532
236.4168907
236.0875669
236.3044549
236.3044549
236.3044549
235.3773585
238.9772999
241.4279346
242.7372462
242.1331533
242.2725337
243.3250393
241.8344333
239.592703
239.592703
241.0307502
238.0179365
239.5657583
240.6012987
241.2629401
241.7153445
240.5766825
237.9573942
232.4586848
229.7499135
229.3943103
221.7114192
221.7486761
221.9718844
216.4994545
221.8311733
218.3197168
222.7146925
226.0874338
224.9178354
219.6632914
222.2649493
222.9388988
221.986521
219.3416185
214.2969769
215.6977673
209.0873407
212.2671448
209.5244431
205.11849
205.5422865
210.5506693
208.5843734
211.1594193
213.2311653
213.6745882
214.9253533
214.7573649
214.1975144
212.025308
211.7887937
216.6827448
220.6642361
221.9685579
222.6518216
218.593488
221.187495
220.5062272
221.42534
217.9594566
218.7105809
214.2637118
210.1278708
209.6708093
209.0218086
214.7783218
215.0943396
211.2808367
216.2280118
215.947255
216.6088964
219.5145967
221.1662054
220.2913351
217.1584347
220.4303829
218.8825611
222.1481891
218.4311547
219.4074833
221.1701972
218.5715331
218.6167736
221.0358065
224.3050935
225.8206483
226.7547303
226.110054
225.1546824
225.9470554
224.330375
225.6929106
225.6659659
227.2942891
227.018522
227.9333103
227.5966682
228.3058786
229.6700774
228.6880938
226.0654789
224.4271762
225.2212124
225.2118982
228.1199271
229.4661628
229.4951034
230.6281103
230.3224047
228.2513239
231.2957394
231.5295926
228.5753253
229.2788807
231.5831493
232.7307928
232.8229369
233.450648
233.3874444
232.8997791
235.1215504
236.3403811
236.5828831
236.674362
238.0016366
238.1067541
239.6954919
240.0075179
240.4020411
237.6071134
240.1651941
239.897078
241.033744
242.6135003
242.7901376
243.4414669
244.1430263
243.3296964
242.890598
243.3007558
244.1273918
241.6528062
242.3713309
245.8398755
247.1734705
246.7367006
246.9921761
247.048394
248.4445272
248.0673018
249.5778668
250.1174256
248.7818346
250.1250765
250.5681667
251.2650691
251.2417835
248.8506932
244.3775448
243.7285441
247.1684807
245.037523
242.4930809
244.5405434
247.3314794
247.3813769
249.0595976
249.5705485
251.2547569
251.4440349
253.2469995
254.5104053
255.9797216
256.4101711
254.584919
255.9088671
255.5293131
252.8997126
252.8997126
252.8997126
256.8439471
256.9773399
256.4999867
256.4999867
259.804202
260.258935
259.5420736
256.5179498
257.2075339
257.4131117
255.4800809
260.0972669
260.7575778
261.8340341
261.2508982
260.6211912
260.1468318
262.3829071
260.1484951
259.8424568
262.4876919
261.5985177
259.8374671
261.152101
263.4839796
263.4630226
265.9286266
267.2203076
266.921255
266.9691567
268.6164409
267.1966895
268.5366048
266.6395002
268.053264
270.7573782
270.7570455
270.5364984
271.7190702
271.926644
270.3452245
271.6096282
272.4914842
273.8327301
265.4346409
261.5303244
258.6761849
257.3379328
254.5899087
257.0787982
258.2354233
262.1896373
262.4697288
262.4424515
259.0361125
252.18019
257.5192272
257.5112436
261.2412513
262.6257418
263.0315752
268.635402
270.4812784
267.5173643
268.8329962
266.9691567
270.2161562
270.8911036
271.8235224
276.009261
276.896772
277.3568273
277.3568273
277.3568273
280.126141
279.6650877
279.0313889
281.5977859
286.4737739
287.0239774
284.5626979
282.212191
286.0453203
285.7758735
283.1273119
285.8720095
287.6180909
286.3606728
287.1224419
287.1224419
288.8731804
288.6799106
288.8548846
289.0850786
285.7788674
286.7112862
284.303896
286.2179658
285.5124145
287.1503845
286.3989275
287.0705485
291.0460521
291.3653964
292.964779
295.7943024
294.1124225
294.6938952
294.6938952
296.3671262
295.7054847
300.1646619
304.0799558
303.8560822
302.0201852
294.7201746
290.5311095
289.3754823
293.8782367
292.7532134
292.801115
299.0033797
305.7718152
305.9464566
305.8476595
307.9270564
303.0939804
302.566397
301.84255
298.9943982
296.7539985
301.4866142
304.6384757
303.0394257
306.7431541
307.8888017
304.8510392
307.1150571
308.3694813
304.1797509
301.5328525
307.3785161
308.7370599
309.0201453
306.2062565
300.8545786
304.5509886
300.1629986
302.8827474
297.7093701
293.2947681
285.9997472
284.3241877
284.5919712
289.5611012
285.5895894
287.9237965
284.2510046
284.3621098
286.7821407
290.2985869
284.6711419
280.1371185
285.1212178
283.4070708
283.796937
276.4856162
280.4388323
281.7990393
282.5744471
285.9169173
286.505043
286.3969316
285.6122096
283.2367539
283.4789233
286.6690396
291.2323363
291.7772174
294.5328925
289.5644277
290.790244
283.7756473
281.2714559
284.4728823
285.2609309
287.6949331
286.1451154
285.1631317
288.8818293
295.8940975
295.3535407
297.7862123
297.3397956
296.3232163
297.6218831
299.6633579
299.9211619
302.3059318
303.2260425
303.8863534
303.3917024
306.1736568
305.1214839
305.4687708
305.8293637
308.0488065
308.512521
305.6969689
304.9019347
306.0149826
303.3221785
301.834899
298.4032786
300.5352343
300.0894829
304.0563377
305.0962025
307.6798973
306.534915
308.5431248
303.2070815
302.0780664
300.1410437
301.0654789
300.0479016
300.6077521
299.9544269
299.1993107
297.7496208
298.2519227
293.6530324
291.2765788
286.6687069
291.1538308
286.389946
287.8073689
289.7583628
288.4467227
287.0502568
294.7913617
296.417689
300.3299891
298.8563483
297.4439152
302.8178806
302.5148362
304.7166485
306.168667
305.2282646
307.5744471
301.7178061
302.5105117
297.4898209
298.5706017
297.7622615
299.0612609
304.1548021
304.1548021
304.1548021
304.1548021
305.3869388
306.5844799
306.5844799
306.5844799
302.0607686
300.1829577
295.9699417
295.5950448
297.163491
293.9747053
291.1924182
291.3051867
292.3813104
286.0330122
282.0162599
279.8530351
276.2434468
256.575831
256.7321766
244.8076616
259.2526679
259.1901296
258.9419725
262.3360034
261.2149719
260.2995183
265.0201586
266.4352529
257.2534396
260.4661761
255.8230434
257.0787982
256.0595577
265.1974612
265.743673
265.3614578
260.3321181
265.5730234
266.8038295
262.8512787
263.224845
259.7453229
262.5721851
266.4046491
266.6930569
261.4291987
257.211193
255.0799026
249.8509727
255.2129627
251.8478724
248.6377971
245.7966309
248.8776379
251.6878676
248.0240573
246.3564814
235.6544562
243.7235543
242.2312851
240.350813
240.350813
240.350813
248.1315033
247.1315565
250.7384836
250.0103122
249.0542752
255.7751417
257.5351944
256.4251404
257.4493706
259.5204513
257.4852969
255.6943077
254.3790084
250.8695479
249.2302472
250.4547329
254.9531628
253.8687229
258.9589376
257.1390079
255.5120153
258.2756739
258.8963994
260.6464726
261.3922745
259.7646167
262.093834
262.093834
264.761024
265.0018628
263.5182425
265.7020917
265.8447987
263.0951114
264.3894537
265.1488943
266.5436969
266.5909333
268.2601724
271.390079
266.7492748
264.0075711
264.1183437
259.0613939
259.1661788
259.0763632
261.7279187
262.5781728
263.2607712
260.178101
260.8207813
258.7703249
258.1482689
253.1784735
253.4692099
251.7623812
247.3923544
249.5512548
251.2757139
250.3486175
252.8677782
250.1965963
250.2591346
245.2284642
245.3106288
243.0010379
245.9499827
240.3368417
238.8618703
238.8236155
234.6355483
233.5354738
234.7080661
232.0302313
236.3313995
232.7527477
236.0130532
233.0631104
227.580701
229.1860713
224.6507172
227.4273492
231.6599915
234.7579636
236.5203449
237.0875136
240.2849482
236.2911488
236.19967
233.5244964
234.8377997
237.6237459
238.637664
235.1987253
233.2776699
238.7747159
240.5414216
240.0374564
240.8115337
242.4944115
241.6531389
236.1248237
236.9374884
237.0193203
236.7365676
231.697581
233.1765442
230.377292
234.269633
232.6176917
234.2184049
233.7999308
237.1104665
237.4530963
237.3243606
240.2829523
237.9055007
231.1882934
225.2953935
230.2266014
228.3750699
227.2836443
226.1063949
228.8178274
222.0507225
218.5455864
214.6589004
214.4519919
226.2291428
223.3560423
221.5790244
220.9539745
225.0472363
220.9679458
211.4594699
212.804375
211.5882056
206.1314102
210.7416106
195.7533864
193.3749368
182.253107
177.6924715
166.013785
184.5879793
189.6319557
177.7476914
168.8230167
174.0546079
175.8718764
174.0266652
166.1335391
163.6755861
155.294462
157.0029539
175.4790164
174.4903798
176.9719509
181.5844799
181.1187695
190.0048567
185.766892
173.4974186
177.7573383
180.701626
171.4825558
166.0909599
167.4601485
169.2528009
163.271416
164.2367672
156.2897517
150.9853102
148.2705511
162.3426564
161.248237
161.5003859
165.3052399
165.2204141
155.491391
160.1119036
161.267198
161.3330628
154.5779333
166.2366607
168.1360939
169.1839423
167.9957155
164.5897091
164.2823403
166.7190036
166.1994039
167.8703063
165.7400138
163.8199564
163.5305506
163.5305506
163.5305506
163.5305506
166.3713841
170.1339915
170.1339915
170.1339915
175.9423983
176.4433696
177.9057003
174.7042739
172.6055832
169.2557948
166.7881949
163.8322644
156.3366554
153.4342816
154.3031642
152.5993294
150.0126407
150.6280438
149.0426325
147.6065812
152.7104346
152.7320568
159.0131596
155.8879102
153.0537297
150.480347
153.9891423
157.9144157
158.5421268
163.0838013
163.8741784
158.2683556
159.0434308
154.7638848
154.8673391
153.3238417
148.0742875
147.5926098
148.0666365
141.0736621
138.2068819
136.6766905
134.9432499
138.2937036
134.9988025
130.2315911
129.4694893
136.2515635
129.4199244
128.2456689
128.9448998
135.5559917
136.5995157
137.9983101
137.9450861
141.2077201
139.1928573
139.4237166
140.9352796
141.8364292
145.4280544
145.7996248
147.3058653
148.7382574
146.9502621
139.5058813
142.8267291
144.6044123
153.447255
153.4359449
152.3601538
151.3791681
152.7087713
157.2211725
157.2211725
157.2211725
159.6062751
159.3012348
161.477433
164.0790909
157.3292839
157.8119594
160.9405354
157.9849376
162.5578812
163.0046305
159.8990074
163.2441387
165.1296006
165.1296006
168.248197
166.6122229
167.7222769
163.9659898
167.3716635
165.3168827
164.720108
159.9289459
160.3297895
160.569963
164.2208
167.8370413
170.3974506
165.6149373
166.2769114
166.203063
168.324374
168.8606062
166.4854831
166.7023711
173.5187083
173.6367991
170.5637757
171.0062006
171.4429704
169.0352476
168.7884211
170.7088112
172.5526918
171.3172286
165.2330548
165.0886846
161.9191926
163.0917849
163.2441387
158.3042819
158.8691221
163.1662985
162.0123347
161.1151768
164.762022
162.4434495
165.6754797
159.5773345
159.0756979
157.1177183
155.2715092
154.3696942
156.2854273
154.4309019
159.3338345
161.4714453
166.4206163
167.4601485
168.0199989
169.5531841
171.8062246
172.6814275
176.7324427
176.326942
176.875815
174.3020997
177.4090534
180.4810789
179.6338186
182.794329
182.4596828
180.3530085
180.905208
183.6728584
182.2384703
178.0118157
180.3217394
182.0937675
179.2901908
175.7920403
177.5228198
177.3544988
179.8297496
184.8155121
186.6178114
187.8296564
186.653405
184.995476
186.6773558
184.8687362
180.2701786
179.9122469
179.5090747
182.3266227
184.9588844
185.468172
188.415121
189.0338505
190.1266067
189.9057269
190.4086941
192.8649839
193.8203555
192.843029
191.3976635
192.7332544
192.4980706
189.4210554
188.7248184
193.8310003
193.2232483
192.0925699
187.9690369
184.9841658
186.4045826
191.5380419
191.0713335
193.7974027
193.6004737
195.8777976
193.6124491
198.1833968
197.3627485
194.3017005
198.0210634
196.5730367
197.2130559
194.7590947
194.0591984
190.7044203
190.1123027
185.1202198
188.4204434
182.7281316
183.2786678
180.6503978
183.9299971
185.2007212
185.6162014
190.0008649
189.1675759
191.0177768
190.7000958
191.3341273
195.3458898
194.3412859
194.7368071
191.7951806
190.2849482
194.867206
193.6347367
194.6942279
188.2285041
190.7346914
188.8039891
193.9687176
194.1802832
193.8386513
195.3731671
194.3772121
191.2080528
189.8385315
191.7752215
193.4062059
194.901469
195.2327887
198.1870559
196.1748543
195.8255715
198.977433
199.4434761
199.8276871
199.8276871
199.8276871
201.2697262
201.673231
199.959084
199.959084
199.959084
202.9256593
202.5720521
202.7413711
202.3458499
202.9263246
203.0227932
199.742196
200.494651
201.5248689
197.8038428
199.1996434
200.9952897
196.851465
193.3662879
191.570309
189.5151955
190.722716
189.2467467
185.8387444
188.1037603
189.6003539
191.4911382
190.2659872
185.6022301
182.1742688
183.7982676
184.2872635
185.4588578
184.3754158
184.148881
184.5128004
187.1500519
189.1120233
190.1518881
191.4771669
190.4373021
187.6390478
187.9055007
185.0613407
187.3207015
191.1119169
193.2714826
194.6815871
194.0645209
196.7586556
196.6891316
196.8897198
198.6491072
198.5662772
199.0945259
197.7057109
199.9145089
201.7311121
201.3548846
200.3722357
200.480347
201.5052426
202.2274264
205.2552093
204.8437209
206.0542353
205.5562578
206.0173111
208.8115736
208.8115736
208.8115736
209.4552519
208.4642867
206.6473508
209.2712963
209.2453495
208.5763898
210.2768981
210.718325
207.2251643
206.5595311
210.081965
209.0886713
206.9663624
209.3833994
211.8157384
205.8819225
203.3364824
205.0013971
204.1208718
204.6960242
198.5526386
196.6106262
194.2085584
186.8766134
196.9159991
197.5796365
202.3109216
204.489781
198.0513346
198.2063496
201.1868962
195.632967
191.4425713
190.1276047
189.5767358
184.8414589
188.0089549
193.9035181
193.9118344
194.6489874
195.057482
195.1233467
197.535394
193.7149054
192.5077175
191.2043936
194.9526971
197.5490327
197.257631
199.7265615
201.1922186
201.5800889
202.7789605
202.6592064
205.2488889
204.3983022
202.2883014
199.2844692
197.7715757
200.6509966
193.9733747
194.4181281
190.736022
190.026479
189.5155281
193.6440509
195.2121644
196.5008516
197.5264124
197.9382335
201.7504058
202.316244
200.3246667
196.8983687
195.8042819
194.3838651
195.21915
200.2671182
201.0441893
201.9413471
202.2204407
201.259414
199.7987466
200.1397131
204.8310802
205.355337
206.0648801
206.2984006
203.8417782
206.818333
204.5479948
200.182625
199.4497964
198.6647417
198.7286106
201.8442132
201.2650691
197.7353168
195.4200708
195.6326343
193.1044921
191.8504005
192.408255
193.7135748
192.5270112
192.9930543
198.206017
198.3670197
199.9893552
200.6034276
199.3995662
200.9137904
202.9223328
202.8481518
204.2399606
204.7412646
204.3068233
204.0120952
202.9133513
205.6520611
205.0845597
202.8464885
202.0474625
205.7116055
205.0027277
204.8433882
203.8823616
203.4798547
202.8295234
200.2731059
202.9333103
204.7445911
204.8806451
205.3596615
206.0053357
205.9062059
210.1983926
210.8370812
211.984392
212.7491551
211.8599808
213.0272507
215.7346914
215.6279107
216.8074886
215.9359449
214.4519919
215.3045746
215.4692365
215.5337707
217.0213828
215.825505
219.5884451
220.2431008
220.2297948
221.5221412
219.3256513
219.385861
219.7923597
221.6375709
217.5363254
218.7485031
223.0972403
223.4920962
222.8194773
218.9374484
222.8118264
224.6490539
223.6264869
218.6533651
218.3729409
224.3001038
227.661535
227.4729223
227.8701067
229.4229183
228.3354845
227.7516832
229.3474067
230.241238
230.0905474
229.8856348
230.0496314
228.6701307
230.0236847
231.9969662
231.7325092
231.4354525
231.4354525
228.4748649
228.568007
229.3354312
226.7257897
226.7257897
229.544003
228.9937994
227.6013253
228.7499667
227.8325172
224.763153
227.8714373
231.9244485
231.8795407
231.8605796
231.8482715
233.9103707
231.892514
229.6554408
230.869947
230.9058733
230.5156745
232.4210954
233.3169226
231.7198685
230.7847886
234.2127498
234.0317881
234.4086808
235.122881
237.3892275
238.8622029
238.7690609
239.3432153
240.4053676
241.3045214
241.2652686
241.765242
241.4435692
242.0795966
238.6602842
238.4330841
234.2606515
232.0209171
234.1292546
237.0482609
235.569963
234.0095005
235.3979828
233.8684568
233.281329
233.559092
232.5428454
230.0496314
227.3481784
223.6268196
216.7828725
212.5395854
217.2549033
217.6647284
222.5247492
221.2194294
221.9236501
226.1672699
226.6067009
226.5508157
226.3189584
230.2864784
229.7519094
234.2273864
234.1914602
234.1189424
235.3244671
233.8804322
235.0161003
234.302898
230.8593022
233.2374192
231.7125502
232.7188174
227.7463608
228.2849216
235.0566836
235.6408175
235.6408175
235.6408175
237.675972
239.4782713
241.7828725
243.0060276
243.0625782
242.1627591
237.8542726
237.1523804
239.869468
236.7545307
239.5820582
239.321593
237.5974665
235.1983926
234.6179179
230.525654
231.8515981
233.6894909
230.8889081
226.170929
227.2527078
227.8814168
225.8765335
227.247718
227.1805227
231.399859
229.0613274
224.6666844
225.806677
225.0834952
225.5325731
224.0479549
227.1974878
224.3430157
224.729888
228.3773984
225.66397
225.4267903
226.9905793
226.5218751
230.8290311
230.5772148
226.6010459
225.9191128
225.4504085
227.2314182
231.2408521
233.8840913
235.1990579
236.1115177
236.0183756
235.8261037
237.2641509
235.1435053
229.5669559
227.9190063
230.9135242
229.232975
229.5024217
225.8505868
228.5164462
229.4541874
231.4590707
232.5598105
233.1998297
233.0627778
229.9707933
227.7071081
226.7557282
220.5285148
215.2639913
210.2220108
202.8687761
197.3115203
187.188972
187.4351332
178.2586423
184.2440189
190.6631716
191.5021157
190.3894004
188.9284004
177.9047023
173.990739
173.7775102
175.5325731
180.3433616
177.4629428
175.982649
180.2159566
179.6511164
184.2676371
182.6253426
176.5069058
167.1644224
165.6292413
172.4256194
172.5769753
165.4971791
161.6128217
164.5098731
170.0614738
175.2345185
177.3335418
172.2549698
177.1698779
172.8783564
164.1639168
165.0244831
169.4350933
178.4848445
176.9792692
178.8663943
174.3682971
170.3971179
165.1219496
173.0426857
178.7546238
179.8021396
185.2183517
185.7196556
189.9226921
187.4810389
189.2840035
185.916252
186.5699098
187.5395854
182.9676398
189.4819304
192.3543657
191.9092796
191.0144503
200.9929611
201.293677
194.7417968
185.2210129
189.3249195
194.7434601
189.7274264
188.6489741
189.7227692
185.5666365
186.5220081
192.4727892
190.1325944
188.4114618
187.8173484
185.7529207
184.0790244
177.8953881
175.8269686
173.2928387
172.5403837
174.4291721
182.4979376
184.1428933
193.3060782
191.590268
193.0619129
193.938779
191.6122229
190.5034995
186.6450888
190.0164995
183.7809697
183.5298188
180.1949996
181.8585837
180.9960215
180.1141656
185.7296351
184.0174841
185.9079357
186.788461
186.788461
187.0825239
183.409732
185.7752082
187.3250259
192.8606594
195.6569178
194.0974532
193.6363999
192.626141
191.3976635
196.0025414
195.9456582
196.7626474
195.618663
197.9701679
201.5474892
202.2314182
204.3839982
203.8797003
204.8197701
204.1701041
203.594619
207.2215052
206.2987333
204.1478165
204.747585
209.6172526
210.8251058
214.4177289
214.2716955
213.8778375
213.7886872
215.0634031
212.0522527
213.4843122
213.0917849
214.1536046
213.9300636
216.88799
220.0468372
218.6699976
216.7659073
215.749328
217.4664689
216.9704873
218.18832
217.1930303
219.8033371
219.2138808
217.4827687
210.0373899
211.4182213
216.6291881
218.0832025
218.7608111
221.6728318
224.1088299
226.0598238
226.3858211
226.2165021
222.8966522
223.5602895
220.9709397
221.5680469
224.18667
224.1061687
221.5756979
217.6623999
220.0761104
223.5849057
221.3152327
215.0564175
214.2517364
214.2517364
214.2517364
208.9030524
211.0832424
213.4390718
208.585704
209.851771
215.2180855
213.13636
211.2186311
213.0531974
205.8902387
207.982609
211.6301195
212.987
214.639274
212.2009474
212.2009474
210.7352902
210.3843441
205.5083562
205.6347633
201.7281183
202.7303936
202.9096921
204.6627591
200.6277111
199.2122841
198.5263592
195.6775421
194.3492695
196.1938154
199.5772015
194.922426
195.3927935
195.4154137
195.0721186
197.5007984
193.9001916
193.3606328
186.5812199
184.1884663
184.0091678
187.92047
189.6748676
189.1635841
189.5434707
189.9858956
189.6083375
189.0977193
191.7625808
192.3606861
196.0025414
196.9356255
195.3874711
192.7977885
188.8033238
188.7234878
191.4592038
189.1253293
197.1927642
199.6886393
202.4070575
202.1492535
201.3332624
197.4785108
196.695452
198.4059398
198.6447827
197.6618011
201.9333635
202.2187774
202.5524257
205.7651622
208.1266466
204.2605849
197.7572717
196.9050217
197.4708598
202.7074407
205.9284935
208.4769274
208.3056125
207.8172818
203.35877
211.1680682
212.9341086
214.3911169
214.2696996
214.1905288
213.6173723
212.5063204
214.4000985
213.5801155
215.053091
216.6418288
216.3371211
217.9864013
215.797895
213.7414509
214.2061633
216.4854831
215.1901429
215.4842058
211.9478005
214.1067009
215.4439551
212.8838784
213.8555499
219.9616787
221.3504937
221.343508
224.0353142
225.0761769
224.0552732
227.3950821
226.9423451
225.223541
226.672233
226.6689065
228.690755
227.4948772
227.9565958
223.3656891
223.7831652
221.6096282
224.946776
224.3732869
224.9234904
224.5569098
227.288634
224.0532773
222.366075
221.5883386
223.9305293
222.3208346
223.2422759
226.739761
227.3641456
228.5034729
226.7706975
225.2388429
220.6299731
221.3624691
221.6991112
222.6421747
221.7999042
224.3310403
223.6334726
225.9690103
226.9277084
225.7298347
227.2563669
223.0393592
222.0700162
220.8834526
220.9912313
221.0105251
219.0126274
217.1564388
214.2993054
219.6682811
221.2184315
221.7213987
223.5862363
225.4710328
224.9717247
226.3013279
226.5641217
228.4253001
228.6225617
229.4508609
229.2838705
229.8154456
232.2338132
231.7804109
232.1656199
233.9659233
234.6066078
233.5487798
233.9665886
234.1794848
235.5779466
236.0589589
236.1963435
235.1907417
235.1907417
235.1907417
235.1907417
235.6275115
234.6099343
234.6099343
234.6099343
239.6855124
239.0222077
239.6043457
238.169625
237.0998217
237.8609256
237.5449078
237.9713655
238.2963648
236.8024323
237.276459
238.7244857
237.8156851
239.1882002
237.7045799
238.1603108
238.6559598
241.9714852
241.2389893
241.6937222
240.6299066
239.5038854
241.4904729
235.6371584
236.5190143
234.0477553
234.2533332
236.2765122
235.6521276
236.4511536
238.2241797
235.8843175
234.7968837
235.7818612
239.3997658
238.8758416
234.5723448
236.5748995
239.8075951
234.6671501
236.9238497
238.9270698
237.8103627
237.1723395
242.4877585
244.082484
244.8548979
246.1728584
246.1405913
245.4999069
245.73376
248.199364
247.6055832
246.7862655
244.9500359
246.4725763
244.4923091
243.858943
242.6890119
243.0120153
240.3222051
240.6724858
240.6724858
240.6724858
245.1845544
243.1663651
241.2073875
236.4361844
236.740892
235.8919685
241.1528328
242.401602
238.6845677
237.608444
236.6041728
231.2232217
230.2645235
229.6035474
230.2794928
235.765894
238.7537589
240.8704128
239.6505841
240.1555473
241.258283
241.258283
242.449171
247.1408707
246.3461692
248.2372861
249.4571147
249.7548367
250.2262022
250.1743088
252.038481
252.3967453
252.2726668
252.3781169
254.1268595
254.4824627
256.3050536
250.9663491
249.4441414
251.6103601
254.4877851
250.2780956
251.6845411
250.2045799
248.2449371
248.6161748
245.4290523
242.7312585
247.2097294
248.7399207
246.1984725
244.1493467
242.7029832
243.8030577
246.351159
246.8651037
246.0158475
238.1410171
234.0178167
231.0279559
234.6565053
238.3226442
239.8518376
238.9543471
239.8564947
237.7418368
235.3231365
240.1342577
234.7070682
239.3475397
242.091572
242.4571546
245.1270059
246.6452218
247.3091918
246.322551
247.8394364
250.3938579
250.195931
250.0798361
249.6051441
251.5614605
249.4857226
247.8357772
248.326769
248.8703196
249.1237991
253.1026293
253.0889906
252.9429571
250.0958033
248.9950635
250.703888
251.3322644
251.976608
253.5829763
254.3334353
252.4908854
252.9070309
252.1678819
250.1832903
249.7102616
253.027783
253.6970753
254.1408308
248.4541741
245.8066104
246.9845251
244.3432818
248.5699364
246.6485483
246.9545866
248.1830641
249.2299146
249.3689624
254.3264497
255.7704846
255.7139341
256.3060516
259.5111371
258.9107034
260.0796365
261.5542752
260.8806584
259.7835777
260.6178647
260.6547888
260.6501317
260.610879
258.6452484
261.37664
259.5956303
258.6432525
259.2836043
258.4147218
257.4400564
256.2165686
261.1790457
262.3037363
262.2807835
264.6715411
265.8850494
264.9516326
266.7193363
266.9172632
269.31168
268.4890358
270.2387764
270.4689704
270.2417702
271.3647976
271.3797669
272.2250313
271.6448892
272.5746467
271.6063017
272.6834234
273.7169678
273.5177103
274.4448067
273.5087287
272.8381058
275.7278388
276.4410411
278.1877877
277.3425234
277.6698512
277.3754557
278.0307768
280.3540064
280.0300051
281.7750885
282.793331
283.3744711
283.4000852
278.1635043
275.7637651
273.9614658
276.4570083
277.2796524
275.0126407
273.9158927
272.0533837
271.7826064
276.2810363
274.248543
277.0181893
281.4447667
283.3046145
285.8926338
285.8926338
285.8926338
285.8926338
288.8801661
287.8007159
287.8007159
287.8007159
283.4742662
284.5630306
284.3321713
286.4318599
286.2455758
284.1242648
285.4661761
286.6474173
287.1833169
292.7152913
292.4441813
293.1104798
292.3254251
292.7675174
292.4172366
289.7946217
282.638316
281.1081247
283.0248556
280.1108391
280.9897011
279.0061075
275.6120765
274.1723661
273.9381803
278.2130692
279.4927748
279.3321047
284.7350108
286.5798893
288.1746148
290.1013253
290.0999947
290.1222822
290.1967959
288.739455
289.8867658
