100
95.45497453
95.77331316
95.69642301
92.77177923
90.4720309
90.23678153
88.46860729
88.8318719
86.62761107
90.32467864
91.50289791
92.0699232
89.23416276
87.45429474
83.6807949
84.45614214
86.98344378
87.63741518
87.53391462
87.96035032
87.96035032
87.96035032
87.96035032
89.65491007
94.66305521
96.20621215
95.47181076
96.88925951
96.45266219
96.01439181
94.91626792
98.01612474
98.51302254
97.43811012
95.69441534
97.83175391
95.90486824
96.43045456
99.27859562
98.26120111
101.0571604
100.8295191
99.91520245
99.00977946
97.82853107
98.77574526
96.10725525
97.79624989
96.27611069
98.04689137
97.82374085
101.0738558
100.8850117
102.8994246
103.5685768
103.3766332
102.4862325
101.8518799
101.8176615
104.7785137
106.1866462
105.2361387
104.4681882
103.3293473
101.0149113
102.1106577
102.1106577
100.9192829
101.4177129
101.4929652
101.8727139
101.8325253
103.5794429
103.5794429
103.5794429
103.3001129
102.5134065
103.1250055
103.3632664
102.9866173
101.5162824
98.71988278
99.26026244
100.1774849
98.48498564
98.47380258
99.22040847
99.31739292
99.58568075
101.5155779
102.560481
105.5015383
108.3601756
110.855425
110.4289541
109.8840484
110.0902394
109.4050611
108.2959479
108.7645974
111.8605974
111.2135824
112.6984641
111.986376
111.783355
110.8063428
112.9875683
114.7988546
114.7988546
114.5715126
113.527631
112.0409001
111.0824852
110.613501
108.8237532
108.7598424
112.0334153
110.8284624
111.7882861
111.7882861
111.4286142
110.9921402
109.9204682
110.4983419
110.2791187
110.6469093
109.711794
110.5651585
110.8701303
109.8114906
110.4818403
113.1319091
112.5172985
115.5439987
116.5547891
115.6821932
115.029437
116.333294
116.1846033
115.24822
115.0951617
112.904162
113.0231252
112.8493914
111.2904549
112.152537
111.8677123
111.9952873
112.8667912
112.7977204
111.7709216
112.1048461
111.7535394
111.4211647
110.9188427
110.8139508
110.6471735
108.6117681
107.195376
106.3102587
106.1113939
107.0571639
105.9496709
106.0487863
106.0059385
106.5502454
108.6931491
107.8032063
107.868385
107.868385
108.4949183
108.7631181
108.7795669
109.0897163
109.8078274
109.1916847
108.9788895
110.0401357
111.3885489
111.7463717
111.8279816
113.79215
114.5813044
116.3787483
116.0105526
114.6577367
114.568096
113.4027505
113.3883798
112.9204875
114.1858995
114.8621313
114.2410575
114.8207804
115.6160987
116.4372172
117.9529536
116.9961414
116.8488596
116.5536972
115.0649586
113.9623263
114.3788117
116.6800218
117.8417922
118.0519634
117.0348506
117.2277453
116.0884642
116.0608852
114.7930781
115.1866515
114.2140244
113.3657143
112.9762444
114.7405794
114.7405794
114.1843321
115.2550883
113.7627923
113.8065559
111.8731365
110.9893928
110.0797255
109.8297533
109.9824769
109.975045
108.7138598
107.8136497
108.9226925
109.7677093
110.5023925
110.7490715
110.5143856
110.9763254
112.4697309
112.3545718
114.7699019
115.3804443
116.2671995
116.6162343
115.9011875
115.4661048
115.5820564
115.2571312
116.0271775
115.8880848
115.7603162
115.2032764
114.6804198
113.5747231
115.7484991
116.1633467
116.5555287
116.5555287
116.5555287
117.1137309
117.074599
118.147715
118.147715
119.6752509
122.1002672
124.4776805
124.3312793
123.4386948
122.9825668
121.4109502
123.124213
124.1485111
125.654579
125.9360223
124.7697434
123.4291848
125.9991758
128.1099392
128.2969869
128.6861575
129.9699906
130.2814786
129.5799395
131.2878661
133.0384468
133.2346347
134.6862667
134.8059519
133.9056713
133.5930915
133.0068877
132.9445091
132.1555485
131.2737244
133.5142465
134.9637827
136.6398156
136.6398156
136.6398156
136.6398156
133.319538
134.0185762
131.8586778
131.8935654
132.7139971
131.2045303
132.2696862
132.3748422
134.8422308
133.9084715
131.8975455
132.1960364
122.5370406
125.2261708
121.4330874
123.687628
125.3611425
125.9396678
129.4601839
128.9626873
131.7029603
131.2356139
132.5306654
131.1954782
132.4030728
131.7344842
131.009311
130.5607205
133.1762715
133.0709394
133.0709394
133.0709394
133.0709394
132.7287553
132.4160874
130.242875
129.3474903
130.4087013
131.351636
130.7168079
130.1011759
128.8734694
129.6651774
129.5383597
129.5795345
127.9220637
127.7043374
128.7909965
131.0051019
130.4186692
130.52696
128.4163199
128.2460379
128.4369777
127.7271438
127.2621926
127.5145952
129.0722637
129.9848192
130.3094979
129.9893981
129.9531368
131.854504
132.8537942
132.7823459
132.3431774
132.1800984
132.7290018
133.0952955
134.0101229
133.3681975
134.6186752
132.0193264
132.4816888
132.2475666
133.9876863
133.6785583
133.1451174
131.1906879
130.6369238
129.302353
129.5175785
129.5175785
130.5604387
130.1416286
130.1416286
129.6723099
130.7974844
130.7831666
131.8467903
131.2907367
131.2000042
130.8840783
131.5234149
130.9958033
132.1149196
131.764969
128.2214
128.690208
128.4356921
128.4647328
127.0398698
126.9066241
125.0642542
124.8138416
126.0529073
127.6186241
126.7117042
127.5601552
125.422165
125.3664786
125.2155865
124.6970271
123.8565715
124.7513222
126.0038427
127.8199192
129.0944361
128.9406734
128.7492229
128.8239469
128.0999713
129.0836229
128.9990014
128.9731131
128.6616252
128.3409795
128.9616483
130.4509328
131.6630887
132.3775895
131.6094628
131.6094628
130.743841
131.1295069
130.472841
128.4592382
128.2038769
126.7559961
127.822332
127.3933603
127.2222682
129.2480755
129.3846498
129.708078
129.6924746
130.7311962
132.657395
133.4791123
133.4636674
132.9097448
132.7976147
132.8851596
132.1642308
133.0140026
133.2848088
134.652647
136.8635825
137.1629187
137.4440979
137.6702247
136.6380545
139.208926
138.8083611
140.4701113
140.5267663
140.4080145
141.5611203
143.3815467
142.1834445
142.3362386
142.9808232
142.9808232
141.9263045
142.3889487
141.7132275
140.5756019
139.317252
138.9467669
141.3766966
142.2406806
142.4422223
143.0061304
142.5876902
145.4890873
144.7546507
145.2300805
145.5908443
145.9488784
147.6048874
148.7369656
147.5832081
149.6789493
149.9341872
151.3167131
150.6498856
151.049887
151.7363333
154.2235521
154.6876403
152.2614618
153.5123621
154.7471659
154.2583164
153.8099196
154.4881768
150.0351694
150.2716339
152.7077452
150.6499913
149.6040315
146.3154892
148.296124
146.6941283
146.1157966
146.990136
150.1995164
152.5848196
152.2914359
152.2914359
152.2914359
152.5754504
152.7383357
152.404376
152.404376
149.4692184
150.0053186
152.1739873
152.8314985
153.3286605
150.3672271
149.5751317
150.3913543
150.2900552
155.2956995
155.2230008
155.2203239
155.5270568
154.3107095
154.6068757
153.4573978
150.4147771
149.115182
150.5834389
149.3273608
149.102731
149.0276019
150.5382487
151.7365271
152.7822226
152.7822226
152.7822226
151.4605256
149.5182125
149.4547949
146.7598354
145.316692
145.4367646
145.1302431
145.0309868
148.4410811
148.5788177
147.7259991
149.0000229
149.2343565
149.8924841
148.3148974
149.8597274
149.3781161
148.4543247
148.1296108
147.135868
146.0926909
145.6722958
144.0848469
141.9105425
140.0162198
141.4452567
140.5212716
139.5837259
137.5965926
138.2557417
141.1987538
141.6558681
141.1333814
138.1848041
138.1848041
138.1848041
133.2006277
133.6671287
132.8061914
134.6293299
135.2459833
136.2599437
136.135028
135.4308825
137.1216206
134.8384092
134.9832959
137.4933562
136.5052314
136.9954722
138.0993197
137.315431
138.4221139
138.5265831
137.5198257
137.1472977
137.0760431
140.0137895
141.8725025
141.9810751
145.3582542
147.4593139
147.3733892
148.736402
149.8527886
150.5178903
149.5697427
151.6157676
151.4984599
151.3500334
152.3380173
153.2912545
152.9739725
152.8096431
153.8572583
156.3588477
155.9226555
155.8251779
154.1826766
157.3540346
160.8813838
158.6454934
159.2240011
159.3579337
157.7625774
157.7625774
154.1053462
153.7431383
148.4042739
150.0395017
153.7303702
152.8734659
152.2236155
156.1289522
164.0030256
162.7709339
161.244261
162.6496637
164.0519669
164.9943556
164.9943556
164.9943556
164.9943556
161.9727098
158.144774
157.9889508
157.4909083
156.6111623
158.8445871
163.3306154
164.5188553
165.2407
162.8773755
163.8285874
164.8022183
165.0888921
164.2665232
167.2210002
167.2577898
166.6215176
167.509893
168.5778315
170.8029439
174.8038385
175.6024501
175.2413868
175.4260395
177.733026
179.0223362
178.3413669
176.8391383
175.1578573
176.0640552
175.8975068
171.5086567
171.5086567
164.949007
169.8445995
167.8349591
165.3984252
167.9298479
167.7666104
168.0943533
159.7684314
151.6218786
143.9309609
147.2012757
157.748647
152.3050669
157.4600536
160.6342822
163.0836194
160.9198465
155.5153278
157.7552688
159.7764796
157.3392413
157.3392413
157.3277412
155.9877638
152.9583338
152.5286753
153.8208738
158.0519634
158.1503567
158.7805531
160.6104543
160.6104543
160.6104543
161.0486542
157.5285784
158.014575
158.3582736
153.2447611
153.2447611
151.6584922
148.9655932
143.9431126
145.6429733
145.7548039
138.0831527
130.888305
121.8728547
110.381633
117.99596
111.6840459
97.29600597
114.1545341
111.1414296
113.7136396
120.2855996
114.8972655
113.864655
110.631253
107.0096844
105.7609854
105.3526363
101.1669305
102.5213667
105.5357215
110.2109636
108.629661
107.7380099
106.1138066
111.6333611
112.1865617
109.7951474
112.5897331
112.6976716
111.7965986
114.4249881
118.8883684
119.038239
121.8468079
122.4834852
123.5924047
120.8496486
116.032813
110.1142433
112.063319
110.5920683
109.205439
111.7640356
112.4571918
109.0413386
106.7540413
108.998614
108.5571912
108.5571912
108.5571912
110.4710975
112.9575766
113.2607344
113.2607344
112.6111482
108.6416718
106.5494001
100.2332241
97.26578529
93.27790526
84.08972514
90.79276465
96.41076533
90.10601895
92.69193041
98.77275137
99.90327972
98.27018279
94.3373199
93.87147051
94.50129706
96.9517966
96.9517966
96.9517966
96.9517966
110.5452051
109.3240147
106.6928251
107.5745259
107.6895089
112.5868448
113.0189689
112.3452907
109.8785713
106.2260775
104.4848483
105.2116769
109.7725171
108.6719629
109.0111883
109.4242572
108.7348346
109.966081
113.234353
115.8056296
114.2620324
114.653827
113.5616204
108.381943
109.3639743
110.4436594
109.6958735
111.1654336
108.8619341
109.9900497
111.0258126
111.5324142
110.5768523
113.4389061
115.0467311
114.751146
115.6380421
116.8256305
115.3248283
115.4179736
112.8893335
113.09165
111.1500943
109.0852079
107.8126106
107.8126106
107.541417
109.9950337
110.2528253
110.2528253
110.2528253
110.0745127
109.1914734
108.1503039
106.407789
108.4455367
107.0835454
106.7964665
106.5449973
106.1911194
103.3741148
104.9028482
102.142481
100.7083017
102.2769948
101.2371989
98.39002647
97.97116355
95.8848444
96.64775819
97.39013742
95.45282597
91.33818109
92.4353892
92.25623126
91.62700349
91.50816364
92.03609223
93.59124234
92.7391106
92.72091831
92.59128285
87.76266548
86.44336351
86.60529778
82.664686
82.80089042
84.63695553
81.55641811
81.71682021
81.47211367
79.44049466
75.234043
74.62809714
75.19718292
70.78499814
72.01284555
76.41118799
81.35695454
82.33726003
78.63538462
79.10229068
79.55417445
83.16183036
82.69835847
81.48558618
81.61437631
81.61437631
85.02887343
82.92969816
81.3131733
80.51133892
82.91673638
80.99222821
78.81406706
77.68369721
78.5058196
80.60636853
82.07228309
82.05174852
80.68436819
80.78360686
79.52740555
78.02878714
78.15986672
75.95196038
75.11442826
74.01545904
75.13631889
75.1627884
71.96695097
73.01498883
72.83338294
70.30366857
68.41912004
68.81896295
66.73752208
67.42579994
65.1233571
71.11020512
71.11020512
71.1250689
74.77604817
75.84446209
74.67698561
77.05682933
77.90311417
77.3682468
77.65141602
76.14658089
69.76744514
67.86396465
70.84233995
70.92435495
73.25684236
80.15915171
81.46894367
78.7210275
78.3368761
75.49572666
76.55602186
77.6684812
78.98031605
76.85000431
75.36138902
72.54517693
74.5951115
76.19198236
79.56622046
78.30382003
80.97493409
80.2538291
80.84771135
80.84771135
80.84771135
77.88013166
77.88013166
79.54764073
82.4230438
88.57267141
93.12051467
93.65797088
91.06725159
92.12178795
101.5291561
99.07883266
99.78752182
99.50893148
99.21533647
101.00836
100.811679
102.6076788
102.6076788
103.782552
107.3382022
107.1612633
107.7408453
109.3805464
105.9107856
104.6313376
101.202505
100.3224244
105.1759263
102.7333165
103.6686432
106.7662634
105.1682302
106.2494298
107.5638535
105.4776577
107.6534061
111.853553
110.9249361
111.047351
110.7296992
106.7786088
102.0412699
103.5181738
104.5244557
103.3547426
107.7119454
106.5581704
105.8788038
105.9614352
102.2369647
100.6951638
102.5635629
102.9848738
104.4789838
105.9628969
107.6812845
107.3106936
105.7425289
107.2714385
107.2714385
105.9913565
106.2118301
105.1864401
104.6346661
104.6346661
102.3025309
102.8868151
106.4547579
110.7357751
110.8226859
110.4411234
111.1833793
106.8616629
104.9823625
105.5955993
107.9458916
106.4224063
106.5313135
103.5427765
99.67195763
97.25412673
97.791354
99.77274608
96.03390493
97.35290751
98.08435023
97.53370328
96.16926401
96.39435176
93.57192294
92.84991978
93.90813687
91.51038264
92.32919413
95.53433024
95.17916675
95.17916675
95.17916675
95.17916675
92.28368699
92.76418884
93.80000458
96.26570252
96.01028842
97.97627077
99.49836481
98.71565611
98.90789912
98.56902591
101.5012072
102.9685835
105.5392085
107.4601416
106.4469738
108.4328919
109.1645284
110.1935638
110.3187613
107.2894018
111.6502502
112.1561825
111.896982
108.4720239
109.5358061
108.4385275
107.3061148
110.6003455
110.5579027
111.3280723
111.3280723
111.3280723
111.3280723
116.1386207
116.238916
118.8900767
117.1850383
118.8063534
118.3242665
119.7111072
125.7951686
129.6173103
124.2232879
126.5991867
131.1711044
131.3575357
133.8240261
136.6409779
133.2999016
133.1642607
134.9339495
135.4757028
137.7915653
139.7095045
139.3832761
132.7927189
134.4340578
131.7597033
133.8581565
134.9146477
132.4700127
129.7408171
130.0175231
127.2391749
127.2237299
125.8571069
127.7365482
126.9200614
127.822103
126.1648965
123.8036677
123.902378
125.970681
126.3190466
126.2664246
125.5179519
128.9916576
129.4613286
130.2892627
129.3397943
130.4134035
129.9204682
129.2793705
132.2668684
133.9498224
133.9498224
139.1522887
139.9287102
139.3393716
137.3699375
137.9296894
138.932766
137.9569514
135.5236579
135.5236579
141.2933608
143.420573
142.0861959
140.0327567
139.5626806
139.844441
137.9702478
136.7228168
133.1246004
135.0153305
132.6201651
132.545353
133.9432711
132.8654352
131.9214262
129.3146632
127.2538978
129.1808011
130.2435442
130.3807877
130.9127844
133.1351319
133.7677938
133.9236875
130.4763808
130.1852162
128.7774007
125.3316615
123.3304392
125.9920609
123.7397393
126.5494529
124.787742
127.7589319
131.8761656
133.6431247
134.1206151
134.6831671
133.309482
134.0518965
131.791914
134.5401472
131.8656166
132.4374849
131.4204955
129.8141322
131.9671095
131.7980955
131.1458676
137.237132
137.2318663
137.2967104
137.3595821
133.4577324
133.4577324
134.3271055
133.7260026
133.088709
131.0715311
131.7560402
129.9847312
127.2203134
127.8029421
127.9563702
126.3302825
126.3302825
126.8687778
128.5341383
129.1910331
129.372639
129.930894
128.6675601
126.0873899
123.7462554
124.0473704
122.3483374
122.3483374
121.0455019
125.5350523
126.259116
130.4144954
131.5740997
129.7865356
128.2590526
129.5171735
132.6631362
132.954072
132.5126844
131.7492071
134.6270405
134.0502586
134.4945168
134.5336663
137.2120361
138.2264544
140.6086932
142.8735011
144.932611
145.1546345
145.3037302
149.6487638
150.6789087
150.8736173
149.5275112
145.8359735
148.9571398
150.1234364
149.5150073
152.494633
155.9759996
158.1377472
161.664797
160.7540906
161.1135688
165.1638803
165.1325325
165.9559933
163.2434403
157.5339322
155.7913293
159.3694514
162.001821
161.4303929
160.7198018
161.8589067
165.0869901
165.0869901
164.527749
160.9320334
162.5762958
162.5762958
164.977854
162.7963996
151.6928867
145.0722848
147.8374951
150.449471
150.3323395
150.2980506
150.376244
151.3922296
150.7545837
152.6151283
147.6718978
149.0436104
147.3121906
147.8585052
147.3246945
150.9271903
154.5894055
155.7928615
150.0497514
151.2791134
153.1459451
152.8202098
152.8202098
152.8202098
151.0734331
155.5008867
157.1724287
166.6286149
164.6543201
158.629978
162.626734
162.915891
159.8859504
157.3110987
154.4894976
155.9858794
161.2060625
161.1190459
156.7014721
158.5938576
154.3720314
153.7269536
157.3093904
162.8113162
165.0877298
167.128894
165.5429597
168.7571831
163.4942227
159.6404513
158.1415512
154.5683778
159.7931222
157.8696707
157.654586
160.0223837
163.3975376
164.6611356
168.0778517
168.3245835
166.8316183
163.6341606
162.5950516
158.1000065
158.1000065
154.2308078
156.0085801
156.9171027
157.7325681
154.6014515
157.9208486
153.8331663
152.6103029
139.4357749
143.2478079
143.1584666
142.9091108
142.9091108
142.9091108
142.8237144
142.5846082
145.0993355
147.0853946
147.0853946
146.3949329
144.7849242
142.1135636
141.3646506
138.1200304
136.0289914
133.6727466
133.6727466
139.6799003
138.4325573
140.7633893
138.9793298
135.2473218
135.7536239
132.5174042
133.046636
130.7942088
129.05622
125.2465645
125.057562
124.434093
129.9988377
132.7156878
134.2144119
138.0727445
138.0727445
139.5573445
138.2031549
141.1875356
141.4816413
138.2932886
140.1553125
140.8380781
144.261821
142.950039
140.9330196
141.0969263
139.5783897
139.2327715
140.1673409
140.7281142
141.6887305
139.6987442
139.8362694
140.3194481
141.2642848
143.1541519
143.4789362
145.5424314
149.867899
150.4647575
153.7578964
151.4174311
153.1268018
153.6496937
151.2330427
154.9605951
155.3754779
157.4268038
155.4760198
152.82817
153.9538553
153.6816755
151.5950569
149.0550048
148.7055297
151.9217256
152.2540827
154.2205934
156.5430777
151.6610634
151.9954105
153.102428
151.9602235
151.4669184
154.497405
156.2583587
155.0303352
153.5241792
153.8529612
154.6977139
153.1502951
152.5600583
152.0392798
150.2557311
151.0959577
150.5490091
150.1411884
153.0242347
155.9051148
154.9054371
154.0540098
152.2412266
151.1313561
149.1715904
145.3658975
145.3658975
142.6179637
141.1857568
135.1039673
137.7113291
137.1401652
132.7166916
129.0173875
134.5470508
132.5055343
134.9385636
135.1951753
137.5367324
137.5367324
138.1808063
137.8888316
138.4025304
138.4025304
135.0242945
133.2964146
131.0279964
130.8160818
128.3537652
129.7022135
126.4311414
122.4329941
122.8313929
127.4117991
128.1742374
127.1707205
128.4259003
129.2207255
127.139038
127.0866802
128.0746993
132.5338001
132.6862948
133.6077087
133.7497248
135.2381816
134.1961844
134.0189813
131.9813393
127.4595605
130.3312828
130.0370186
130.128614
129.7919246
131.491979
130.1069523
127.835646
128.2932534
128.8788584
131.0384926
130.9091037
126.9381128
123.3051144
126.2106149
126.4886417
125.6558118
130.4772262
129.3755096
131.2245541
134.0681339
132.6357685
135.3077455
134.4045768
130.2608207
131.3236343
132.7604201
131.9219722
131.5714756
131.8302182
131.8302182
131.8302182
132.6380756
133.0707985
135.4307945
135.4307945
133.442446
130.6205103
136.7701027
138.4756341
136.9638602
136.9645823
136.5505448
133.4075407
135.0986663
133.9202005
134.0275931
133.6083251
135.6159402
140.5986549
142.5762253
140.975797
140.975797
140.975797
140.975797
139.4826205
137.0723447
139.3535309
140.8340979
139.4000771
137.3000389
137.2691314
138.3296555
136.7594831
136.8070156
135.8141181
137.6142037
138.0200168
136.6822408
136.2236295
136.7273957
136.6682047
136.5719951
135.4337003
136.2397613
136.9617645
135.7864334
136.1839517
132.6756401
132.0951423
133.2871159
135.5686191
134.5687124
133.9389035
133.0993813
127.8112898
124.9735041
124.0342501
126.7458874
125.9315491
127.3185482
124.8887946
122.7916974
118.6838328
120.5787191
123.1842317
121.7886736
121.9658767
120.5219584
121.3017789
120.8888157
120.207459
116.4901563
116.4901563
117.0673079
114.3879871
113.4790419
117.0503484
119.42866
119.42866
119.42866
117.0027808
119.5278106
124.1029863
123.4651819
122.3325931
121.3647034
120.3483304
120.2115272
120.6244552
120.6244552
120.6244552
122.6059353
122.6781937
120.5293903
122.2639978
122.2419486
122.0552884
122.7425272
123.3698705
120.5373682
120.6185378
121.6630535
123.0386758
121.2835866
123.0270524
124.1964838
124.264674
123.2756334
122.3487953
122.3570549
121.8689979
120.5307288
118.3958381
118.1917428
119.222469
121.163919
121.7824392
122.6210985
122.8247711
120.7998972
119.2148434
118.2184237
115.7807451
113.9279494
113.9946075
114.9385108
113.3729173
114.1887173
112.975082
112.975082
111.8591357
111.8608616
110.6761614
111.9882956
111.9882956
112.6985698
114.4608971
113.0227553
113.0227553
110.4228959
111.662895
111.441259
112.2624304
111.6511659
111.8278055
111.5391592
111.6356153
110.7839591
111.2804166
111.1212473
109.7651557
109.7651557
108.1627197
109.0789559
108.6114159
111.7117306
112.8558371
111.9527036
110.0223309
109.2856577
108.311111
106.7131659
104.0838783
105.3562466
103.8449306
105.7410144
106.4132485
106.0445244
107.6012243
106.480206
105.3391286
105.0614716
105.6107625
104.9881213
105.8885251
105.4700496
105.182372
105.0298773
103.5286172
103.3419921
103.9636119
102.6683491
99.57918225
96.99894157
96.94596732
97.2602554
88.29374647
89.59445109
88.91695123
85.09449247
83.78378474
85.2761512
83.26647564
79.85166152
81.99310348
83.05346913
82.84532328
85.94178115
87.42597605
87.42597605
87.42597605
88.01508569
90.7526289
91.84314478
89.46914796
92.53612481
91.86875135
93.07868825
90.99400694
90.67501669
90.60372687
92.88140847
89.82137039
89.06571238
89.17652156
91.47519562
91.25947698
91.25947698
92.6746539
90.35162366
89.6871032
90.13564086
90.27402905
90.15450237
92.38364772
91.76671251
90.90352099
93.74306782
95.25301018
95.39263115
95.63201913
98.56936052
101.0400072
101.52581
101.8753907
101.1973626
100.9316812
100.7281494
101.2788316
102.1402092
100.9862933
99.06072843
99.97173415
101.5350734
101.1554305
103.9642811
107.2545846
106.8592149
108.1724234
108.3169755
106.9281625
108.3201808
105.9116133
105.4741706
105.5449497
105.9231838
107.1916777
107.8681913
104.2990157
104.6418162
104.6418162
104.6418162
105.9925188
106.5995742
106.6875945
106.6875945
106.5420034
106.8471161
109.3418548
111.9504141
111.4927363
110.3105545
109.3369413
107.8604248
108.1446331
106.755415
106.0802398
106.6477582
106.0813493
107.3726144
105.942239
105.6628914
105.3583071
105.8777647
106.0108696
107.705218
105.1900856
104.8156908
103.6464708
104.2960218
103.1995886
103.4967763
102.0637769
102.5378683
105.2487307
105.2487307
105.2487307
105.2487307
105.8726399
106.6877354
104.6793455
104.9965042
105.3463843
103.8595302
101.9430351
101.3582225
102.2308184
100.6888238
100.4457551
103.0792166
105.7239668
105.3468775
106.6544504
106.9108331
107.5919609
107.3103414
106.9369856
107.2832379
107.04149
106.8590036
106.8039688
105.8635526
103.9617275
104.2974483
104.6235535
104.0787358
106.0823003
106.2601198
106.2601198
106.2601198
104.3093887
103.8166999
104.0300939
104.0300939
103.0772265
103.0193916
102.1688096
103.2728861
103.2859535
103.5741067
103.7106105
106.6005604
107.7777054
108.6413196
108.1341193
109.9394354
111.0962219
110.4593157
110.331001
110.0698105
111.6852963
111.6852963
114.7981854
114.1939654
113.4869141
114.3670475
113.2698218
112.7959945
112.6970729
113.130465
112.14271
113.5473026
113.6391974
114.2795378
114.2795378
112.3909035
112.4858803
110.9998186
110.7282375
110.1203368
109.7474741
108.4042739
107.6572453
106.2258485
106.3298951
106.3712988
107.3164349
106.8825673
106.7100135
107.3384664
106.3004493
105.4278534
105.2420913
103.7437194
102.6598782
102.3229422
100.2591653
101.5047471
100.344632
100.5727489
100.2781677
97.84105258
99.67167586
99.80208621
99.80208621
98.63696962
100.0757454
102.0938567
102.6514072
101.9962911
101.9152799
101.9334898
99.54559784
100.264202
100.2361828
98.38081585
97.14678694
97.80426295
96.69912983
94.79080629
97.39735798
94.71099269
93.16128441
91.52040337
93.51426413
95.0068067
95.67532488
94.73769115
93.31215889
91.42326042
89.39107785
91.84561034
91.55289588
90.88749487
89.54440028
91.01123061
89.72993345
91.72849638
92.30821929
91.67472963
93.37642188
94.14703173
94.36614931
93.58321167
93.35542942
92.27773443
91.59708219
90.85232546
90.61214498
89.49545897
89.11444235
90.19257762
89.17985006
89.356155
88.96524093
90.29635996
90.19958684
90.69393103
88.61837227
86.84959926
88.59870065
86.87476555
86.67649954
85.53595046
84.84392143
84.25379035
84.22881778
85.71084651
86.02242248
83.79794408
83.79794408
83.24294719
81.94550062
82.15183253
81.36283666
81.67002746
82.04931819
80.54302133
81.06739248
81.06739248
84.26514953
84.97207757
86.36191207
86.74497158
86.26501568
86.25687934
88.43401905
88.43872122
88.70479005
90.00084533
88.04696182
87.53456623
86.6244939
86.02076703
89.09239323
88.33048327
89.00498923
89.84121813
88.86800993
87.39880209
87.64176513
87.55939791
88.99556728
90.76324841
89.8893141
90.68759103
90.92298128
91.05596286
91.51277775
91.89678826
91.01785239
90.81442633
92.24492491
91.59341908
92.6388681
92.44120087
90.50378375
90.32867637
90.13340425
88.76135697
88.79150721
88.12017125
88.11800508
87.76185537
87.80762667
87.93609981
86.31661627
86.43531523
87.08056912
86.78396261
86.60642489
86.60642489
86.60642489
85.36100158
84.01813593
84.68202239
84.68202239
84.72596214
86.87082066
87.12267731
86.71325395
87.12199048
87.12103948
87.61841278
88.57858875
88.45009801
89.38565363
88.38338708
86.95820705
86.23359744
86.33325878
86.71575473
87.18672896
86.32978939
84.88992168
85.60134056
84.77116989
85.17863841
85.17863841
85.17863841
84.87604412
84.05774335
83.72041992
83.99580503
84.77379395
84.47783904
85.86279527
84.19144698
84.24428035
86.26196896
86.44674485
86.72412002
85.97249495
84.87750584
84.71565963
83.70446424
83.60608852
83.80748931
84.07704514
85.36133619
84.70488163
84.59039172
83.23593796
82.46844527
81.47655167
81.57520918
81.55537905
80.77263513
82.21979384
80.8242005
82.15868325
84.59306861
84.84173765
84.47831455
83.7596575
83.56225443
83.30252561
81.50640252
81.61351337
79.27047689
78.98269355
79.74270151
79.06284177
80.90968488
81.78936042
80.12134063
77.9484452
77.91884091
78.0548516
76.64978347
77.43520428
77.70523561
76.89211251
76.89211251
76.89211251
76.66632031
76.02920276
75.82331114
75.84962215
76.49468232
79.50746976
78.60065549
78.60065549
79.77612742
80.82127705
80.39577474
79.81374478
79.81374478
80.95221574
82.11828334
81.75408534
81.44786315
81.63031438
81.35691932
81.13589974
80.98079859
80.98567687
81.71067392
83.22831234
84.88083434
84.21293255
84.62205652
84.31791245
84.13079428
85.70505245
85.77833233
85.77833233
85.50738522
86.07655907
86.605333
87.09626063
87.03470976
87.14979844
87.78427432
87.54250885
88.44048233
87.87866994
87.95027676
87.63295957
86.01076392
84.82673298
84.97917485
85.46906342
85.86519039
85.21778794
85.21778794
85.63952147
85.70563362
85.72805258
87.8144774
88.64448957
89.34787777
88.90258056
88.16935911
90.15827115
89.82573795
90.43022209
89.87857132
90.54527555
90.07317421
89.37697134
88.52038399
88.68166665
88.85043403
90.31567936
90.59522069
90.23269575
90.63658922
91.83551917
91.66259556
91.34251342
89.29682313
89.01370674
89.44311872
90.45882256
91.74223306
93.05366285
93.81990515
93.79121663
95.25813502
95.43650046
95.91409647
98.09958385
99.73977806
100.221636
99.98960944
99.71374883
100.0411396
101.3813636
102.2727857
102.836641
104.8743358
105.2387276
104.8264336
104.6306331
103.284844
100.5331767
101.8126071
101.8126071
103.3143251
103.6248972
104.5146287
103.4477293
101.6234284
101.3245325
102.7406604
107.2316902
106.6211126
106.6894437
104.9479856
105.8684661
105.8684661
109.7677974
109.8589173
111.4650516
109.7079195
108.1727052
109.019536
110.3734262
110.7104327
109.6342346
111.3242331
111.0956759
111.2236031
112.1356831
113.1646481
112.2816617
108.3616021
107.9315209
108.267911
110.6739072
110.6606108
110.1738218
110.5853409
111.3763972
111.9253007
112.0928353
110.2437731
110.8253628
109.6787731
108.8049269
107.6511695
109.5874243
109.7105612
107.3079463
106.8762273
105.5086884
105.7849717
105.6303461
105.171911
106.6553134
107.5350241
107.7159784
109.693408
111.2528024
111.1327121
110.8202732
110.7000069
110.6311298
108.962564
110.5483575
110.3737432
112.8461158
112.8418363
112.2885301
109.5519026
108.5690964
108.1603422
109.1022555
109.8572971
109.8577726
110.1938104
110.1938104
110.1938104
110.0209572
111.045044
111.6776178
111.6776178
113.4427982
116.2360278
117.4226123
117.2330638
116.2381411
118.7046668
119.9026457
120.4184755
121.4350246
120.4145306
120.2144682
121.1916566
124.3198321
126.355484
126.355484
126.355484
127.7844152
127.301078
123.6602779
122.216254
122.7343204
119.8075104
121.2487342
121.509326
121.0197544
123.6442166
126.0312633
125.4493037
125.067706
125.3600682
126.0186889
126.6349373
126.547956
127.2702585
127.1936325
126.6490086
125.385393
125.451558
123.9430069
124.5872393
126.8237285
127.0396585
125.3929834
123.432707
123.8113638
123.5400116
124.1932257
122.5074891
121.2750804
119.4931871
118.5863376
118.2293426
118.738304
119.4921481
118.8630612
119.580327
117.3871083
117.9800219
118.8770444
117.1198419
117.3658517
116.685446
119.1386576
118.8357287
119.4828142
120.6711246
120.6711246
122.1178959
122.2325091
122.0084428
122.0084428
122.0084428
123.2961152
120.0361909
117.6783786
117.6286977
117.2120538
117.1191551
115.1805932
114.0915391
116.7422242
114.2526104
114.5097152
114.4701958
112.8432804
112.7956599
112.8508356
114.1928383
112.3086067
112.5171576
111.2440849
106.7094323
106.7778515
107.5974555
105.6694428
104.1514345
99.92428979
100.398346
104.7831102
103.9079608
107.0455582
108.3648778
108.5187814
108.5187814
110.7744315
111.5396699
111.8669726
111.265588
111.570419
109.0751872
109.8268122
113.1329129
113.098853
112.7085201
113.5699329
113.2927514
110.5147203
110.1989881
111.0002765
110.1624626
107.8547364
107.6226218
107.6226218
107.4593139
110.0669047
110.1595744
110.6623543
110.0333202
111.8136285
111.8136285
111.5361829
112.1697078
113.0858384
113.6477212
112.0658726
112.37965
112.8350032
111.4750195
110.1159516
110.2412371
111.340541
112.1515684
112.005079
114.7492617
114.068856
114.4635036
114.2353163
114.0324538
114.2369189
112.977618
113.3070341
112.7868015
113.4184244
113.0790229
115.1549515
115.3104753
115.5355806
115.2710087
114.3781777
115.0655222
114.5547644
113.1524789
113.5384266
113.8028224
115.7083986
115.6822108
116.9781957
118.8749839
120.5696141
120.8416003
120.147634
120.857327
121.1195038
122.6870169
122.7047337
121.7053906
123.5324916
124.431786
123.5824192
122.8033031
123.0101986
124.4057391
124.4087682
123.7480694
125.3087494
125.1926216
124.8243907
125.365193
125.212892
124.4364001
121.8941994
121.5610851
120.972539
120.972539
122.5107296
122.5107296
124.8528327
124.8263631
124.0112324
124.00056
123.0145133
123.0334629
122.9882023
122.3096634
121.1083559
121.588805
121.308524
122.3256719
120.7943673
120.4569558
120.4569558
118.6569582
118.8862374
119.1086483
122.0728114
121.6841868
121.8001032
123.9215565
125.2519535
124.6292947
126.0525903
126.2359926
125.9821282
127.1584631
126.3383132
127.7565016
128.8388635
127.6003614
128.5842948
129.091724
129.1858202
129.1741088
131.5418889
131.568605
131.4506457
131.4783656
132.7957656
132.2391309
132.7029197
133.4366343
132.934823
133.34245
133.6602955
132.0666651
131.5129362
130.5514218
130.807558
132.1315093
132.451838
132.1322137
132.4253685
133.9624672
133.5796366
133.1404328
134.2990157
133.9430949
133.9430949
134.4220822
134.8694223
134.4126779
135.0500596
135.1256818
133.735178
130.6044489
130.145415
128.775393
128.9730074
128.2925665
128.7800424
129.3161778
128.3445898
129.4308614
129.5406491
129.7595554
128.3432337
127.5878927
126.4986448
128.3274894
129.1001069
128.8049797
129.2297071
129.8945446
128.634011
128.5957948
128.6029802
128.9793298
130.6626361
130.8399448
130.8399448
130.8399448
130.8399448
131.8408377
131.6531208
131.9817795
131.1725837
132.5459694
133.0732816
132.5827062
131.4596098
132.8837155
134.0404844
134.1996538
133.8677898
132.4696252
132.5206975
131.0442515
131.2337824
131.9257938
132.9804006
132.0928529
132.3625496
131.8702659
130.8511103
131.8599634
131.7518487
131.8748976
132.0497409
131.6451429
129.9160478
129.8656624
129.8656624
129.8656624
128.493756
128.5411299
129.205985
129.4615576
130.0434819
130.0434819
129.9508121
130.5325779
131.2598644
131.1335399
131.2492449
132.4573503
132.6017615
131.1073697
128.6066609
129.567647
129.9382026
130.8998227
131.801107
132.3208993
133.7855106
133.6531807
134.0656507
134.0881578
134.0881578
133.8526971
134.2116646
134.9079026
134.6897713
135.2786872
134.2926581
133.4070828
134.0034835
133.3536331
133.3536331
131.6435756
131.3602126
131.5246653
131.302184
131.0559805
131.588893
130.2932604
130.2321498
131.7163975
132.7209359
132.5390835
132.6700574
132.1159587
132.174498
132.5739887
132.2947292
132.884508
133.0733697
133.2633585
133.4614308
133.2483362
133.0564982
132.6627664
133.7241535
133.8435569
134.1715112
135.7300426
136.0730192
136.7016834
136.5351879
136.9890617
137.1445327
136.9992762
136.9992762
137.025006
136.3851588
136.6686802
135.9937516
135.7097898
137.2800151
137.3793946
138.9580908
140.9729793
141.7159044
143.1230154
142.6400304
143.2382978
142.715406
144.5178163
144.3521485
143.7351957
144.321875
144.5965732
144.8614269
145.4623712
146.6684336
147.0978985
147.0831227
146.2551358
146.196526
145.1882893
146.7071781
147.178575
146.958207
147.0310995
147.0542229
147.9136808
145.267962
144.3773676
145.3066184
143.0724891
142.2443085
142.1756956
143.159946
142.1002319
142.9785514
143.0769095
145.3761648
146.174336
146.0327426
145.7292501
146.1295509
145.674321
145.8690472
146.1405755
145.1492455
145.0648001
144.4865037
143.6439348
143.6439348
145.1706958
144.8299382
144.3371086
143.9594205
145.1631758
144.4921921
145.0951089
146.4306659
146.6032373
146.8445977
146.848613
145.0990361
142.4734821
142.5391891
142.5547045
142.5547045
139.9542991
140.2913232
139.3118806
139.5232493
140.1023206
138.1702397
138.0101017
138.6757493
137.5753184
137.5571613
137.4714127
136.411188
135.2302566
136.6811841
138.8751248
139.0402643
139.3959914
138.6636681
136.6890387
136.5792333
137.6176907
137.7849259
138.9594821
137.7013612
137.4657244
137.0999061
138.1833776
139.3613679
139.1612527
138.957721
141.4151241
142.0650801
141.9928922
142.0448978
141.1022977
140.0514597
140.7498111
141.3637524
141.1660324
140.1674642
141.1372382
139.3130254
140.0430064
140.5461561
140.0575884
140.5726256
141.3614982
140.7515018
142.1144265
141.9020892
142.401206
142.3273978
142.8394764
142.8394764
142.8394764
142.4004663
142.3494821
141.1746618
141.1746618
141.390627
143.4892916
144.0244055
144.8839163
146.9057963
147.0813792
147.3712935
147.9207429
148.330765
147.8844288
146.4679839
146.0598637
147.6717921
147.1557686
145.6084555
146.8033877
147.0683118
146.9390109
148.9255807
148.9255807
148.9255807
148.4126568
148.0352856
145.7727848
146.4623131
146.6114969
145.6790937
146.0400864
145.903882
145.2905747
146.2350592
146.2717607
146.560407
146.3746449
147.6613663
147.5789286
147.270329
148.9766353
149.1059186
149.9067491
149.1938157
149.1472519
149.8687091
149.549032
149.3213378
147.1822557
146.3766878
146.4717174
146.2438823
147.2267062
146.8530158
148.6863864
149.0273906
149.606004
150.2315334
150.3696222
148.7297098
149.7990747
150.0542775
151.471374
151.3552815
150.5689977
151.1484036
150.6915711
152.684252
152.9725812
152.9725812
156.2960993
156.535364
156.6804268
156.2338792
154.9737858
155.818292
155.818292
155.818292
156.9397506
158.2635082
159.4725997
159.9202568
158.7469511
157.4078542
157.7240267
158.5336804
158.5402317
158.5402317
160.2503949
161.487858
161.2780743
161.2780743
162.6999259
160.3646559
158.9990191
159.9032093
158.4911495
155.0142034
153.8245545
155.0155418
152.2240029
152.3391092
148.9440371
148.5699593
148.3909246
147.1174644
149.1820514
149.1068872
148.1396315
148.1396315
146.7107708
147.8496292
148.7026063
148.851068
146.9207306
143.2885072
144.1258984
143.9344655
140.2992306
139.5817359
141.2232861
144.5075138
143.6071276
142.5005856
142.4272176
144.23234
144.1637095
144.2193782
143.7773038
143.1004204
144.8701092
148.6037022
149.2547325
149.5500534
148.4665116
149.5926724
149.435088
149.908158
148.8700528
149.0423953
147.6633211
146.3411133
145.1152912
145.3819236
145.1819669
148.0813916
147.8812236
147.9699132
148.6200453
149.2863445
150.9139996
150.6899157
151.240545
151.1965877
152.3259713
152.4344734
150.5766762
150.7734276
151.2815437
153.2461348
152.2316461
152.9372357
153.6923654
153.8389604
155.7571814
155.8682195
156.216409
154.1386136
155.0773569
154.6463775
152.9583867
152.8421181
151.9943187
153.181273
154.8616911
156.3832391
157.2543381
158.0949873
157.3390123
156.1324568
155.2822975
156.0187065
154.2081599
154.7445947
156.1094919
156.185977
156.9732469
158.6314573
158.8870652
159.1229133
159.7257596
158.836486
157.9779086
156.5953827
157.7851373
157.6698196
157.4496454
157.4496454
157.8501399
157.8202186
159.6057398
159.7008751
158.3093851
159.0764199
158.8931586
158.9624408
159.4678271
159.3136418
158.9065783
159.0962325
158.9053631
160.2829403
159.9750098
160.3530325
159.9796944
160.710415
160.2512227
160.2512227
159.91323
160.8526072
162.2020242
162.6392732
163.3423267
164.7273886
164.280436
164.6822337
164.7338695
164.3060249
164.6500934
166.6076929
167.1791738
168.2461964
166.6606848
167.7157142
170.068384
169.819803
169.7082365
169.9895918
165.4037438
166.6087496
168.5343496
166.4744295
167.9172735
169.6648075
171.1462903
169.825826
169.5076459
170.7802079
169.9182492
168.8739273
171.4781015
174.118079
174.1514873
172.22513
174.0251099
173.6984236
174.2401593
174.2401593
174.2401593
175.3062134
177.6064901
178.8021443
178.8021443
181.5438614
180.7976429
177.6822531
180.4691955
181.5316745
181.9518935
179.1934106
178.8132393
180.9340235
184.8335133
184.4754968
185.3038887
186.4056757
187.0022877
189.8195388
188.4754932
186.9800801
185.2575891
183.2691525
183.5892875
184.7694968
182.4019809
185.3078864
187.8537678
187.1074613
188.5105218
188.5422394
189.4104149
189.4275505
189.2328243
184.6094646
185.4203863
187.8047561
188.3301663
188.3301663
188.3301663
187.5320831
188.7248315
187.8735451
186.8739378
183.4368809
177.7528209
175.0940698
175.6581364
168.7151102
172.0422561
172.4845418
174.9427374
176.6315207
177.9468602
177.5023555
172.6099154
173.5219074
172.3166902
174.6915324
175.3722023
177.3384488
179.4066285
179.4020496
180.0445033
179.4708915
178.18852
180.0882141
180.0406641
180.6918177
183.2196477
185.5648855
185.5648855
185.5648855
185.5648855
186.7108765
186.9492782
185.8058937
184.4500663
186.6329472
186.4445963
185.6306455
182.2771533
184.2974307
185.5327452
185.4519806
185.522566
186.7384026
185.8252836
183.6237701
183.6237701
185.4104888
187.797694
189.7356395
189.635168
187.3526257
189.1153581
188.5912159
186.212693
189.0116638
187.8528696
188.7508607
189.9308059
187.9875243
188.0715117
187.196556
186.8777066
186.8777066
184.8501205
184.8851843
184.5560676
183.2743126
185.467496
185.306319
186.3232733
187.0532014
186.6691381
186.3400567
183.2658593
183.9211515
183.3933638
182.9420964
184.9578654
185.4312171
187.600467
187.600467
187.8759226
189.1844113
188.1490535
186.8022077
187.0964191
187.0712528
188.7170826
188.107456
188.107456
190.6081649
191.9414501
192.9969903
196.8093226
199.7941788
199.2386712
197.0277005
197.9047872
199.9657464
198.4029178
199.2869257
198.0142756
200.1019684
202.2352036
202.7357293
204.3047217
204.1614024
202.8816374
197.3080344
198.0361838
201.423912
195.7333359
194.7651997
194.5946536
190.0519176
190.4230368
195.3674296
194.8583273
190.5729074
190.8992415
191.6577701
186.2251265
180.4158514
176.6774329
184.6850867
186.2001011
191.2172455
196.0721387
194.4603336
198.5429615
196.7709304
193.1537645
197.1936501
201.3511429
201.3060408
202.177034
205.184362
204.995923
205.7164292
207.3703249
207.5724478
212.6074675
214.886012
217.8756408
213.9246033
213.2967316
221.2627527
221.9289462
223.4721207
227.2442997
225.5329742
225.5329742
229.598079
230.2910414
230.2910414
236.6862561
229.2794233
224.7261206
231.449272
231.2306124
235.8098739
237.0767827
239.8030196
238.3125904
239.6636452
234.4410846
235.996358
237.391018
237.391018
230.5256392
235.5247498
235.5960572
241.4878756
249.6531842
260.3000583
257.867663
254.7103059
256.2249152
248.0760026
238.8232601
244.8935672
248.3565477
242.5419541
243.6151406
238.3429343
239.5037362
246.7285228
243.3969741
234.5181157
234.8486588
234.7216298
226.4180916
220.8650583
224.3290779
232.8568762
230.5507526
233.6908332
243.6661424
245.6201668
247.4058113
249.1041751
252.2925102
253.4987487
245.3156353
245.0109629
252.0399491
246.2475102
241.5894742
241.2760138
230.7845403
231.7501581
235.1411619
235.3120251
242.1899958
245.6436425
245.6436425
245.6436425
243.4391879
240.7693419
246.4505841
246.4505841
245.4902848
241.5607152
246.7357434
246.211425
243.7176021
246.9107451
242.4344382
239.3818496
237.0376156
233.0275103
222.2333192
225.3581486
226.0245886
215.2747599
201.4423157
216.9373379
213.2162839
225.6914038
217.5139084
220.6025998
217.0033267
217.7176338
216.9225974
221.9772006
219.7404825
210.6371176
210.6371176
210.6371176
205.2505446
207.5218862
207.4800774
213.8061861
214.1815143
211.8797759
213.0213993
209.1547894
207.8198488
204.366572
203.7578083
208.0476663
212.7649813
214.3522541
212.3943201
207.1479845
203.8927447
203.4869845
204.1838566
197.3405621
197.3053927
200.2805452
202.6205349
194.9690661
193.9188092
185.2072917
186.6446762
190.0158852
185.2490301
185.2490301
185.2490301
194.940131
196.4992436
197.1391965
200.6734317
198.794642
199.3714591
204.476166
207.2955481
207.2955481
207.6524727
207.0007907
203.9906097
204.0481981
206.1241972
201.0858665
201.5027746
201.1551311
203.413916
203.3142898
207.4727512
209.3040613
210.3708726
212.6074675
212.243745
213.3020853
215.2863833
214.1475425
214.1475425
219.3114932
219.5594226
220.0926521
215.6843418
214.7609202
211.9740835
211.9740835
215.0105931
215.1000048
216.2536565
215.7384608
215.5415156
211.4095942
212.9756984
209.9137583
209.5827573
208.2889562
208.7729627
209.4437879
210.7003767
211.7365623
211.7014105
210.070603
209.4818632
210.9693161
211.1874475
211.1874475
203.6044507
203.1295492
199.9509178
197.0269433
199.880033
199.8845943
200.7862838
196.6019869
196.7112815
195.9218101
193.5859942
193.6334386
192.4080391
188.8731876
188.8905522
188.8905522
185.372079
182.0395264
183.0858384
186.5098279
180.6318166
182.7595571
182.5432397
185.3129232
183.5582743
176.9586297
177.6530539
179.7327336
180.8431853
185.9951957
185.5930809
189.0737959
189.0625072
187.8378121
187.6649061
183.7087437
186.0367403
186.2000306
186.7711945
183.8987325
179.41915
179.41915
180.334171
180.5719388
181.5652941
182.6388505
181.1167741
180.4845348
178.6441021
175.8571245
170.9165004
173.9070802
169.3981223
169.3981223
174.611983
174.6867774
176.7658232
173.40821
175.7759196
172.3289652
173.7166688
171.4812538
169.5616944
166.2450271
171.985337
170.1230489
166.7084285
163.2196653
164.2969728
164.2969728
157.9269772
154.4445012
151.1652751
157.5348832
158.2489262
152.070293
151.4069173
151.6399124
149.4081606
144.0400442
143.8035268
143.8035268
142.3412578
138.1411285
132.6934802
132.6934802
122.8366762
125.8519292
116.1937787
126.0991013
130.3436987
124.8804997
119.4954766
115.7619188
121.0588159
119.9012897
115.3901128
111.622178
105.8045553
93.3158044
103.5962263
106.403034
116.2006118
112.7317668
116.8723352
116.8988047
120.8160465
115.4209674
119.5136865
118.9021931
112.3959755
111.7232835
106.0099362
107.5920665
107.5784355
102.8491273
102.3018793
98.62605072
100.8932185
99.53869428
103.4677179
106.5937449
107.1413451
111.2949106
111.5426286
106.6711634
105.9502345
104.7525549
106.5370018
115.1656766
113.8736895
119.3757914
120.656525
115.1761905
117.9457331
117.9334757
118.5512035
120.0457889
118.1771785
115.8640104
113.6466645
114.2226891
114.2226891
114.2226891
115.3265366
113.8811038
115.4363067
115.4363067
118.6312108
121.5682176
123.3337677
122.8613494
119.5142853
119.1208528
117.419953
115.1697272
115.2007932
111.4544321
112.2733493
113.7242415
111.7684912
109.5311215
109.8674235
109.6521275
109.6521275
109.6521275
109.6521275
113.246804
116.0263145
112.4032841
110.0066922
110.9480067
109.4888724
111.9176574
112.8361655
112.7668657
111.2300136
109.8539686
111.3753229
111.1029493
109.0002342
110.1411708
110.2000095
107.9463671
111.8032028
109.2105462
110.5692091
109.9942236
110.4509152
106.0776862
105.3155121
107.410355
105.3574441
102.4736406
99.98212471
101.0743665
103.2009447
103.5737369
107.2616115
110.0603533
109.4387688
110.4516724
111.812748
110.2943171
115.8452194
119.1744082
116.9295361
118.7560032
118.2911224
114.4632042
114.3594923
114.4066901
121.7930764
122.8980862
125.9481035
125.6846588
123.2616502
125.1802586
125.1802586
125.1802586
129.696261
129.462262
128.5590932
129.8332931
131.5398637
129.1808011
127.128577
129.907207
130.7385576
127.2270408
124.2381165
127.39808
133.0628206
133.0628206
138.7311539
138.9447944
142.6349937
144.136377
143.8497736
141.4531289
140.9232102
142.3937741
138.0491984
139.8587764
143.173894
145.8331029
145.1057636
142.7868896
142.7081503
145.9254556
146.7087983
152.8387543
152.8387543
155.7790896
159.6859585
157.0237733
160.8490322
160.1161806
162.1444006
157.5105799
155.1784447
158.9825351
156.9636313
156.991633
154.1747164
150.8760476
150.0038392
148.9234673
149.8092011
150.6027935
147.2836077
149.933201
153.6315366
156.9178247
156.0072241
153.0211175
153.0211175
151.5367817
151.5174975
150.7970265
150.2300893
148.7502972
148.800031
148.8274163
146.1867695
150.6092039
154.6437182
154.8173639
158.4999023
163.6707389
164.7034551
163.5361724
168.1142363
167.7505138
170.1674818
172.814539
169.0949997
171.0430891
174.0703353
175.2506327
173.636362
170.7038813
171.3580817
166.8113655
170.1226791
172.1828457
168.8239821
170.4996275
171.1362872
166.1472325
167.110103
164.9266233
168.7835998
168.6742524
170.6523512
169.3799652
169.098293
167.2988238
166.5353992
161.4581833
162.6599134
160.5197923
162.4743626
166.5056717
168.2747793
171.0925059
170.8162227
172.4448111
172.8300368
171.0419268
170.2264086
173.3825329
176.0912644
173.6131682
173.4444184
175.5610639
175.0592526
171.9949703
171.9335955
169.2881585
172.3623559
173.9830194
173.9830194
169.2612311
167.9488679
169.53128
172.7293364
175.3555774
176.0220703
174.5965204
175.2078729
177.7366362
177.9119726
177.613059
179.4013627
183.303459
183.7758597
182.2218896
183.0201137
183.0201137
179.706493
177.3489802
174.0041175
178.4223605
176.3117908
173.9997147
176.0960017
174.4689983
176.5663772
178.6525379
178.6232153
179.3289106
178.8764457
178.6656934
180.9660053
180.0657952
178.9889455
179.0138828
177.5053494
178.75035
177.1690826
179.0457414
177.3028039
171.4057021
175.5955465
178.1851211
179.1847636
182.2586792
181.6014321
181.106859
180.2922213
178.7257825
178.7187381
179.8514326
180.5853937
178.9239781
177.5271519
174.835697
174.0087668
172.4591994
173.0861378
175.2203768
176.042323
176.042323
175.798638
176.83308
177.5428435
179.2510518
179.2510518
179.8335925
182.9014323
183.5193009
183.5210268
183.7094306
184.5842983
184.9689604
180.2817956
180.1372611
179.2190876
178.6998589
179.4979421
177.3382374
173.6660192
171.9580397
172.1643364
169.2204437
167.4814863
168.6582086
167.7027701
168.9505709
169.7162144
172.1843427
170.2971172
165.5734093
165.4549041
167.7809458
168.3581327
170.4893955
171.7099166
171.7099166
171.7099166
172.9075258
171.8813961
168.5532463
171.5531424
173.6763041
173.5184027
172.9877973
174.086696
176.9372146
177.1120578
176.1886362
175.6521663
177.191889
180.6901623
180.780296
180.7038109
181.227143
181.1088667
180.9234568
180.5179783
184.1313226
183.870044
185.014626
181.7553181
182.4602737
183.1047879
181.4436189
184.2923235
185.4365357
185.6628034
183.2621257
185.6425858
185.6425858
185.6425858
185.6425858
187.7761028
186.9867899
188.8853745
188.2617823
188.5883277
188.9362002
188.1327984
185.5032642
183.1063905
183.2460115
183.7805971
182.6971081
180.9021649
183.5976176
181.105591
179.0360729
177.6830808
178.0062097
176.5400133
176.1150922
173.1861689
170.7998443
169.9801875
171.5522267
169.7589742
170.2116857
172.3112308
170.4516548
167.5749133
167.7281477
166.0768937
164.7711347
164.7711347
165.6834084
160.8924436
160.3833237
163.8007619
165.9456204
165.8411688
164.4128364
164.019897
166.1858889
166.1011266
163.7136044
164.7098127
165.5325515
165.1932556
167.7026292
169.244976
169.2570396
169.2570396
170.3655364
171.1033192
175.5971315
175.2611289
175.5753642
175.5360385
175.139665
175.0987896
171.8670959
170.6059459
170.6059459
169.9165409
170.0068507
171.1586709
170.1737337
171.3885137
174.0943745
174.3695835
173.8180384
175.6697422
173.9698638
173.9476562
172.4299826
174.0585006
174.0330173
175.6448929
178.0699619
179.0239564
179.1567795
178.8931058
180.1147012
180.010778
182.764048
183.4375149
184.5241739
183.9877391
186.3742222
187.8844112
186.1510189
186.245573
184.874283
184.9003475
183.236343
183.2918357
183.2995669
184.0206719
183.0985184
183.0784769
181.9143642
181.8177495
181.7134213
181.7393272
182.1973573
181.6487532
182.952575
184.5044847
184.9086951
188.9233617
189.7903924
187.9719737
189.1776311
190.1974207
192.6500688
192.4248049
193.874165
193.7600273
196.5228953
197.8274392
198.1642695
200.029076
200.029076
201.2028748
203.7722847
201.7980955
204.190813
205.9196792
205.9196792
207.96426
206.944576
208.3888994
209.6780511
211.4058078
213.6317655
212.950268
214.1976989
215.6721901
214.7147791
212.9782696
215.9939101
214.4851477
214.2439281
214.8239152
215.5900518
214.5176226
211.1067005
210.9835988
209.8947735
215.5905802
215.5243447
219.6219597
223.6645751
225.7044361
227.7726686
225.1582271
224.985691
223.9814344
221.8164815
220.9471261
219.3229756
215.0723553
218.6643197
217.6588479
215.475738
210.1995164
212.0826737
212.3087652
210.9667449
213.8653066
213.6436707
217.0112694
217.8888844
216.8596728
215.3947973
216.8073678
215.8928927
215.9945089
215.0871134
216.7599234
217.4333903
213.5839513
211.1194333
212.2876671
211.2772818
214.2285184
215.3255152
214.2832185
214.0377019
214.0377019
212.5928678
215.8880496
216.4986977
215.06082
220.4843058
224.1527906
225.3113734
225.9594627
225.0677588
223.555615
225.8876974
225.9324649
225.7326315
225.9520484
225.9142726
226.0592473
227.7905791
225.5464819
224.0257968
223.702439
223.4016762
223.5676258
223.1442016
221.9674793
219.3310239
218.7803242
223.3165441
223.3165441
223.3165441
219.9959494
217.6036018
214.1873436
209.4217036
210.699003
212.0413403
211.2136528
212.1210659
212.0485257
213.8935549
213.2116874
209.5473589
208.224975
205.5152046
209.7207052
211.8137518
214.5893527
211.0268517
211.0553817
213.857681
212.3522647
216.0882705
216.6517559
215.2585049
211.977817
211.7049679
205.8723229
206.59931
202.5995777
203.0368795
206.5799554
207.520266
208.6451588
208.7703563
209.4683555
209.5472181
209.4400192
213.372794
213.4647945
214.4608443
219.126189
219.126189
220.9527969
220.1083612
221.0965565
219.9684233
217.9043117
219.4222319
219.6568297
220.0871751
219.8850346
217.6151019
218.3484114
220.0056708
220.0056708
220.0056708
218.2259613
218.0235919
218.0659642
218.0180972
218.0180972
217.405688
215.3121483
215.3727834
214.6602198
216.6230322
216.6230322
216.0937123
213.3998271
216.1966845
213.7386298
212.4921851
213.6477212
215.920278
215.1817027
210.8949092
211.2865101
211.3555104
211.8014593
212.9953172
214.0520197
217.8675749
218.003797
216.1504377
213.6985645
213.6985645
212.6430419
210.974846
211.532467
208.879598
208.672368
209.0551281
207.8097928
204.7301888
202.6906096
200.2704012
202.5504779
203.1731015
203.3526116
206.1204636
205.2128392
205.1480303
206.2914148
209.22342
209.22342
212.4668955
212.5549511
211.4076394
211.12801
212.8912179
209.8215641
205.2729107
206.3140979
206.7151383
205.817658
205.5112597
205.8435287
207.4856073
207.7118574
210.8690912
210.6870275
212.3656315
213.0406482
214.3291307
213.8169113
216.5286542
215.0671952
211.3799723
210.1024615
200.1086782
197.0698439
189.2108809
191.8674834
190.6315877
191.492613
194.850508
195.0528422
196.95155
195.6856978
189.4178644
189.4690423
192.7909225
190.9162891
193.1682408
191.5721448
193.2803884
196.3774979
199.953718
200.1800209
196.2021792
191.9411155
192.7046809
195.7853416
195.0352663
194.0646469
187.0697911
187.0697911
184.4991661
185.9670355
187.0687697
182.3821508
183.2114233
182.0853153
173.9481317
172.9683194
168.9609086
174.0656684
170.8866671
170.8866671
166.2787347
159.3227115
153.1158829
153.1158829
162.2600529
169.2493612
169.6877724
173.2997431
176.0995768
179.7644865
177.9587829
180.7428019
172.7567922
174.7441016
171.8435146
172.493365
178.8673759
179.7807063
179.7024601
184.8787386
188.8726945
186.4412326
183.7599217
186.1753046
181.5280994
186.3325367
186.1776469
185.5812991
187.5299697
180.0216265
180.4809773
182.2859764
181.4134334
178.1144476
177.1393374
175.3823286
172.0315133
173.5160605
170.8488737
171.1355475
169.2153541
172.6078901
174.3169967
172.5459694
179.2335816
178.4547297
179.3789614
177.4949412
179.8844006
178.6736184
174.8762026
174.7595642
173.5255705
173.3876226
170.071871
172.3440931
170.678715
171.1561701
173.6006115
173.6882268
175.6556709
175.6556709
175.6556709
175.5557806
174.9920662
175.3454862
175.3454862
177.9259206
178.2156059
177.9071471
175.9377658
176.7671616
178.222034
178.5896133
179.0729682
179.7664061
178.6272307
182.4140974
182.9857015
187.807521
189.2689271
189.2689271
189.2689271
189.2689271
193.0109911
193.2105779
190.4781772
191.6332554
191.2375335
192.9104844
193.8955273
193.8985036
193.5939016
196.4447196
197.3209962
196.1933032
196.7675843
198.5923606
203.0467769
201.8928434
204.2172825
204.427665
204.7392233
204.5026355
203.1475654
204.1611206
203.3090241
207.0233858
208.0132894
205.8619323
206.6820999
205.3373498
199.712111
199.7579704
202.3175708
202.2498032
202.6037691
205.1387844
205.6176837
205.5815457
206.2767095
204.652647
202.8922569
200.9760084
201.5549916
199.1264707
200.603269
204.1279237
203.1328777
201.6251719
198.0830294
198.0347397
199.7263936
199.7263936
198.4602068
198.4602068
198.4602068
196.1130845
194.3962643
195.6205015
197.5678512
197.1636232
196.7204217
198.6977984
199.8580191
199.5557066
196.7163359
196.857718
197.1262348
197.8844112
196.4571178
199.0415851
199.0415851
201.3344299
201.0816927
200.147229
194.8240561
195.1856829
193.0861025
191.5879244
189.1533453
186.8916898
187.8796385
183.0014635
182.1839728
180.6124796
181.7383058
182.352388
179.4863892
178.7996612
179.3145223
179.7220789
182.6293405
179.8760881
177.9683458
177.6608556
173.7719853
174.9870294
177.5549071
179.2100884
177.3948924
181.2588782
181.2066612
181.5217594
180.0178401
182.3003823
183.3369554
183.9495582
184.937049
183.0518313
181.3649148
180.7800494
181.0185745
183.1049464
181.6689708
185.2833541
185.2833541
188.0639565
189.421457
190.4481326
192.1570983
188.5047805
187.779942
189.3670035
186.1377401
186.5526581
186.6369274
189.9732487
189.0835701
190.9043487
191.083172
187.2888206
186.1964908
185.2603716
184.7429393
187.3066431
190.6110179
191.6986103
191.8303943
191.3654431
190.7573663
193.6264822
194.810883
194.8295331
196.811207
193.992952
194.2981704
195.6169088
194.1567355
193.8593717
195.8650319
195.8749469
195.7042247
194.1637799
196.4950169
194.7797641
194.651696
194.1831345
194.3625919
191.9812512
192.5771235
192.9632121
192.0129336
190.0995733
189.3223064
195.4955682
196.9763465
197.2893314
199.7987929
199.7702805
204.9121117
205.4147331
205.541269
206.7348804
203.9861717
204.1858819
204.5658947
204.3424976
203.4146732
205.4817082
206.9735816
206.9735816
206.9735816
209.0667338
207.7947353
208.5353182
207.49871
207.7983104
207.3314924
205.021283
205.3473001
205.6609542
206.5943965
207.7592137
208.369985
208.0757032
209.5082623
209.5082623
213.1391296
213.414867
211.8382313
208.756602
208.5037943
209.8182356
211.4390752
214.608901
214.3990117
214.1769354
215.1842564
211.308524
209.7070918
210.7659077
208.9158241
210.6986332
209.0466924
209.0427475
209.9231979
209.460589
210.9548574
213.2614917
215.0489677
214.6887498
215.0099591
214.3517434
216.1642625
215.8962388
214.4303771
213.0775435
216.3803685
216.4846264
215.8845802
216.0685108
216.5375126
217.6359887
217.0279647
219.1084898
218.004519
216.5717134
217.5021265
217.7469387
216.9100054
217.0740706
217.0740706
217.0740706
217.5053318
217.704584
217.7603408
217.7603408
222.8887875
222.2152326
223.3496354
224.441296
223.5544527
226.0768585
227.1835766
225.6278805
225.7467732
226.5090178
226.8044267
226.442254
227.8969327
228.6327429
229.0636519
229.2691032
230.572203
230.2915521
229.9945582
230.2954794
231.6446851
230.5837559
230.5728722
230.4802377
226.0680881
227.104802
226.7842092
228.3839682
228.3839682
228.3839682
228.3839682
229.4361975
229.9509882
229.8921495
228.331399
229.7290881
226.3862859
226.0775101
226.0489448
223.4830044
225.9313025
228.9973636
228.7235987
225.6474289
225.5393318
226.9656918
228.1769847
229.275637
230.1079914
228.5320954
226.3271301
225.7424233
223.8249771
219.660845
221.1292251
221.3658129
222.2912422
221.6790267
222.3190853
223.456077
225.3632206
224.9353232
224.9353232
224.9353232
226.4595657
226.7518751
226.7518751
220.2320794
219.6590135
220.503185
222.5548983
223.551811
224.1582852
221.9944067
220.8229325
221.2306124
220.8721908
224.0302348
225.0642718
224.1980335
227.2325883
228.9922564
229.7223254
229.6458403
230.289791
230.289791
229.2885987
230.1413997
232.6474271
233.7139919
234.7566231
234.3655681
235.7943408
233.4185477
232.7739278
234.0626568
233.883358
233.883358
237.9379842
236.7743645
236.0705185
230.1389165
230.1317664
230.6176044
232.0451796
227.4831946
224.5801773
224.3794985
223.3759992
224.108164
219.3328379
216.6783311
214.942667
216.1937435
213.0725948
213.0725948
210.9299905
213.6170955
217.3564297
218.0477719
216.3062609
210.9447662
207.8707625
203.7218993
204.7997175
208.6134764
209.3988267
211.5229746
211.5229746
212.1948917
207.5544316
209.3627768
212.7474759
209.5118197
210.6339828
213.1851123
217.8445044
216.55692
215.7233328
215.7207087
215.6417229
215.0243298
215.0117202
216.3276937
220.1781189
221.6922879
220.623557
220.2650122
219.6838451
220.4452796
220.2817075
222.8527376
224.5692936
224.3405604
222.4159465
220.0936559
220.4105152
221.447053
224.2093047
226.2747899
226.2747899
226.3015588
226.1310831
224.2937324
219.1429195
217.737147
217.1465932
217.5189452
218.6047941
217.0315574
213.8930794
215.5167015
216.7519632
220.3223892
221.8521265
221.398464
223.7130585
222.6825261
223.2307779
224.0764287
224.6240114
223.7557126
223.3541438
226.774435
226.5449797
227.8371781
232.6651439
232.6651439
231.1195566
229.8171437
230.4070106
230.0782638
231.0825557
228.7019018
228.7019018
231.2411966
232.6636117
231.6424837
230.4213989
231.6394898
230.516182
230.4733165
232.7373143
232.7373143
233.6612642
232.6132087
232.4820587
236.553433
236.7485819
235.578992
234.6890668
233.0002835
231.615204
231.7185285
230.07092
234.6030013
233.1923504
234.4170807
233.7731828
231.1928541
231.0976132
229.9902258
229.176592
231.0470516
229.2251635
226.9001784
228.2859095
230.7157688
234.4055806
233.4308931
233.7467309
233.1159358
233.9873869
233.6633951
234.467924
235.3203903
235.1783214
235.1890642
236.7467503
236.7599234
235.280325
235.0992123
234.1356373
235.3120955
234.3598269
230.7612583
231.7992579
231.7869125
232.0923422
232.6402594
233.186345
230.5657573
230.5815897
232.0336619
234.1330485
234.1330485
234.1330485
233.8488226
234.1906897
235.478186
235.478186
236.3299655
232.3034995
231.4724659
233.0164505
234.5740662
233.2769367
233.5305192
233.2030052
232.5637391
232.8648892
233.8636688
237.39292
235.6013406
235.742071
234.4524614
231.334835
228.3965602
225.0661738
224.6645874
223.6650506
222.5992431
222.5992431
222.5992431
218.9099068
216.2508916
219.3556795
220.8071177
220.1358346
223.7205256
227.1484248
225.8727632
226.403351
225.7621301
227.2100813
227.8628199
226.3321317
228.2870014
