100
99.986
99.986
100.892
100.532
99.556
97.995
96.353
89.819
91.407
90.553
88.915
87.82
86.269
87.916
87.787
87.276
86.803
84.247
84.619
80.556
77.127
78.9
78.027
78.768
78.661
77.845
77.217
77.42
79.137
77.938
77.965
78.709
78.558
78.896
80.411
80.886
81.035
81.374
81.29
80.621
79.586
79.171
79.312
77.911
78.364
78.206
78.547
79.267
80.021
83.326
84.298
84.298
84.675
85.14
86.155
86.976
87.182
85.17
84.51
83.272
82.758
83.095
83.061
83.167
83.278
83.756
84.025
84.276
85.411
85.637
85.174
85.289
85.139
83.243
83.243
84.289
84.584
85.529
87.504
89.234
92.468
94.106
94.863
96.058
96.058
97.461
96.976
98.141
98.878
97.869
96.474
97.563
98.481
100.029
102.52
103.018
101.942
101.632
102.555
102.763
102.581
101.805
101.082
101.739
100.381
99.773
99.559
98.643
98.717
98.717
98.178
98.242
98.331
96.708
96.781
96.72
96.634
97.196
95.505
94.856
95.95
97.087
97.708
97.819
97.601
97.309
97.256
96.789
96.884
96.211
96.251
96.9
97.361
97.7
99.038
99.005
98.894
98.639
98.639
98.271
98.301
98.445
98.259
97.93
96.061
96.655
96.348
97.891
98.177
98.656
99.456
99.978
99.226
99.402
99.597
99.342
99.921
99.453
99.889
100.029
99.096
100.136
99.907
99.999
101.4
102.212
102.027
101.611
102.416
101.904
103.065
102.885
103.946
105.072
105.34
106.043
105.68
104.379
105.918
105.763
105.802
105.868
106.078
106.409
106.177
106.388
106.815
106.861
106.845
106.41
105.694
105.035
103.445
103.374
103.47
104.024
103.698
103.435
102.737
102.534
101.346
99.304
97.788
95.365
91.439
95.17
94.991
94.069
93.646
93.646
92.504
91.64
90.007
90.112
90.675
92.111
93.083
93.095
94.499
95.252
95.772
94.923
94.056
93.935
93.832
94.509
94.674
93.45
94.327
94.06
93.897
93.146
92.664
91.891
92.642
92.637
92.481
93.13
93.242
92.814
93.035
91.388
92.018
92.055
91.8
91.885
91.549
92.61
92.058
91.198
90.606
92.282
92.785
94.491
94.491
94.491
96.066
97.356
97.553
97.553
97.553
97.553
103.911
117.396
123.492
122.136
121.439
117.027
115.694
116.072
118.228
117.697
119.111
120.204
120.475
123.522
125.918
129.473
131.056
135.406
144.041
147.979
148.997
146.966
147.098
145.84
145.805
148.774
151.723
151.47
149.822
148.625
138.067
132.371
127.599
124.662
128.611
134.995
143.684
151.76
148.571
149.836
148.706
151.345
154.582
161.279
163.014
159.505
153.361
147.736
154.368
152.78
158.994
158.994
160.312
155.736
153.738
152.516
148.731
150.558
149.224
148.554
146.292
148.972
149.386
147.076
147.307
147.886
148.877
148.877
147.736
148.465
145.641
146.157
148.882
151.538
148.745
150.559
154.308
156.024
156.008
154.693
155.916
157.771
157.68
156.165
156.165
156.526
162.855
164.675
166.614
171.788
174.258
170.077
173.637
184.178
179.873
178.062
175.268
176.795
178.511
177.918
174.859
174.88
174.88
173.346
174.736
174.351
174.391
174.487
174.99
174.489
175.029
174.365
176.65
178.957
181.768
184.475
182.98
182.352
178.259
181.825
182.735
181.65
179.736
179.608
181.846
186.27
187.449
186.331
186.28
185.474
189.037
192.856
191.938
189.221
186.223
180.925
178.661
177.893
168.685
170.266
172.435
177.254
174.927
173.105
168.924
167.493
167.42
166.013
161.895
160.606
165.72
171.268
181.972
176.577
174.435
175.788
176.525
176.34
179.26
179.55
182.654
183.332
183.332
183.332
189.613
196.496
189.949
188.796
187.771
186.865
191.165
195.752
198.9
192.141
193.48
194.137
192.807
193.21
193.214
190.474
192.846
189.383
189.546
189.886
189.447
190.079
189.17
186.424
181.704
182.495
186.388
190.863
190.727
193.102
193.275
194.129
198.646
200.465
198.328
197.591
200.646
202.153
206.777
207.067
208.244
208.604
204.512
200.711
200.784
200.784
199.149
196.874
194.417
195.659
200.724
198.924
199.11
198.838
197.716
199.82
200.818
198.313
196.044
198.415
200.875
201.05
200.131
196.114
197.445
202.47
202.161
206.908
207.875
209.915
211.134
210.331
211.321
212.981
214.47
214.894
214.085
208.985
212.679
214.057
216.758
217.379
216.948
218.129
219.423
221.556
226.541
234.484
232.979
232.979
232.979
232.979
232.979
234.011
235.711
235.711
235.711
235.711
250.726
258.734
272.226
276.21
274.658
282.123
281.165
288.653
300.3
288.2
293.551
301.644
307.833
307.389
314.209
318.165
324.508
308.702
322.079
323.75
328.249
337.861
344.472
339.639
334.434
321.29
319.607
331.398
328.511
328.595
333.638
333.685
332.162
328.469
328.259
331.505
333.885
333.778
332.079
324.941
328.517
328.191
324.473
325.838
320.373
313.469
308.398
311.51
306.118
300.455
305.943
307.637
303.44
300.531
301.888
298.988
304.732
310.82
318.209
318.094
318.094
311.569
313.228
310.88
311.509
316.538
318.374
321.498
320.241
323.12
319.782
323.665
326.228
331.378
331.484
344.806
336.616
338.825
338.328
339.288
343.62
355.995
355.765
355.765
355.765
350.092
349.235
364.232
366.416
366.112
366.323
360.07
362.898
362.653
361.767
361.767
362.807
357.742
353.829
359.244
366.566
366.589
367.942
365.036
371.421
381.377
386.955
383.72
383.334
386.523
389.237
385.733
384.001
387.881
385.281
389.618
387.845
396.691
398.727
403.907
404.751
411.041
427.764
424.869
426.818
426.908
422.835
430.927
436.293
446.608
445.252
445.96
450.94
444.036
441.772
449.259
459.959
457.493
462.86
459.354
459.253
463.854
468.554
472.433
474.734
474.169
479.122
485.118
492.742
497.662
513.413
525.797
544.594
538.661
530.848
493.498
504.45
495.4
488.263
494.781
480.555
487.46
487.46
501.628
497.069
497.878
486.364
473.361
472.331
459.389
458.463
468.269
486.407
480.853
487.87
487.093
491.003
499.711
491.315
485.959
480.729
487.945
492.42
490.667
493.321
495.453
491.359
489.346
481.831
482.646
486.643
488.716
487.822
484.735
491.11
488.951
493.36
492.305
489.715
490.335
492.339
497.463
509.888
518.585
514.363
516.935
516.108
525.32
525.32
525.32
502.488
413.869
468.307
440.245
458.506
474.482
467.633
476.674
482.608
461.582
462.759
451.054
421.26
371.191
402.316
435.127
435.265
441.47
455.557
473.217
442.105
446.349
448.844
448.439
455.59
474.745
486.866
492.808
503.873
504.033
513.417
520.762
510.537
487.396
504.653
510.557
519.173
533.401
531.992
528.858
533.652
540.319
540.319
540.319
540.319
552.379
576.024
576.024
576.024
576.024
576.024
576.024
598.292
583.3
562.67
512.63
536.6
550.255
541.616
550.267
561.966
563.311
551.899
541.639
545.511
536.243
540.946
545.09
536.955
533.002
545.946
547.713
543.497
549.441
561.086
567.165
570.335
568.091
552.259
557.826
551.053
559.22
556.675
554.705
556.107
566.493
569.491
586.945
585.612
592.385
604.531
604.632
607.488
594.451
605.73
602.725
610.161
617.788
615.61
618.928
630.078
638.638
637.472
647.478
674.463
667.993
672.473
676.542
668.366
667.238
665.492
674.819
692.587
699.017
707.009
691.826
683.628
679.159
684.41
690.619
690.619
691.95
682.42
680.451
674.068
684.962
681.429
685.021
683.355
669.688
660.605
647.368
642.542
647.068
647.068
664.76
658.752
654.987
659.962
673.76
655.38
629.055
609.122
608.669
633.482
607.816
619.578
626.068
637.664
622.828
567.284
580.456
565.507
565.172
567.244
567.244
574.997
620.042
627.986
635.493
640.063
632.104
622.134
601.252
600.556
582.742
580.74
596.658
600.784
616.711
607.605
618.01
615.054
624.03
616.714
610.898
616.253
625.763
623.478
628.779
629.168
626.657
622.003
618.955
612.923
621.293
644.764
655.027
654.673
656.622
659.022
660.294
655.664
654.534
658.352
657.581
659.283
664.966
673.393
665.712
654.328
655.134
643.2
640.472
637.61
631.822
579.927
595.575
568.084
586.502
568.929
566.99
575.717
575.717
575.717
534.657
537.913
506.454
439.532
416.928
423.145
431.63
445.102
423.048
409.793
418.289
428.873
436.601
416.957
376.652
400.776
388.775
407.628
386.769
386.875
363.567
367.521
382.777
418.558
402.18
421.036
417.254
406.068
375.298
363.245
368.567
371.829
368.793
353.806
361.649
368.885
387.207
392.422
406.211
414.762
425.204
435.894
421.274
423.588
423.588
448.848
463.59
452.927
454.459
472.975
519.007
509.292
529.014
517.009
502.012
501.694
489.548
493.116
492.914
501.149
512.442
511.563
506.453
515.438
518.55
532.918
527.895
527.471
526.091
524.211
519.715
488.908
490.797
480.116
497.183
509.471
510.914
511.388
520.484
512.394
518.761
515.254
520.959
513.937
524.6
549.338
560.212
563.892
563.892
563.892
565.474
565.329
554.42
554.42
554.42
554.42
554.42
554.42
607.857
615.465
605.915
603.296
545.808
550.142
522.282
568.179
572.521
596.386
583.135
562.715
586.016
579.618
582.779
587.646
595.575
599.411
592.856
591.704
603.061
592.853
587.532
579.007
582.272
588.993
592.009
586.618
589.472
569.243
559.448
540.092
519.797
502.061
524.999
526.668
532.636
534.969
523.223
511.147
495.206
500.673
539.344
556.052
555.617
554.743
554.48
554.48
550.051
542.199
522.26
526.758
519.663
506.156
504.481
517.876
505.192
499.262
499.69
515.336
516.113
518.833
518.833
522.423
525.33
538.995
548.724
535.202
527.908
529.901
528.043
536.895
535.639
541.85
549.734
552.497
552.78
552.919
556.255
548.916
539.825
544.883
551.552
569.073
572.092
597.801
588.846
583.892
584.977
584.752
581.297
582.267
579.172
590.883
593.531
585.162
590.866
590.866
575.129
583.703
576.561
567.134
582.261
577.597
560.927
569.618
570.328
558.029
561.317
562.937
565.024
564.966
563.649
567.27
574.26
572.656
576.267
578.165
570.025
562.201
568.631
567.176
565.732
561.376
563.956
569.008
576.023
582.69
599.938
600.227
608.578
630.624
640.795
618.1
623.642
628.563
626.335
625.211
617.367
619.62
617.531
622.742
616.984
624.075
632.801
620.751
631.148
625.973
626.805
623.418
616.007
617.992
614.226
603.816
598.477
607.687
613.483
608.546
607.954
604.263
608.062
608.062
619.709
619.312
628.905
631.971
633.513
630.958
627.938
627.929
611.641
622.653
630.192
625.368
618.577
621.452
626.735
619.167
607.52
601.617
583.594
585.594
586.528
577.714
566.372
572.008
562.85
573.997
567.992
566.263
560.621
552.164
561.573
556.705
552.381
557.034
566.824
571.019
565.164
553.255
548.262
532.636
521.396
537.169
547.65
536.298
570.425
571.45
573.796
566.671
570.3
584.407
580.762
590.438
604.927
609.825
612.148
610.818
610.289
604.811
611.62
605.075
614.681
626.057
626.965
635.182
632.457
627.208
620.395
616.54
615.566
621.81
622.499
624.997
626.943
636.499
656.554
667.123
665.643
664.473
684.049
687.603
678.837
668.631
672.111
673.919
683.201
698.719
695.092
698.793
704.83
704.83
712.606
728.998
724.876
724.876
724.876
724.876
724.586
695.458
698.59
709.082
731.968
721.124
723.56
737.687
771.995
806.668
805.001
800.521
811.211
797.757
787.498
766.056
787.435
830.532
820.694
797.714
801.062
802.039
797.861
800.025
796.318
827.303
833.335
851.221
853.315
864.259
872.781
898.82
875.182
868.134
881.261
870.071
879.918
883.412
882.529
875.559
892.628
878.631
878.65
885.065
898.859
903.819
908.705
915.536
941.371
915.127
908.725
908.725
890.952
879.781
881.678
875.112
866.422
854.249
889.59
906.188
896.551
886.55
874.115
872.285
850.355
849.454
827.116
857.609
860.781
863.099
835.712
836.066
820.309
788.146
748.663
745.908
755.602
757.203
765.774
765.774
755.109
751.847
737.87
748.558
748.558
765.384
771.279
772.48
767.618
769.548
780.311
759.741
762.677
746.247
744.999
741.47
734.759
735.295
674.644
667.177
669.339
685.081
725.949
724.984
737.384
750.379
751.605
748.44
788.224
796.467
786.642
776.173
770.913
779.065
779.065
758.164
766.212
757.065
750.415
749.477
758.389
755.854
742.762
729.86
736.76
740.753
732.573
705.415
705.473
707.029
693.655
690.865
701.398
694.683
684.222
669.125
683.487
687.167
677.254
679.425
683.403
702.35
726.115
718.149
725.969
709.188
711.848
697.936
693.802
692.758
700.096
707.059
691.333
703.187
690.093
676.467
693.563
685.063
667.7
679.067
679.388
705.772
703.023
692.432
695.365
695.043
686.362
672.006
677.255
677.164
680.244
666.061
663.177
668.37
676.241
666.402
655.186
656.435
648.732
657.374
655.182
666.828
660.662
665.683
656.127
628.868
639.932
626.677
609.638
620.753
623.331
622.986
619.572
635.253
639.508
633.86
637.408
634.93
641.999
639.936
638.564
617.313
605.788
600.603
609.508
606.376
589.678
600.885
610.692
610.692
632.38
619.627
625.56
638.259
633.417
625.31
625.31
615.433
599.21
587.411
582.877
585.994
577.202
580.717
577.629
586.279
585.168
578.289
591.258
574.84
569.938
557.438
543.102
547.02
548.564
534.064
522.257
503.777
488.165
494.18
534.353
560.343
555.221
560.977
576.324
589.599
586.952
573.028
563.166
583.482
586.669
560.049
560.3
572.582
572.582
572.582
575.987
578.094
582.863
582.863
561.708
551.424
584.332
587.372
591.744
597.515
585.466
581.44
596.873
604.873
607.891
619.533
612.646
621.498
612.727
600.355
610.059
606.469
596.798
607.409
615.898
621.104
608.216
606.349
591.809
589.905
580.801
584.832
570.782
570.779
571.664
558.524
559.388
530.269
531.312
539.259
520.77
512.576
515.5
523.335
522.05
516.99
514.424
511.733
522.46
526.37
527.464
517.834
511.221
499.257
504.54
484.319
484.319
484.319
489.303
494.268
478.82
466.815
483.026
498.602
492.648
483.026
475.702
476.857
469.83
456.053
454.438
482.386
483.207
478.492
492.459
498.849
498.529
502.199
502.199
500.582
514.733
509.857
508.912
499.456
504.152
502.999
502.794
502.761
502.761
502.761
511.202
515.39
526.058
523.605
518.946
509.736
523.57
515.368
509.584
504.13
492.779
501.092
503.17
510.224
517.807
504.198
507.099
504.252
509.426
506.567
504.809
511.148
506.108
506.108
500.502
497.249
490.958
491.76
484.52
475.148
475.075
460.902
464.965
472.069
469.932
466.18
462.222
454.091
459.569
458.877
465.027
467.871
472.946
472.017
470.608
467.301
469.252
467.475
472.902
463.366
455.28
460.904
459.527
460.192
458.82
459.135
467.012
460.178
457.603
454.279
449.64
449.151
452.646
458.37
456.467
457.477
466.119
462.846
455.433
454.69
449.412
444.656
442.093
449.91
450.12
443.993
436.608
437.208
437.208
435.83
433.308
432.59
433.07
437.296
435.041
432.301
431.656
434.277
430.459
429.03
432.067
433.542
430.067
423.08
402.681
383.992
400.738
396.935
395.271
401.125
407.118
402.799
392.105
402.926
419.472
429.988
427.908
430.837
429.142
439.993
439.888
449.31
452.578
449.404
452.692
453.692
473.826
461.757
458.631
460.045
456.992
454.848
457.225
457.225
457.225
467.484
468.778
489.159
487.21
476.325
484.416
484.416
484.416
488.611
491.084
491.914
496.437
493.32
483.036
499.454
514.472
520.612
515.583
514.654
516.961
519.208
514.83
522.278
529.069
520.192
520.92
517.154
509.129
508.302
506.81
518.266
513.241
521.178
517.694
514.986
512.955
511.496
511.418
511.672
514.742
513.356
511.422
509.625
509.625
509.625
509.625
508.846
507.926
507.926
507.926
507.642
512.638
524.837
525.033
525.482
533.529
546.647
563.824
548.426
550.603
554.836
562.564
565.227
568.182
572.705
574.76
581.908
582.209
569.796
567.918
566.323
581.331
582.305
573.33
557.742
552.633
549.98
545.306
552.269
555.181
560.278
572.905
571.504
566.554
562.002
564.374
561.444
556.135
561.011
567.337
562.006
562.972
561.712
569.395
581.569
589.546
599.212
599.508
584.885
578.304
575.23
570.875
570.875
561.072
554.96
558.798
562.234
578.449
577.754
577.857
572.366
571.104
573.251
573.251
567.036
574.899
579.855
584.883
601.95
601.45
611.71
628.623
618.668
604.697
610.975
618.321
615.244
625.713
617.077
613.24
606.448
614.208
614.72
613.604
613.931
613.931
613.786
618.96
628.596
621.801
631.054
626.091
623.029
622.383
623.262
620.133
617.3
612.008
612.008
601.948
589.492
592.742
592.141
590.622
581.608
574.278
568.289
565.526
569.335
562.269
563.085
556.315
549.221
549.563
552.4
549.492
554.861
545.08
547.119
546.232
533.446
519.239
523.47
518.912
519.985
495.277
502.536
494.366
516.4
502.745
514.084
525.157
538.059
524.61
518.396
522.617
508.798
510.336
505.598
503.584
513.738
508.457
508.896
488.265
485.709
451.284
461.381
468.926
490.067
484.495
485.649
488.537
487.796
473.341
492.983
484.296
488.294
485.989
484.538
489.903
491.579
508.234
506.84
506.84
506.84
513.008
528.108
533.133
536.02
541.13
536.695
522.658
533.762
530.39
511.686
508.541
503.423
510.025
510.04
522.378
532.176
516.818
513.222
519.491
518.245
516.994
506.363
510.926
510.184
506.834
510.458
511.833
504.074
493.679
492.625
481.458
477.507
471.075
466.395
462.727
455.997
464.424
466.572
463.508
482.29
475.471
489.509
487.792
496.093
496.992
496.992
491.761
482.181
495.848
490.147
506.475
506.9
506.9
514.311
513.884
512.807
511.028
514.214
514.114
513.269
518.399
532.709
528.021
539.158
529.707
529.461
544.889
550.841
555.332
555.204
557.655
555.011
549.859
562.847
557.804
554.425
551.436
540.836
543.009
543.954
529.775
534.989
543.849
555.407
555.771
542.418
536.531
534.544
544.501
544.501
544.501
544.501
541.364
531.447
535.541
535.541
545.503
549.807
545.135
545.694
539.723
535.409
541.866
548.988
547.444
546.416
551.59
551.877
542.988
549.442
539.018
542.387
535.334
529.062
527.234
523.328
525.798
521.133
525.953
519.24
515.762
509.378
517.697
518.27
520.411
521.501
523.571
512.319
511.257
514.377
512.588
514.825
514.208
519.451
512.829
510.724
510.979
508.792
502.569
497.462
502.39
500.338
498.304
509.302
512.117
509.58
514.338
513.93
504.726
517.783
523.234
522.675
536.872
532.797
530.017
534.515
531.237
534.144
524.299
531.439
536.086
546.407
554.864
563.842
560.458
559.515
555.564
562.873
553.728
558.809
547.666
545.507
549.453
549.453
549.424
554.555
556.389
562.681
564.483
573.559
576.555
576.555
576.555
586.779
589.182
579.268
576.416
571.122
575.88
581.652
576.451
576.232
581.923
582.115
590.795
591.049
581.967
579.191
581.969
571.458
584.018
581.215
583.548
590.588
584.521
586.015
585.426
575.62
575.62
551.034
553.573
561.993
558.842
551.656
553.406
538.986
541.237
533.783
542.331
537.904
544.42
542.874
543.432
538.342
540.052
545.898
550.417
551.245
558.187
555.88
559.563
558.003
556.247
550.415
550.502
550.99
552.244
553.025
544.939
545.441
545.169
549.219
546.31
559.138
557.202
564.31
567.736
563.366
560.935
566.408
563.42
553.834
557.958
552.65
551.501
564.221
574.8
573.456
581.781
593.766
593.766
605.679
608.599
605.443
602.545
609.411
622.726
629.003
634.501
626.469
638.908
637.991
632.469
639.709
641.859
631.275
633.756
631.524
622.968
640.754
644.689
638.881
635.11
624.081
629.861
633.963
627.061
626.805
627.441
617.379
627.466
638.421
635.37
650.233
655.526
679.303
678.563
674.981
674.467
686.328
679.838
679.352
685.066
682.917
681.547
678.027
678.027
678.027
658.591
658.968
655.91
662.667
661.401
663.567
657.208
670.771
676.516
673.25
679.174
674.102
681.135
680.287
670.114
667.63
665.164
657.481
646.166
649.392
656.345
650.761
635.71
635.386
629.786
640.824
624.91
621.098
623.069
638.312
637.721
648.696
638.189
623.179
634.741
638.251
641.284
628.199
637.92
639.825
643.03
649.118
649.118
649.118
649.118
653.671
655.217
646.942
646.942
646.942
660.225
667.928
664.364
674.624
662.354
655.897
657.872
662.817
659.499
662.309
673.763
675.486
666.026
668.865
678.304
679.492
680.878
694.263
700.288
698.039
707.05
701.711
693.742
698.829
693.445
701.976
698.171
688.581
684.105
685.825
689.464
684.302
682.552
693.887
695.994
690.964
691.759
701.343
717.515
719.059
724.89
745.624
744.289
752.81
768.864
769.881
753.59
751.323
735.832
744.082
744.082
736.198
754.184
754.418
747.839
742.88
754.37
755.814
778.127
781.109
793.392
788.557
782.69
775.427
801.896
809.553
811.44
824.056
820.615
818.077
818.077
849.385
822.027
840.444
821.22
802.305
828.186
835.464
822.275
812.772
807.905
795.613
802.53
793.117
790.96
795.516
799.903
798.277
780.256
765.716
748.969
751.703
754.681
747.854
749.518
754.892
784.013
805.76
801.323
798.271
805.244
791.788
789.446
791.507
806.686
806.686
798.068
796.935
786.314
789.305
792.215
791.469
786.667
787.689
778.105
773.129
776.673
784.332
773.246
779.098
780.032
786.41
800.763
802.683
805.542
805.419
815.136
812.932
819.552
819.139
823.318
822.964
831.851
818.316
809.957
812.832
823.317
820.374
815.579
816.656
811.581
814.229
823.989
811.247
810.709
820.079
820.393
812.905
817.226
824.305
815.506
822.727
821.001
815.261
803.649
801.346
800.574
807.096
826.233
821.948
836.037
844.174
840.423
844.817
844.817
844.708
850.235
845.649
850.571
851.233
851.837
859.182
864.728
867.436
862.393
874.428
863.255
848.601
846.226
840.254
845.88
865.845
838.506
848.132
867.861
869.49
867.171
864.621
866.141
864.943
867.944
873.071
883.608
888.851
883.464
894.471
903.498
901.585
916.018
913.143
913.918
908.075
907.62
904.44
904.543
907.154
921.729
921.37
909.642
919.888
906.813
917.987
928.743
932.646
942.77
942.77
954.116
940.99
955.815
974.304
969.708
988.147
1021.866
1034.437
1013.262
998.881
995.973
997.763
1015.812
1022.229
1004.08
1018.942
1008.215
1014.913
1009.85
1015.215
1017.305
1027.067
1031.345
1027.046
1030.799
1031.678
1032.025
1026.082
1015.59
1027.056
1039.938
1043.115
1058.241
1060.118
1062.992
1058.387
1042.845
1022.567
1022.567
1035.198
1037.859
1050.334
1052.189
1056.99
1059.828
1067.686
1055.836
1040.636
1045.137
1035.952
1059.653
1076.772
1077.346
1088.316
1107.343
1089.99
1082.049
1088.141
1088.247
1086.421
1089.404
1090.82
1111.349
1119.154
1116.31
1105.184
1105.238
1126.537
1140.321
1157.717
1164.296
1179.33
1179.225
1172.915
1198.699
1210.794
1252.968
1265.786
1258.781
1272.745
1282.194
1269.68
1270.593
1332.559
1335.095
1360.304
1294.6
1289.501
1310.056
1348.618
1338.59
1342.029
1307.173
1295.202
1295.202
1295.202
1219.429
1211.854
1219.974
1202.564
1237.524
1207.797
1203.634
1206.958
1206.958
1213.095
1210.107
1238.077
1264.468
1259.848
1273.094
1284.161
1280.593
1270.464
1245.01
1265.515
1269.563
1260.365
1238.693
1200.505
1200.841
1201.336
1189.205
1211.026
1255.754
1249.525
1228.106
1205.869
1191.306
1198.507
1196.645
1190.658
1201.849
1201.937
1195.907
1183.805
1167.468
1157.394
1145.063
1145.063
1154.799
1181.931
1186.998
1200.087
1180.927
1205.115
1192.244
1198.2
1215.854
1214.051
1210.79
1225.683
1241.902
1246.789
1264.092
1269.564
1255.925
1249.612
1290.963
1296.054
1292.936
1309.957
1315.079
1299.819
1321.325
1331.353
1325.683
1306.255
1296.368
1292.627
1300.738
1312.158
1322.633
1337.878
1364.505
1355.38
1388.057
1372.346
1377.493
1356.012
1377.872
1400.667
1407.596
1401.145
1383.907
1412.684
1419.686
1415.723
1413.916
1437.185
1442.969
1461.538
1471.196
1473.949
1496.386
1527.653
1503.58
1502.157
1490.962
1514.881
1512.264
1485.831
1470.181
1439.203
1457.267
1489.442
1477.198
1475.019
1446.755
1472.211
1486.003
1502.841
1490.553
1512.665
1516.175
1549.981
1543.276
1562.896
1599.303
1555.648
1563.163
1566.268
1571.252
1627.643
1644.805
1636.5
1636.848
1666.438
1681.913
1671.232
1658.817
1652.462
1659.797
1618.249
1635.382
1682.793
1649.765
1648.53
1635.809
1664.921
1688.593
1652.558
1606.212
1581.619
1587.763
1598.64
1582.477
1498.455
1444.211
1479.469
1453.696
1388.624
1426.144
1403.272
1411.556
1430.5
1471.827
1438.677
1453.719
1453.719
1453.719
1500.459
1540.703
1550.542
1540.257
1487.828
1472.064
1444.201
1421.44
1425.979
1427.623
1466.595
1479.22
1486.943
1480.09
1452.796
1452.066
1487.856
1522.613
1531.016
1501.826
1477.529
1481.537
1508.876
1490.02
1450.546
1463.471
1456.176
1434.377
1471.23
1464.4
1449.607
1446.286
1456.443
1465.997
1465.271
1460.9
1430.054
1439.427
1439.427
1454.58
1439.541
1453.492
1446.999
1463.483
1488.094
1511.764
1512.089
1524.868
1565.491
1557.075
1558.517
1554.103
1541.667
1550.037
1550.046
1535.909
1562.679
1586.038
1580.7
1570.871
1556.085
1523.899
1565.378
1552.398
1533.104
1542.514
1551.085
1527.119
1521.435
1535.277
1533.105
1563.747
1552.173
1545.709
1523.403
1526.909
1522.907
1606.929
1621.122
1632.517
1624.265
1624.944
1643.506
1675.698
1610.776
1629.525
1632.145
1631.711
1618.089
1582.348
1535.374
1547.504
1521.641
1541.433
1505.884
1505.884
1545.408
1595.511
1585.272
1580.884
1559.989
1558.261
1567.179
1578.578
1566.473
1568.998
1576.709
1586.201
1584.366
1580.235
1578.462
1617.254
1627.65
1637.036
1642.491
1657.063
1653.586
1659.143
1659.143
1663.165
1696.768
1747.537
1721.051
1742.995
1707.743
1723.482
1683.816
1692.487
1692.487
1710.692
1743.513
1739.213
1764.279
1752.045
1745.743
1738.761
1733.164
1706.813
1658.032
1649.385
1577.44
1569.804
1529.268
1475.078
1492.312
1432.717
1467.606
1523.653
1548.969
1501.739
1448.338
1478.506
1509.099
1509.099
1448.072
1408.013
1366.189
1352.726
1311.83
1264.605
1244.635
1261.727
1247.519
1270.191
1273.889
1296.096
1328.677
1301.96
1278.892
1328.634
1364.691
1378.714
1450.665
1460.009
1469.861
1463.421
1488.361
1503.51
1539.756
1510.72
1515.389
1477.074
1444.143
1398.208
1396.038
1405.363
1429.683
1416.292
1435.12
1453.46
1468.781
1491.273
1480.536
1513.43
1508.749
1486.362
1466.821
1486.108
1482.263
1475.947
1465.909
1423.358
1425.07
1427.733
1450.218
1456.233
1459.593
1450.774
1451.057
1480.248
1474.466
1480.381
1475.05
1451.32
1458.151
1483.715
1465.198
1482.432
1515.28
1523.382
1504.679
1453.989
1443.449
1440.978
1466.787
1517.63
1532.034
1517.697
1528.509
1505.94
1466.12
1440.149
1411.101
1411.341
1459.4
1473.314
1461.766
1445.977
1439.618
1420.383
1457.189
1461.574
1463.764
1467.305
1500.917
1508.694
1509.376
1529.457
1518.751
1496.033
1517.275
1511.172
1498.906
1498.906
1501.385
1519.631
1530.546
1527.671
1504.64
1501.928
1501.928
1474.919
1487.594
1522.027
1545.7
1553.908
1592.273
1579.806
1579.642
1573.335
1556.937
1579.997
1553.595
1546.837
1574.558
1580.206
1589.465
1564.236
1566.383
1542.904
1568.469
1545.943
1547.873
1556.651
1598.059
1587.342
1609.019
1594.244
1614.921
1629.531
1598.497
1616.088
1649.607
1670.2
1623.131
1651.86
1657.255
1635.864
1635.864
1635.864
1649.017
1677.171
1690.001
1690.001
1688.221
1668.145
1644.967
1621.093
1598.767
1577.073
1552.734
1592.665
1615.314
1634.455
1635.208
1620.885
1630.613
1634.312
1645.772
1634.805
1635.241
1623.125
1604.739
1599.142
1608.363
1622.085
1622.787
1635.056
1633.614
1626.271
1610.062
1574.419
1601.65
1592.615
1609.543
1628.243
1612.152
1633.803
1635.714
1620.405
1617.7
1622.264
1623.441
1630.11
1588.546
1575.127
1561.359
1555.678
1533.151
1531.035
1516.509
1554.868
1550.84
1541.523
1558.376
1551.965
1551.965
1551.965
1570.342
1562.871
1558.157
1578.164
1601.774
1577.088
1587.866
1585.614
1584.912
1594.732
1599.087
1603.653
1617.139
1621.686
1620.275
1620.275
1633.975
1644.703
1639.966
1678.51
1710.802
1695.407
1710.547
1720.529
1751.565
1737.012
1728.048
1739.704
1730.144
1727.167
1727.167
1727.167
1742.811
1746.32
1775.156
1789.43
1759.916
1771.602
1800.434
1780.32
1777.007
1750.165
1727.526
1737.217
1745.177
1733.704
1745.465
1754.5
1753.022
1744.448
1744.448
1758.189
1752.773
1798.389
1816.963
1785.567
1794.714
1778.216
1771.053
1744.836
1762.208
1758.054
1776.858
1797.953
1804.297
1790.681
1779.577
1795.723
1801.099
1868.182
1938.235
2008.14
1937.567
1953.767
1965.516
1968.618
1993.155
1997.637
1977.52
1974.007
1983.369
1962.081
1951.449
1981.843
2018.138
2045.136
2029.954
2034.883
2040.121
2025.466
2050.765
2021.564
1990.696
1957.042
1971.228
1957.589
1984.114
1950.027
1960.966
1924.916
1890.85
1909.66
1925.351
1887.917
1850.472
1874.853
1842.074
1807.384
1722.186
1700.495
1700.495
1700.413
1750.851
1785.708
1799.513
1808.531
1794.985
1796.097
1817.825
1835.279
1812.62
1835.056
1821.181
1810.491
1770.954
1744.681
1786.163
1801.875
1806.915
1793.4
1777.429
1782.134
1824.176
1812.987
1816.345
1817.96
1840.215
1850.877
1882.616
1892.448
1894.713
1871.782
1871.478
1855.46
1864.279
1855.659
1842.308
1855.021
1886.093
1887.312
1892.61
1862.8
1865.51
1851.709
1851.193
1851.193
1851.193
1822.338
1817.17
1810.965
1816.943
1819.907
1828.028
1828.028
1828.028
1819.254
1822.538
1809.776
1788.71
1797.428
1763.902
1770.629
1767.226
1758.258
1765.357
1738.841
1725.724
1679.039
1660.971
1677.906
1655.514
1575.732
1629.423
1692.453
1713.775
1678.425
1685.248
1721.713
1729.391
1764.491
1788.88
1780.228
1786.78
1772.93
1776.684
1727.783
1727.352
1702.895
1692.078
1722.936
1722.936
1722.936
1722.936
1745.815
1738.106
1738.106
1738.106
1723.246
1713.507
1662.555
1680.722
1731.938
1702.617
1674.864
1639.468
1637.21
1614.083
1555.376
1529.507
1591.235
1536.075
1545.117
1521.499
1583.633
1587.931
1573.241
1568.284
1568.382
1539.45
1562.594
1554.125
1525.647
1510.559
1464.364
1479.495
1536.296
1585.751
1619.663
1587.259
1552.612
1592.813
1571.793
1565.676
1567.358
1560.414
1544.711
1558.967
1565.459
1551.623
1533.722
1486.398
1455.048
1489.744
1464.199
1442.552
1405.712
1456.667
1468.084
1430.702
1411.345
1374.646
1425.044
1415.693
1397.177
1416.832
1416.832
1450.485
1439.941
1468.192
1472.527
1423.596
1450.142
1459.887
1450.968
1443.413
1462.575
1459.502
1473.028
1470.132
1459.265
1448.483
1453.404
1447.932
1454.615
1459.464
1441.449
1449.72
1452.141
1470.568
1492.647
1496.729
1468.365
1484.436
1484.436
1484.436
1510.996
1523.114
1533.938
1529.682
1527.516
1527.516
1543.19
1563.832
1535.166
1516.644
1507.835
1488.57
1496.861
1488.797
1461.729
1445.208
1470.426
1489.024
1486.503
1478.52
1461.353
1466.835
1446.641
1451.898
1428.555
1422.904
1399.376
1377.653
1393.215
1422.314
1405.052
1401.843
1394.701
1373.87
1321.041
1328.961
1326.273
1339.776
1331.613
1324.464
1325.105
1305.455
1311.923
1302.538
1285.524
1286.722
1307.039
1347.501
1323.461
1312.992
1310.158
1299.325
1306.924
1345.8
1356.907
1375.205
1376.33
1412.542
1404.299
1401.364
1406.676
1415.454
1467.239
1438.354
1402.551
1385.807
1420.25
1412.867
1395.08
1368.991
1363.963
1352.712
1318.115
1348.024
1367.521
1367.667
1325.468
1325.468
1310.519
1346.759
1329.405
1325.948
1321.809
1344.164
1381.588
1353.574
1360.212
1330.537
1334.556
1278.756
1324.824
1319.678
1316.249
1279.203
1289.858
1256.971
1216.843
1169.639
1143.347
1270.093
1243.094
1206.416
1206.142
1247.581
1260.411
1216.637
1218.523
1250.686
1231.177
1235.76
1145.524
1095.05
996.765
908.182
870.725
936.619
1014.053
881.184
792.492
774.008
751.223
719.151
697.999
697.999
697.999
632.252
700.904
815.244
829.346
809.838
849.568
889.942
862.21
774.437
767.215
758.298
705.112
679.029
690.306
691.993
689.756
682.558
666.961
620.451
625.066
683.824
701.462
694.405
709.963
746.44
732.412
746.766
736.425
752.851
731.738
744.268
757.698
762.873
753.633
701.33
691.252
689.247
745.08
735.671
754.404
758.807
734.139
734.139
734.139
734.139
717.442
726.084
721.974
721.974
721.974
756.717
798.503
767.245
764.756
735.132
729.672
736.318
724.969
699.356
701.718
686.866
670.946
672.659
658.777
654.834
676.603
660.136
681.899
669.911
655.134
668.039
664.432
673.937
658.649
670.421
684.4
682.467
672.583
668.296
677.053
649.322
623.094
573.935
588.927
576.305
567.019
566.406
540.598
568.844
558.557
565.197
560.307
545.786
517.035
538.641
551.053
545.696
536.252
516.626
540.647
564.466
543.615
544.598
568.335
598.725
610.271
602.414
640.95
657.163
633.164
608.941
624.293
630.092
667.568
684.631
688.729
679.594
699.615
734.538
728.358
728.358
708.065
700.308
724.747
728.302
702.78
684.753
712.252
713.623
715.444
697.957
696.096
730.417
730.881
730.881
773.834
779.157
779.338
781.171
808.901
809.197
795.434
763.024
779.179
794.707
842.383
843.554
900.419
862.536
868.483
890.405
893.543
902.137
896.699
856.834
856.834
895.433
869.004
855.285
891.221
888.052
914.802
944.47
929.88
927.199
904.052
889.178
865.299
873.664
859.043
832.742
841.617
860.921
863.3
876.465
897.068
867.045
876.794
855.603
841.779
838.433
832.219
812.282
815.612
799.782
828.341
862.214
897.015
893.318
896.251
914.804
925.996
905.859
934.352
937.759
955.419
931.646
933.024
972.045
984.185
1013.306
1007.443
1005.493
1027.033
1025.85
1066.969
1020.266
1047.075
1074.236
1041.114
1012.391
1039.194
1048.169
1048.169
1048.169
1124.206
1151.892
1126.775
1092.397
1116.748
1119.976
1107.473
1055.282
1082.819
1087.653
1113.06
1115.838
1096.612
1098.521
1116.231
1109.713
1127.892
1176.148
1203.458
1206.236
1182.947
1203.862
1215.726
1208.059
1178.563
1196.174
1180.189
1171.759
1178.285
1154.956
1143.464
1180.161
1158.748
1160.814
1161.982
1191.335
1208.916
1246.212
1240.974
1232.851
1251.009
1255.207
1249.046
1241.573
1241.573
1255.34
1214.637
1167.353
1214.445
1193.862
1176.285
1135.816
1182.151
1193.228
1172.454
1216.683
1233.5
1269.793
1264.265
1236.594
1247.784
1236.668
1248.377
1201.072
1203.615
1241.355
1232.569
1205.877
1171.032
1181.291
1213.253
1218.049
1218.285
1226.353
1243.33
1238.782
1194.153
1179.127
1196.176
1217.563
1227.399
1199.304
1204.665
1198.824
1185.418
1199.444
1210.387
1209.03
1209.03
1209.03
1223.204
1257.165
1248.628
1236.213
1236.213
1256.027
1288.321
1297.138
1286.164
1304.133
1352.029
1333.703
1341.334
1359.848
1329.97
1342.156
1349.221
1334.356
1307.68
1279.204
1293.185
1275.572
1261.128
1268.601
1288.997
1292.714
1289.608
1283.473
1218.239
1178.101
1179.692
1201.083
1201.594
1201.184
1207.69
1218.179
1239.506
1267.951
1249.847
1252.446
1260.385
1219.809
1207.067
1207.574
1239.421
1259.414
1269.111
1261.503
1269.503
1311.596
1319.411
1322.452
1354.146
1354.869
1379.258
1379.258
1431.62
1420.048
1438.318
1408.441
1431.691
1447.242
1470.358
1517.669
1488.699
1466.711
1458.532
1451.665
1495.013
1501.969
1501.969
1522.891
1521.681
1468.745
1511.372
1515.035
1493.986
1501.987
1492.877
1469.993
1427.115
1426.64
1442.183
1436.52
1469.422
1505.676
1502.549
1449.135
1479.811
1480.52
1466.609
1413.287
1374.992
1348.147
1256.543
1416.152
1372.291
1387.088
1405.114
1364.432
1357.714
1370.822
1322.312
1285.696
1269.038
1269.038
1191.966
1203.546
1272.936
1269.969
1278.115
1254.2
1277.413
1259.206
1192.318
1189.339
1191.595
1176.053
1188.071
1203.359
1214.408
1215.714
1216.03
1215.685
1213.547
1252.026
1240.31
1221.941
1211.935
1175.75
1173.384
1155.361
1185.083
1173.05
1190.055
1188.051
1211.81
1219.7
1278.238
1274.475
1265.134
1279.643
1295.641
1292.611
1268.701
1224.274
1231.089
1256.723
1260.462
1235.868
1255.395
1285.294
1276.104
1286.117
1259.706
1317.013
1313.249
1332.531
1303.415
1293.571
1300.359
1268.912
1252.937
1249.001
1240.758
1253.586
1260.275
1249.428
1235.937
1235.937
1231.237
1205.618
1206.922
1206.615
1216.724
1220.075
1256.114
1287.47
1275.014
1277.109
1297.521
1278.482
1303.952
1296.099
1282.984
1308.972
1310.007
1310.936
1288.667
1293.185
1286.49
1273.924
1271.194
1269.267
1277.856
1286.022
1288.074
1284.503
1310.225
1297.78
1300.601
1307.609
1321.063
1330.541
1322.751
1331.373
1324.932
1343.812
1336.926
1333.347
1338.254
1343.551
1353.419
1356.123
1331.398
1342.176
1331.081
1314.562
1322.296
1325.57
1325.57
1326.052
1321.053
1337.666
1328.364
1322.609
1334.189
1270.191
1236.607
1256.237
1275.304
1245.67
1255.272
1285.837
1282.982
1266.333
1247.983
1253.417
1217.215
1183.503
1152.389
1176.45
1219.467
1208.054
1233.892
1227.25
1244.233
1246.359
1241.767
1228.102
1223.652
1226.229
1220.854
1215.457
1213.989
1217.224
1209.467
1233.254
1226.604
1226.604
1230.873
1228.31
1226.279
1214.512
1216.057
1240.644
1253.298
1264.018
1283.232
1272.068
1264.04
1270.666
1284.155
1280.376
1274.372
1279.125
1311.198
1315.655
1307.037
1323.599
1324.36
1311.825
1333.733
1337.196
1311.735
1302.105
1326.874
1328.565
1320.295
1339.379
1356.495
1325.631
1300.298
1267.418
1285.967
1293.754
1284.03
1295.077
1298.271
1295.907
1284.879
1296.789
1283.391
1293.845
1323.153
1334.662
1308.887
1299.675
1307.512
1315.003
1314.982
1298.298
1277.153
1265.118
1274.756
1274.756
1274.756
1252.534
1276.38
1268.184
1290.885
1287.626
1280.945
1308.36
1320.966
1309.06
1302.166
1318.98
1318.669
1356.378
1355.602
1361.696
1412.009
1420.417
1421.325
1420.349
1379.787
1387.202
1376.885
1403.577
1345.414
1364.542
1389.285
1397.151
1390.132
1390.132
1406.11
1402.934
1415.154
1405.126
1412.326
1372.138
1360.912
1364.411
1370.588
1362.613
1374.4
1364.722
1349.234
1347.83
1336.84
1329.178
1331.039
1317.208
1301.93
1293.177
1329.717
1314.932
1318.264
1328.961
1311.954
1347.014
1344.164
1340.25
1317.614
1315.738
1322.788
1321.935
1320.749
1305.829
1305.829
1316.085
1296.477
1286.933
1288.42
1274.605
1272.831
1276.028
1263.413
1263.36
1272.088
1281.818
1290.263
1291.202
1300.737
1289.669
1273.473
1255.106
1277.304
1264.63
1235.308
1231.786
1263.442
1254.596
1249.657
1198.051
1202.788
1215.663
1245.066
1243.043
1240.323
1233.131
1211.857
1208.239
1224.338
1192.969
1165.676
1146.839
1117.527
1103.605
1067.963
1043.58
958.546
990.843
1004.433
1054.23
1022.707
1037.467
999.092
979.407
998.873
1003.982
995.663
986.826
993.049
1022.064
1006.826
1025.509
1010.847
1008.189
977.836
992.313
1031.75
1011.309
939.35
912.397
907.034
916.42
925.59
925.102
896.448
898.013
878.316
816.699
799.507
800.645
849.234
849.272
860.254
856.888
838.506
841.93
893.889
907.529
882.369
912.736
925.301
944.546
941.721
954.493
953.111
948.987
955.072
931.753
951.561
969.967
976.18
947.34
988.392
964.289
964.289
964.289
921.52
910.288
913.817
898.384
909.373
880.352
878.616
919.15
889.37
894.511
905.158
942.522
923.392
908.338
916.305
919.339
921.437
891.945
915.892
922.336
961.658
931.336
950.54
968.194
945.923
936.859
915.997
923.147
928.011
918.066
910.099
927.872
933.056
959.518
969.269
964.168
956.39
959.168
959.168
949.696
940.663
945.98
927.639
937.328
931.441
906.531
888.444
881.295
913.804
937.304
918.091
935.914
955.415
957.3
971.458
1000.759
1024.236
1043.215
1055.104
1044.861
1032.925
1066.124
1075.344
1061.547
1051.926
1067.463
1088.817
1095.485
1109.142
1095.17
1100.04
1085.067
1058.96
1069.351
1058.734
1065.721
1042.103
1063.675
1075.028
1066.342
1058.157
1057.716
1076.49
1065.545
1066.827
1070.826
1068.457
1074.858
1056.43
1033.671
1025.799
1028.955
1043.766
1050.307
1064.272
1078.988
1078.988
1078.988
1075.322
1073.511
1062.827
1056.281
1068.503
1065.882
1048.87
1039.431
1038.995
1040.113
1037.298
1023.441
1014.131
1014.651
1014.651
1014.651
1004.473
994.32
990.977
960.255
964.727
978.826
976.727
976.258
974.12
952.396
975.924
1019.443
1018.395
1020.904
1020.904
1020.904
1008.682
997.422
988.71
984.139
970.234
955.384
964.583
963.393
945.4
935.25
915.957
899.967
916.199
927.173
934.768
902.795
907.209
913.889
913.889
920.873
891.716
888.725
905.14
910.413
906.319
936.193
932.697
933.908
922.331
927.948
923.883
918.776
940.139
957.897
974.966
974.698
956.332
939.169
915.797
920.116
926.044
916.499
947.108
942.319
953.666
950.919
945.111
934.237
933.127
936.665
942.767
925.402
928.666
940.39
940.742
944.434
943.181
947.17
923.949
929.812
930.891
944.647
967.85
966.519
952.563
959.939
945.514
968.241
991.135
976.525
985.216
986.372
983.92
979.343
970.599
984.697
983.22
972.952
972.952
969.656
962.221
959.05
952.764
960.023
951.897
949.387
946.331
958.278
964.398
975.274
980.157
986.199
1003.44
1008.876
1024.239
1027.909
1011.827
1053.565
1044.806
1038.782
1029.744
1025.238
1022.354
1028.127
1025.711
1009.806
1024.327
1021.177
1032.194
1031.056
1043.354
1050.273
1055.067
1047.642
1040.164
1047.741
1061.257
1059.026
1062.681
1077.065
1067.031
1045.398
1049.684
1049.684
1049.684
1037.086
1049.661
1044.425
1059.61
1064.996
1064.614
1064.614
1064.614
1063.348
1063.131
1047.21
1055.911
1053.798
1050.694
1050.329
1059.379
1038.212
1018.848
1011.567
996.457
995.401
979.345
987.46
986.004
975.716
973.679
986.999
1012.731
1000.436
996.732
995.11
978.092
975.11
971.777
982.426
979.515
982.039
986.073
968.456
978.489
980.672
983.324
989.663
989.663
989.663
989.663
998.861
1002.704
1002.704
1002.704
1021.996
1030.774
1028.781
1034.321
1026.886
1040.794
1041.28
1047.797
1060.431
1057.03
1072.724
1097.701
1100.033
1105.85
1073.589
1071.509
1076.165
1081.721
1094.758
1097.574
1088.62
1087.936
1089.848
1069.954
1078.608
1078.532
1069.011
1070.408
1077.389
1090.608
1102.355
1080.659
1074.372
1091.797
1100.202
1088.409
1064.039
1074.929
1070.501
1043.584
1048.873
1069.424
1069.697
1055.947
1075.989
1081.58
1090.37
1094.107
1072.776
1059.597
1048.877
1043.985
1043.985
1027.809
1017.063
1040.261
1032.186
1016.577
1008.214
1020.641
1010.948
1004.742
1004.742
1004.742
1014.059
994.401
1007.238
1011.124
1010.938
1034.788
1034.81
1046.987
1030.846
1006.357
1020.479
1023.621
1022.023
1030.859
1015.295
1018.324
1021.838
1019.409
1015.697
1018.341
1048.752
1048.752
1041.565
1051.894
1054.649
1050.689
1052.548
1058.949
1055.279
1070.444
1069.266
1062.79
1066.212
1067.386
1067.386
1064.79
1084.491
1081.096
1088.98
1097.123
1106.897
1097.037
1079.011
1065.261
1049.317
1052.323
1053.156
1059.71
1088.058
1097.715
1086.675
1077.128
1067.414
1073.808
1063.407
1055.555
1045.588
1025.285
993.823
996.077
1002.964
1021.266
1023.496
1049.623
1037.901
1017.002
1011.795
1037.528
1037.868
1055.629
1074.72
1083.382
1058.018
1075.146
1086.831
1081.569
1058.553
1022.202
961.244
963.513
964.646
991.701
1005.886
1003.887
980.575
992
1013.7
1000.09
997.287
992.88
979.026
983.679
1008.508
1003.002
1002.435
996.996
997.424
970.564
978.211
978.211
978.211
963.374
969.054
972.316
971.568
949.135
966.944
957.233
964.232
965.271
967.219
959.085
964.217
952.454
943.695
963.561
986.726
973.788
981.087
993.194
994.506
985.777
987.211
970.165
968.864
971.963
964.909
971.13
968.179
968.265
969.074
958.243
949.126
944.517
934.499
941.424
931.606
948.805
948.766
938.225
950.227
934.421
937.167
943.169
961.666
956.385
956.385
963.482
961.152
947.448
954.948
962.913
962.866
962.866
981.123
981.837
989.249
962.272
953.881
940.418
937.573
922.052
943.959
945.208
945.819
933.907
922.035
934.363
925.52
924.16
898.629
906.425
910.122
922.371
921.716
911.988
914.582
906.113
900.71
887.043
887.104
897.224
888.557
896.374
914.877
905.791
903.088
902.547
886.149
879.664
879.664
879.664
879.664
879.664
890.126
890.126
890.126
887.406
893.309
889.478
894.037
900.323
916.323
924.555
942.466
942.104
942.265
943.987
932.361
934.523
947.832
953.938
951.404
924.089
910.062
905.411
896.912
899.274
914.048
892.709
892.277
883.551
870.488
869.593
864.066
873.676
860.763
858.287
863.127
866.391
866.864
859.557
852.739
858.607
