100
99.65697462
98.89799722
97.64473915
96.3887801
95.21925264
93.11113212
92.32109336
91.96523829
92.59051683
93.7917809
93.83769768
94.12467757
94.37789512
93.31640715
90.89294637
89.12244926
89.77406242
89.77406242
90.95777006
92.48990506
93.55611976
93.12058557
93.68981863
94.73510068
93.49197132
92.91193431
91.98076897
91.94092941
91.49864275
90.76937621
90.84027712
90.12248977
88.34456494
87.47282132
86.75368347
84.92443988
83.49966913
86.71789539
89.16431456
89.16431456
88.75038827
89.70316151
90.88551866
91.23462125
91.32442908
90.7707267
90.27779653
89.90370981
91.27918754
88.7652437
89.91046227
88.25340662
87.53629452
87.53629452
87.53629452
87.53629452
87.53629452
86.1351574
85.77457561
86.04805056
86.42348778
85.90962497
85.89882102
85.35929882
86.38364822
87.79423879
89.03399192
90.18663822
90.0320067
89.89020487
89.89020487
89.89020487
89.89020487
89.89020487
89.64509028
88.56672114
87.48902724
86.74760625
86.93397437
85.85695572
84.64151147
84.14858131
82.88924602
81.08971329
81.08971329
78.27595986
78.97956703
80.42662093
82.40779505
82.51110781
82.85413319
82.44088214
82.44088214
81.60357611
80.80881062
81.11199643
82.33756938
83.54153443
84.3606088
83.18297838
82.42940295
81.93579753
81.68595622
82.14039732
82.29502883
82.43277918
84.27350196
85.58618175
85.28569692
84.87177063
85.43357597
85.45653436
84.97845963
84.55305414
83.98989831
83.32005348
83.62256405
83.14043783
83.90076573
84.43893743
84.44501465
84.3390009
83.73803125
82.9668994
81.57859198
81.34765757
82.23763285
82.0073737
81.19302605
79.38201413
78.61493376
78.58252191
78.60007833
79.18484206
79.51773873
79.82835226
80.88308777
81.66164733
82.86426189
84.20530204
84.32549597
84.68202628
85.47611652
85.42952449
85.42952449
87.26349481
88.27163828
88.09472362
85.71650438
84.36668602
84.40720083
85.52473429
84.32954745
84.52334328
84.47540076
84.29781085
84.81302416
84.81302416
84.35318109
83.87173012
83.87173012
84.27620295
84.5928937
84.5928937
84.66176888
84.57601253
84.57601253
83.88050833
82.95609545
82.17213391
82.17213391
82.17213391
82.29705457
82.43412967
81.96820938
81.49823761
81.93579753
82.32541494
82.54757114
82.79336097
82.59686415
82.2916526
82.57120478
82.68194525
82.6191473
82.59551366
82.95204397
83.30519805
83.88658555
84.8683944
85.49637392
84.54697692
84.21880697
84.87244588
84.87244588
84.87244588
85.92920713
86.67535484
87.84893379
87.77060516
86.98799411
87.07104947
86.92452091
87.06969897
86.73882804
86.64024201
86.70979243
86.02171594
85.54904318
84.87244588
84.87244588
84.87244588
83.35111483
83.82986482
83.34301187
83.28966737
84.42138101
83.95411023
84.03513984
82.85413319
82.85413319
81.47865545
80.27266466
79.59741786
77.50145178
76.0618256
76.40552622
76.27047686
75.2798898
75.26300863
74.19139195
72.69099356
71.2358367
73.30276716
73.21430983
72.03060219
71.23516145
72.58835604
73.54450552
73.53100058
73.48238281
74.70322903
76.22320958
75.59523006
74.70593002
74.48039759
75.08541872
74.87069024
74.74104285
74.55737572
74.50403122
74.70187854
75.79307737
76.11854633
76.11854633
76.11854633
76.11854633
76.11854633
76.11854633
76.11854633
75.98079598
75.41561441
74.96454954
74.50538172
73.48238281
73.25347414
73.13665645
73.67212716
73.60932921
73.72142018
73.55733521
72.49179575
71.91648548
71.28377922
71.21963078
70.590976
69.3039556
68.99604305
68.99604305
69.74826799
70.64297001
71.28512971
72.81388848
76.5682607
77.95791862
76.35150648
77.1597769
80.88308777
83.81771037
84.60504815
85.69287074
87.30738585
86.47615704
85.04936054
84.68337677
84.15128229
84.15128229
85.13984361
85.03112888
86.22834146
85.87518738
85.11823572
82.76905209
83.47536024
83.2626575
83.2626575
83.48346321
82.81159264
81.99724499
80.7507394
80.67241077
82.02965684
82.38078518
81.51781976
80.42594568
79.7034316
79.7034316
80.46713574
79.79121369
79.72031277
79.78108499
81.16534093
81.16534093
82.21940119
82.21940119
83.4098613
83.87375586
83.92102313
84.78939052
85.70840142
85.60778965
85.14997231
85.13579213
85.66248464
87.07510095
88.25678285
91.02191851
92.14215296
92.14215296
91.40680919
91.68298513
94.89040744
94.57641768
93.25090821
93.25090821
94.13750726
94.13750726
94.23879428
92.85656407
91.2555539
91.2555539
92.8930274
91.44529826
91.1184788
92.238038
93.41904466
93.33328832
94.02541629
92.90248086
90.76870096
90.23863222
90.34667171
90.32573906
90.93008495
89.48843302
89.16093832
91.6998663
90.64985752
91.33860926
93.10843113
92.7876889
93.33126258
94.19895472
94.9417262
95.47044445
95.91813308
96.84457169
98.1099842
99.90546545
99.84536848
100.0324118
97.89998244
98.35847502
96.70952233
96.88035977
95.39009008
94.47175443
95.53864437
94.93497373
93.79245614
93.44537929
91.86462652
92.6708712
93.25495969
93.99165395
91.99427391
92.35823193
92.98486097
92.22588356
92.86399179
91.63301687
93.19621322
94.0240658
93.75059084
94.76481154
91.77279296
90.37368158
89.98406418
89.04074439
86.75368347
85.58348076
87.58491229
87.86986644
87.40732238
86.94545356
86.98461788
88.11160479
87.47822329
87.25539185
86.31342256
86.00415952
84.86974489
84.86974489
83.57057004
81.17817062
81.82843329
83.80488068
83.6016314
84.48417897
84.40314935
84.65569166
84.65569166
85.72123111
86.01226248
86.96503572
85.56727484
86.09801883
86.09801883
85.96499521
85.08514862
84.18369414
83.06143395
83.24510108
82.26126649
82.26126649
82.26126649
83.2626575
81.95808068
81.73862547
81.31794671
81.38344565
81.46852675
80.74331168
79.55757829
78.92757303
78.67975745
78.67975745
77.83637419
75.35011547
72.86453199
73.3783948
73.77881616
76.06790282
77.1165611
75.5857766
75.8497981
75.59185382
75.68908936
76.02266128
76.02266128
78.1206531
80.61433954
78.75268411
78.82155928
79.07545208
78.62911394
77.31778465
77.09022648
76.70263481
75.42034113
74.87744271
74.43380556
74.93348819
74.93348819
75.20088592
75.20088592
76.16108688
75.73365565
76.31031642
76.99231569
76.33530055
74.57425689
74.1184653
72.41414237
72.69639553
71.92728942
70.53222953
70.25875457
70.4653801
69.35257337
68.0993153
66.79541372
68.2147825
68.7846908
68.42748525
68.01828568
71.12171999
69.93531136
69.76042243
71.41545235
71.95092306
72.40333842
73.04617338
74.29132848
74.59383905
74.62152417
74.62152417
74.62152417
74.62152417
74.62152417
74.62152417
74.62152417
77.51158048
78.13415803
78.08554026
78.40290626
79.15783219
80.76559482
82.26126649
83.19040609
84.21948222
87.89350007
83.81365889
82.96352317
82.15997947
81.81897984
82.65628587
82.65628587
82.50165435
85.43357597
86.38634921
84.59356895
84.25391981
81.45367132
80.18420733
81.1822221
80.6440504
81.7001364
81.79602145
82.6090186
83.76841736
83.51857604
83.88050833
84.48417897
85.79348252
84.56858482
84.45176712
83.62121355
82.45506233
80.57517523
80.73385823
80.96614313
82.36187827
87.06159601
92.55742974
94.09159048
94.04634894
92.72961768
92.72961768
90.11911354
88.70042
89.40065094
89.25344713
89.1562116
90.28522425
90.01917701
87.75304874
88.53565978
88.36212136
88.36212136
89.09746512
88.3844045
88.41073913
86.89616055
80.01269464
81.37736843
84.02973787
84.54292544
84.07903089
83.13841209
83.13841209
85.88396559
84.51186409
84.99736654
84.23433765
85.51730658
85.51730658
86.40052939
86.40052939
88.75106351
88.76591894
89.43373803
89.12042351
89.33582724
89.31962132
88.75443975
89.83483463
89.83483463
88.85370103
87.82530015
88.3425392
87.69362702
87.69362702
88.12916121
87.49172823
86.69831323
87.73886856
87.62542709
88.07581671
88.59373101
88.36009561
87.58018556
87.32629276
86.70911718
86.67265385
86.43361649
86.62201034
87.58761327
88.45057869
89.79567032
90.51480816
91.10564911
91.35616568
90.62824963
90.6451308
91.44934974
92.88154821
94.30226748
95.62507597
95.84790741
97.57991546
97.46579875
97.62110551
97.59071941
97.74940241
98.64545491
98.06001594
98.55227085
98.7015004
101.7259308
102.7313733
102.9677097
102.5267735
102.3458074
102.3539104
102.5915972
104.7138979
104.2027361
103.1270679
100.8406823
100.9169852
100.0317366
100.158683
98.15387524
98.89664672
99.79810121
101.3876322
100.9757316
100.1701622
100.114792
100.9487218
101.433549
102.6861318
103.4133726
106.1987656
108.0651478
107.7336016
106.0805975
104.9873729
106.484395
105.3155428
104.4505517
103.1567788
103.1567788
103.1567788
99.84671898
101.3201075
99.66777857
97.05862493
97.05862493
98.24300782
98.18223561
95.29758127
93.12936378
94.80802733
95.17873783
95.66153929
96.51977798
96.97624482
97.98708928
96.78650047
97.4016503
96.8114846
96.51842749
97.10049023
96.95531217
95.18751604
94.25972693
92.85183735
91.51282294
92.85318784
92.85453833
94.26310316
94.89783516
94.69796211
94.20165571
94.36101395
94.36101395
93.1367915
93.32248437
94.3286021
94.78979567
95.76147582
97.34628007
97.67377476
96.59405513
96.99717747
98.0046457
98.41384526
99.65764987
98.7751023
98.0350318
96.2618337
94.93497373
94.45824949
94.45824949
94.45824949
91.46285467
91.46285467
91.35346469
91.64111983
91.23732224
90.82677219
90.46281416
89.90911178
89.91181277
87.79356355
85.90017151
86.1871514
86.47210555
85.28367118
84.00745472
84.265399
85.61521736
82.85075695
84.51456507
85.7556687
87.99613759
86.57069159
86.84821802
86.60175294
86.80770322
85.97579915
84.54225019
84.57601253
82.83657677
81.74942942
81.16601618
81.27135468
82.22885465
83.64822343
85.11756047
84.86096668
86.41335908
88.32565803
88.95633854
88.17980472
88.17980472
88.80103178
90.46078842
88.86585547
89.5039637
89.5039637
91.07256202
91.71809796
91.16642133
90.44863398
88.31485408
86.54300647
83.41796427
84.22083271
83.73060354
83.2727862
83.74748471
85.98322687
85.22830094
84.47269977
83.48751469
82.77310357
82.77310357
80.87025808
79.32326765
79.40497252
79.40497252
82.42197523
82.24438532
81.43543965
82.26396748
82.29435359
81.83788675
81.09241428
80.63729793
80.59475738
82.29502883
84.36871176
83.37339798
83.14448931
84.0445933
83.76841736
85.269491
85.480168
85.480168
87.59706673
88.9644415
92.71341175
89.73354761
91.99224817
91.24002323
91.04757789
93.33328832
93.10100342
91.97131552
90.98342944
90.98342944
92.42913285
92.36160817
93.25495969
93.26036166
93.63444839
96.80540738
96.16527341
96.80810836
95.43465637
95.86343809
95.65073534
95.54877308
97.4651235
97.79464394
99.04250003
101.0574365
102.0446473
101.8474753
101.8474753
100.58814
100.0540197
100.0540197
102.1763204
100.946696
102.268154
103.0514403
104.8881116
102.424136
100.2410631
99.08706632
99.82511108
99.82511108
97.29158507
98.10863371
98.10863371
101.1202344
101.6199171
99.80822991
99.80822991
98.40709279
98.40709279
96.68521345
92.60672276
95.41507421
94.32117439
95.86006185
96.22131889
97.13425257
95.78848569
95.43938309
96.02144584
95.0470647
93.02537577
91.69784056
90.69374857
90.10695909
88.43302227
88.596432
87.56938161
84.27417721
83.58339973
85.14794657
81.44016638
81.84261348
82.26464273
77.79248315
77.33264008
83.1789269
80.68794144
77.07672154
75.54931327
74.74441909
77.27929558
78.88705822
78.03152052
81.04649749
80.19703702
79.54137237
78.29689251
76.05979986
78.19222926
78.73175146
79.85873837
81.74267695
83.28223966
81.68055424
82.92098262
82.88114306
85.58955798
85.17225546
83.29506935
82.56917903
82.31123476
79.61767526
78.30702122
76.44469053
78.34618553
79.53259416
79.51233676
79.45156455
77.1915135
77.34006779
77.68376842
76.8957554
76.04089295
74.99696139
73.75180629
73.24469594
74.0968574
73.68698259
72.58497981
71.38911772
71.61127392
74.10225938
72.60456197
73.33720475
74.37438384
74.37438384
73.88280416
72.06639027
72.66330844
70.76924116
71.40869988
72.00156657
73.13530595
74.87474172
75.69854282
75.79982984
75.96459006
75.18332951
76.99636717
76.9909652
76.47912812
76.13407701
75.4270936
75.20088592
75.343363
76.45346874
78.34753602
78.26380542
78.08621551
76.75192783
76.00578011
76.00578011
76.00578011
70.66727889
71.53091955
73.72547166
71.10753981
71.56738288
70.73007684
69.38363472
71.53632153
71.01300525
70.66930463
70.94885681
68.84748876
68.84748876
68.84748876
69.58283253
72.17442975
72.08934866
70.749659
70.86782719
70.10547355
69.98055289
69.92248167
69.92248167
70.47685929
71.2878307
73.43646603
74.0016476
73.30276716
73.93142193
73.16636731
72.44993045
73.0191635
73.95370508
73.04144665
72.43102354
71.85841425
71.50796116
70.97991816
69.67128986
68.64153848
69.19524086
68.96970843
69.22630221
68.93864708
69.76312342
71.54982646
72.0798952
72.0913744
72.68356584
73.18122274
72.93070617
71.44381271
71.67609761
69.88129161
70.15274083
72.6498035
72.77472416
72.5025997
72.42562156
72.42562156
74.65731225
74.45878969
75.95378611
74.80316556
74.80316556
76.6418626
77.57978041
79.04911745
81.22003592
83.82176185
85.06286548
83.62121355
83.07088741
82.78188178
80.47591395
81.96753413
80.66903453
80.66903453
83.64754818
83.1674477
83.88996178
83.88996178
85.41264332
83.57732251
83.75018569
81.99454401
81.16331519
82.22210218
81.14778452
80.44957932
79.98973625
80.50292382
82.72178481
82.99323403
83.45510284
82.83860251
83.54761165
83.45645333
83.83526679
83.76369063
82.67519278
81.93377179
82.38078518
82.35445055
81.26932894
88.42829554
88.42829554
91.34333599
90.07252151
90.97667698
92.89707888
93.77895121
93.17528057
91.48446257
92.60604751
94.93092225
94.27728335
92.26302213
92.26302213
92.11311734
93.5162802
94.32387538
92.44398828
92.44398828
90.50130323
90.50130323
92.47099815
94.26445366
93.15502316
93.15502316
88.84289708
89.46885086
89.80850001
88.73418234
86.22699097
86.52274906
86.18039894
86.18039894
83.31195052
88.69906951
85.8177914
85.78943104
86.3357057
85.00817049
84.793442
80.61771578
80.61771578
81.41720799
83.08034086
83.08034086
84.56453334
87.85433576
89.71801694
92.11649358
93.55679501
95.80199063
97.90133294
96.72572825
100.0114792
101.4585331
100.4638946
101.7786001
102.8002485
101.742812
99.97028914
100.2700987
101.2917471
99.18160088
96.61161154
94.27458236
98.75619539
97.59139465
98.35577404
99.45440058
100.9662782
100.8325793
101.7664456
101.3147055
101.5314597
99.47870947
98.66503707
97.2976623
99.83996651
102.0871879
101.7198536
104.4775615
105.3452537
103.4106716
102.5477062
102.3586371
103.7617999
103.9495185
103.4099964
103.1365214
104.1845044
107.1346577
107.9449539
107.8389401
107.8348887
108.8801707
114.1903116
114.6602833
116.7548989
115.895985
115.1565897
117.6577039
115.2193877
116.5259902
117.789377
116.410523
115.737302
115.1059462
116.0337353
116.0452145
114.4698637
113.348954
114.2402798
117.1296609
116.0445393
115.5995516
117.4355477
116.0425135
115.1201264
114.9742731
113.4887301
115.8129296
117.7164504
119.961646
118.0041055
118.4382892
120.8847084
122.5822788
120.4795603
123.6073035
124.3466987
125.2987967
125.1718503
123.1886505
120.8603995
120.5295285
123.8767269
122.2622118
122.5640472
121.8266777
121.7557767
121.7557767
121.5052602
120.0926439
117.9784461
119.2033438
120.265507
120.7834213
122.7254311
124.9199833
125.7309547
125.2751631
125.0219455
126.6297082
125.4595054
123.1859495
122.0103448
124.0610693
124.2346077
131.1815469
131.6947344
132.7994382
133.8318906
133.0242954
133.6320175
128.7466069
130.2260726
130.2260726
131.521196
128.3812984
126.6614448
125.9936257
127.2212244
124.8882467
120.6544492
116.0323848
111.0389347
117.2620093
117.0736154
118.1391549
120.8387916
122.3351385
121.3357732
121.3357732
121.3688603
121.1331992
120.1459884
120.0663092
118.9514768
120.3640931
120.1858279
122.5728254
122.5728254
124.2251543
125.2245196
124.861912
123.6795549
123.3547612
123.5161452
125.0644861
125.8052318
128.8911097
129.3550043
128.2475995
129.2955825
128.4751577
129.5440734
128.2219401
126.8896782
128.5095953
127.5642497
130.4840169
132.3308169
137.1912434
138.6342458
136.6557727
135.1310654
136.8934596
139.4229341
141.4581279
141.4581279
151.950788
156.2149716
152.6179319
153.8421543
151.058787
153.3093846
146.7561144
151.5848042
150.095885
150.9190109
151.4598836
153.3377449
153.6301268
151.165476
154.5815496
157.0718598
157.335206
157.335206
159.5338096
161.3124097
157.0718598
160.3589612
165.1923778
168.5949465
170.3836752
173.5634124
174.2251543
176.7667833
182.845355
189.28856
193.3305873
195.1341715
198.2126217
206.2109201
209.4602077
218.6969087
212.8418437
201.5557686
200.4463381
191.5236269
195.19832
185.7617459
194.7621106
193.7053493
186.4275393
192.7215147
191.595203
189.4101044
182.7265115
181.6947344
173.655246
171.0818804
169.6739908
162.2618067
162.2618067
162.2618067
160.8086756
165.6501951
166.25184
167.4314962
171.3641336
175.3224303
177.3913866
171.4465137
166.6691426
164.246357
152.6915338
154.0339244
157.0198658
168.5199941
176.3697381
177.247559
171.7010817
163.0363148
163.0363148
153.3282915
148.5313382
145.244912
146.4995206
146.4995206
142.2535687
140.2440342
146.2415763
143.0544114
140.0853512
140.0853512
130.5002228
127.4156954
134.7124124
140.3270896
132.2146745
135.1074318
131.9729361
125.5250044
121.1284725
123.7531568
124.0928059
123.7855686
121.1413021
118.106743
113.1173444
114.3807312
114.0896998
115.6171081
116.7967642
119.6571097
122.4735641
125.934204
123.4276878
127.5797804
130.3840804
132.6610126
133.1343606
136.5409807
136.0649317
133.786649
133.5678691
134.5071374
135.9359596
139.7943198
142.4500655
143.816765
139.1589126
140.968574
138.1480681
137.1311464
137.387065
139.1312275
140.2251273
138.8921901
142.3649844
143.6027118
143.5642227
142.6573663
143.127338
141.9827947
142.1853688
144.5993761
141.8119573
140.8524316
138.437749
137.6875498
134.1188704
133.1296339
130.1072292
121.855038
126.7654328
122.0859724
125.1509177
125.1117533
124.6208489
124.0408119
124.3426472
122.3054276
120.8543223
121.1959971
125.1124286
125.7120478
123.5384283
121.9299904
123.340581
123.340581
127.0652423
125.5769984
127.5493943
129.5163882
130.8648561
129.9769066
131.515794
130.5312842
129.6561643
130.0160709
130.243629
132.2936783
132.2936783
136.2533256
136.3194998
136.9771902
137.2297325
138.5397113
139.3520332
140.8294732
138.7173012
137.5011817
133.7859738
128.3293044
125.3399868
127.1050819
125.1293098
117.8791848
122.8604805
119.8211946
120.957635
118.2937864
118.5193188
118.5193188
119.1310924
120.0278202
118.7475522
118.0203114
116.9399165
114.1963888
110.5243967
111.5487461
107.9577836
108.2879793
106.4398288
104.2000351
108.290005
108.667468
105.753778
106.9287074
109.6236174
109.6236174
109.8815617
108.703256
110.134104
112.1855038
114.3300876
116.2005213
115.999973
116.5914892
118.8130512
118.1816954
116.0141532
111.8667873
115.8500682
116.155955
115.2578768
115.3922509
116.1336719
115.9581077
114.0221751
113.9580267
114.36385
117.7630424
119.0770727
118.6287088
118.1634637
120.1047983
120.2128378
121.644361
122.6619579
123.2406445
124.3818116
126.0692533
126.290059
128.3833241
127.5055033
122.8118627
123.9557308
122.7490648
120.8023283
118.8326333
114.2564857
114.2564857
111.7000014
113.4077005
115.2072332
117.1087282
116.5516496
118.3322754
119.2087458
121.49108
124.0212298
121.4107256
121.6254541
119.6631869
118.2309884
118.4511189
118.64559
119.0352074
119.3329912
120.6645779
123.8929329
125.4986698
125.4021095
126.4906073
126.7120883
126.7120883
124.2386592
127.9268573
126.6236309
125.0070901
126.9950167
127.8032871
128.3272786
126.1219226
128.5426824
128.9444542
129.2132024
127.7924832
127.5966616
129.9627264
126.5047875
127.2300026
127.2705174
125.2778641
123.6437668
119.001445
118.8414115
117.0175699
122.4364255
122.8787122
117.370724
114.0485097
114.0485097
115.266655
115.1883263
109.608762
105.5640337
99.44359663
104.1581698
106.8692857
105.3283725
104.8421948
103.4896755
106.284522
104.2594568
101.732008
101.8704336
103.699002
106.3932367
105.1960241
100.8670169
99.27005821
100.5422232
99.20253353
99.20253353
99.13770983
98.12551488
95.95662215
91.96658879
88.29662242
88.29662242
90.62554864
92.73231866
96.92830229
100.1316731
100.892001
100.9298148
101.5740003
102.0216889
100.0904831
96.18418032
99.00536146
99.00536146
99.86832687
99.19037908
100.1384256
101.2991748
102.4234608
101.8096614
101.36805
100.9379178
101.050684
101.3896579
101.6313963
103.6679406
103.3147866
102.8380623
103.0973571
104.2655341
104.4032844
103.8684889
105.5336475
106.221724
103.8637622
103.0224047
101.0722919
99.37269572
98.27001769
98.43815415
98.25786325
99.313274
99.77851905
99.57459451
99.71909733
98.26326522
95.90800438
95.20102097
96.621065
96.569071
96.51099977
95.62777695
93.38055559
96.06061015
96.16594865
95.87761827
97.40705228
96.26318419
93.31100517
93.12328656
93.30627844
92.81739976
92.47572488
93.38190609
94.5291504
96.81418558
96.68386295
96.33476035
96.06938836
95.13282105
94.77629073
94.00178265
93.6952206
93.59190784
92.82820371
92.02668575
91.91256904
92.82685321
93.91467581
92.68572663
93.21309439
94.0544519
94.03824598
93.89509366
93.62702068
93.99570543
93.52708415
92.66209299
93.97207179
93.97207179
94.23676854
93.39000905
93.04428269
93.45955947
93.45955947
93.83972342
93.78907991
94.14493497
94.09361622
93.87956298
93.53518711
92.17524005
91.58372385
91.90108985
91.84774535
91.26635785
91.30147069
91.15696787
90.37840831
87.21217605
86.04805056
81.57183951
77.138169
79.46912096
80.35166853
79.01400462
74.92133375
76.67022297
76.03481573
77.31440842
78.1523897
80.42391994
80.26861318
80.26861318
79.10921442
80.15449647
80.56909801
79.39214283
80.24092806
82.71840858
83.64754818
83.9075182
84.47202452
85.48084325
86.88603184
85.14051886
86.19187813
85.80428647
87.35802936
86.65374694
86.42416303
86.42416303
86.37959674
85.0054695
86.00956149
87.57680932
87.55182519
87.07510095
88.42964604
87.05011682
88.16292355
88.62479236
89.03264143
88.70447148
88.70447148
91.70459303
91.70459303
94.34345753
93.05035991
93.75734331
94.25567545
94.06863209
96.05858441
95.14632598
95.05786865
94.65879779
94.65879779
94.81883128
96.37527516
99.48276095
99.79810121
100.3619323
100.5726093
99.53137872
99.60295488
98.82507056
97.82503005
97.82503005
97.34087809
95.18684079
95.54674734
94.46432671
94.64461761
94.64461761
93.33463881
91.74105636
93.28534579
95.35700298
94.81815604
95.52784043
96.85402515
98.98307832
99.96961389
100.900104
99.71166962
98.91555363
98.20316826
99.76906559
98.45233433
98.45368482
99.9682634
98.95741894
99.10394749
99.03507232
98.81966859
98.43207692
97.97561009
97.38409389
97.42663443
96.89791619
97.5819412
98.0262536
97.65149162
97.81625184
101.261361
101.1020028
102.4585736
103.0203789
102.5652626
103.2378084
104.437722
105.6011722
106.3621754
105.3776655
104.2891677
104.5450862
105.6822018
105.9502748
108.6465353
108.2008724
103.9974611
107.3608654
106.8557808
107.0353964
106.5566465
108.6188502
107.8551461
106.2460329
104.5410347
105.3067646
105.641687
106.6545572
106.3959377
104.9556363
105.4046754
104.2331222
103.6915743
103.6915743
102.3397302
102.4059044
103.0750739
103.0750739
103.6071684
103.5653031
102.3971261
104.0548571
103.5936635
103.0116007
102.5814685
103.3235648
103.8286494
104.2081381
102.8657474
101.644226
102.1661917
102.1141977
99.84536848
100.3484274
100.6914527
101.0844464
99.61645982
99.96556241
97.95940416
99.07288614
99.07288614
99.98311883
100.1917701
100.47875
101.2789174
101.6914932
102.5605359
101.6253191
101.9494375
101.433549
100.7556012
99.52935298
99.06275744
97.4549948
94.86002134
94.64394236
92.86939376
96.75881535
96.33138412
93.59866031
94.01191135
93.24550623
92.85183735
93.48859508
93.94371143
95.7020541
95.7770065
94.45217227
96.50019582
99.03372183
98.56982727
97.83245776
97.90808541
98.17210691
97.1072427
95.7223115
96.34286332
95.57240671
95.48327414
94.9315975
93.81879077
94.52779991
95.23613381
96.30707524
96.35299202
96.73113023
96.92965279
97.35235729
98.10188124
97.94454873
97.17949411
95.91880832
96.11260416
95.24693776
93.97747377
93.72493146
94.69256013
94.33535457
91.7835969
92.8714195
90.77342769
90.68091888
88.50729942
88.52012911
87.34587492
87.4350075
87.28982943
87.12979594
87.68349832
88.1305117
87.95697327
86.3471849
87.28172647
88.03395141
88.58090132
87.78411009
87.78411009
88.79833079
88.9225762
89.69100706
89.76393372
89.50869043
90.65323376
90.61609518
89.83888611
89.87602469
90.30818264
92.25897065
92.4284576
91.45002498
91.92337299
92.02263427
91.17519954
90.44255675
90.44255675
91.03812443
91.288641
90.4850973
89.88615339
90.85918403
89.75177928
88.9340554
88.41546585
88.29257093
87.97993167
88.08729591
88.00289006
88.70852297
87.46809459
86.76246168
86.76246168
86.16216727
86.12300296
86.54570746
87.18381568
86.49506395
86.9157427
88.05150783
88.18925817
88.18925817
87.84690804
88.13861466
87.96575148
87.70983294
87.17166124
86.86442395
85.73068457
84.81369941
83.93047659
85.40251462
85.36537604
87.06902373
86.92857239
88.15144435
88.3209313
88.3209313
87.95629803
87.52819155
87.19259389
87.63285481
87.64973598
88.87936041
90.67416641
90.88146718
90.88146718
91.58574959
92.53649709
93.82621848
94.69796211
94.91674207
94.60072657
95.91678258
96.05183194
97.55087985
96.15581995
95.17131011
95.94514295
97.7939687
98.9553932
97.20515348
97.86014288
98.77915378
99.52192526
98.9553932
98.41722149
98.87436358
99.03237133
99.15256526
98.88921901
99.73530325
99.73530325
100.5212905
100.9385931
100.3565303
100.4456629
100.7562764
100.0249841
99.87035261
99.3348819
99.18295137
99.91897038
100.6306805
99.32407795
98.40101557
98.94864073
99.84874472
100.1681365
100.0216079
99.10934947
99.34838684
99.72314881
98.2585385
97.18219509
95.68922441
96.29424555
95.45423852
95.11661512
95.99308547
96.94315772
96.70952233
96.24832876
97.54750361
96.81891231
96.10652694
96.01131714
95.52919092
95.52919092
94.92484503
96.68926493
96.80878361
97.24094156
97.30238902
97.33885235
97.69403217
96.50154632
95.88369549
96.36447121
97.06200116
96.77164504
95.87019055
95.3860386
94.32117439
93.16785285
92.60942374
93.33801504
91.868678
91.79845233
91.79845233
90.91252853
90.91252853
92.15093117
94.27390711
94.50416627
92.93084122
92.67829892
92.52636839
91.69041285
91.6147852
89.43238754
90.36017664
91.33995976
92.4385863
93.08817373
94.3603387
93.0199738
91.88961065
87.38706497
85.59766095
85.59766095
86.30531959
87.21960377
85.75701919
85.75701919
86.08518914
85.90017151
84.75292719
84.50578687
84.17761692
84.54900266
84.95482599
85.10135455
85.10135455
85.77390036
86.08586438
86.41268384
86.14461086
85.39981363
84.99669129
84.67662431
85.43425122
86.218888
86.94815455
88.14671763
87.5288668
87.99141086
87.81652194
87.13384742
87.43095601
88.84289708
88.39520845
89.77473767
90.8861939
91.08876794
92.0071036
91.46352992
92.27787756
93.74113739
94.83233622
95.56903048
94.03014302
94.6459681
95.20642295
95.96540035
95.58861264
98.42262347
98.52053426
98.99455751
99.59080044
98.67584102
98.31525923
99.96218618
100.9838346
101.9170257
102.5780923
102.2850352
102.1905006
103.7840831
103.0244304
102.9737869
103.5477467
103.3985172
105.4033249
105.3256715
106.2251003
105.1872459
105.9853877
104.6173376
103.7408673
101.792105
101.1897849
101.7995327
103.8137939
105.9360946
106.1623023
106.6633354
107.5094197
108.0921577
109.0395289
108.9868597
107.4108337
106.1663538
107.8355639
109.816738
110.0638783
110.1509852
111.0173268
110.5574838
110.5574838
112.2942185
113.3408511
114.9175524
116.1248936
116.5462477
113.7554526
117.1688252
119.2215755
119.3633773
120.5045444
122.2784178
122.9448864
120.6909125
122.3135306
124.240685
126.0760058
125.876808
126.128675
125.086094
122.6788391
119.7064027
121.9360676
121.0521696
117.9217254
119.6544087
118.322822
120.1973071
124.2204276
122.2527584
124.7363161
125.2792146
127.0132483
127.340743
127.340743
129.9586749
132.3287912
132.0836766
131.7980472
133.8116332
135.8778884
137.9346901
136.2999176
137.7024052
139.0285899
140.0367334
137.7895121
134.6820263
133.6502492
131.4266614
134.7265926
133.1552933
133.0702122
134.6084244
135.5733521
138.8989426
143.4858941
144.9586074
143.8316205
143.6324227
141.767391
142.0509946
142.3636339
142.6627682
141.1083501
138.3972342
140.4634894
139.1197483
137.0744257
135.9994328
137.2013721
137.108188
139.337853
139.337853
142.3001607
143.6803652
147.3557335
147.7689846
149.2518265
149.5955272
147.1018407
146.9174983
149.6461707
150.6448607
151.4936459
151.9669939
153.8023147
155.1318757
154.6970168
155.7767364
157.8274609
158.5465988
158.3332208
160.3724661
160.3724661
162.1092009
165.5286507
165.8595217
166.2268559
168.57739
171.2392129
172.3992869
169.9920321
169.1547261
172.9090983
173.4202601
171.0602725
173.1373317
174.3824868
171.1885694
167.5368347
170.4032574
167.0310749
161.9464664
157.395303
163.5319459
163.5319459
168.0959391
165.0667819
163.2935838
160.8930814
160.8930814
157.6890353
162.2260186
161.4461086
163.8067714
167.4585061
167.852175
167.9527867
167.4544546
169.3302902
169.2141478
169.9083015
169.6888463
164.9459127
163.8810485
159.9517874
160.4832066
157.7997758
156.0583143
158.6337056
162.4583035
162.4583035
162.9701406
161.9518684
163.7088606
164.8770376
162.8924872
160.303591
157.5060435
158.2521912
154.3796508
153.4977784
153.5808338
150.9196861
152.2370927
149.376072
150.413251
149.8514457
150.2849542
154.1000986
155.3168933
153.8826691
155.8348076
159.616865
161.0821505
162.4866639
162.1571434
161.9680743
162.467757
162.467757
160.9923427
164.5029508
164.5029508
162.77702
163.2003997
161.2138237
161.4933758
163.5947439
164.7568436
164.8669089
164.8669089
158.9389172
158.705957
157.5782949
156.9428876
155.1082421
156.8962956
158.0806785
160.0193121
157.9368509
154.8145097
148.5387659
149.26128
150.2322849
140.8598593
124.8693397
135.4031899
139.7686604
137.860413
138.9806474
143.3555715
142.8390077
142.3798398
141.8207355
135.6766648
134.2120545
136.3478601
138.487042
135.8819398
137.7753319
139.1730928
139.7713614
139.8834524
139.4647994
136.3917512
134.3565573
136.2945156
135.7266331
137.1878672
135.6456035
134.9777844
134.6800005
132.1376963
133.9095439
135.2688158
137.318865
137.5275163
136.1506881
138.552541
138.2925709
137.4626926
139.6531932
140.4553864
137.1622078
139.7335476
139.7294961
138.5437627
136.8900833
138.229773
140.0461869
140.7457426
140.3757073
141.3865518
142.6809999
143.5095277
144.6655503
143.7424879
143.5351871
145.2077734
146.5326077
147.1896228
146.8763083
146.2071387
148.5428174
146.7243778
147.4246087
147.9567032
145.6858482
144.5379286
143.5291099
143.4068902
143.6229692
141.9881967
144.4596
142.8167245
142.1927965
142.6344079
142.9943144
144.2637784
143.9882777
145.8492579
146.0862695
146.7858252
146.4367226
146.9721933
148.0276041
148.5752292
149.4219887
149.0674842
150.8129972
151.6624576
152.5517577
152.3363539
153.5936635
155.8104987
155.2277607
156.9624698
157.3446595
154.9151215
154.4917417
154.3080746
153.0460383
155.1703648
156.7119532
159.3595959
161.8775913
161.871514
160.7425014
162.2469513
162.3914541
160.6391886
159.4851918
159.4851918
161.0402852
160.3414048
160.1496347
161.7546963
159.986225
159.2799168
159.2799168
157.8510946
159.5729739
159.9943279
161.5527975
160.2252623
161.0598674
162.4758599
164.8817643
164.8446257
166.2363094
167.3977339
167.5692466
168.7117641
168.1513093
168.1513093
168.1513093
169.38431
170.3654436
170.5680176
168.6712493
168.6064256
169.9238322
170.703067
170.5349305
170.5349305
174.1265683
176.2792551
175.5871271
178.2563777
177.7634475
177.6648615
177.7465664
175.8045566
177.0510622
175.3440382
176.51154
177.884992
179.7993167
180.626494
178.6912366
180.2004133
181.3881724
180.2645617
180.6710603
182.3213635
182.3463476
183.4476751
183.5948789
182.0863776
184.4382622
186.9542318
185.8758626
180.938458
178.1766986
179.7662296
176.8977811
174.497954
170.9421043
173.9435764
172.5215066
172.4593839
172.6673599
172.0677408
172.0197982
172.0197982
169.9974341
171.6160006
171.6160006
173.6235094
178.1929045
181.9641579
182.4246762
181.8041244
184.1884209
184.2701257
181.8844788
182.4739692
184.0486448
183.6488987
185.4092671
186.8705012
186.2398207
184.3943711
184.0270369
183.3362594
182.1647062
183.4368712
183.2505031
183.0573825
182.83185
186.7010142
184.7522519
185.3444434
188.11228
189.9158642
190.8834929
191.9132443
191.3102489
191.8673275
190.3493727
189.1960512
187.7192864
187.7199616
185.6813915
186.2431969
185.0837981
182.0627439
179.3084122
178.6817832
178.6817832
180.4860426
176.9058841
177.4339271
180.7811255
183.4598296
183.5131741
182.2335814
183.9912488
182.410496
180.0613124
177.8512296
179.6696693
179.8708928
179.8708928
173.6971113
171.0879576
169.9116777
172.4863938
174.4094967
176.1036909
176.8741475
175.7951031
173.7524815
174.388564
170.6186611
171.9434953
172.4411522
174.281875
176.1543344
177.3582995
179.6757465
178.880981
178.4927141
178.9282483
178.6203357
180.7210285
179.0632976
178.4697557
179.469121
180.0700906
181.6110038
182.2869259
183.1005983
185.2343782
185.9548665
184.9831864
186.1689197
186.8347131
184.8197766
187.5835618
187.2709225
188.2365255
190.500628
189.5113914
188.4289708
189.6950585
190.3736816
191.3723716
191.439221
191.7687415
194.1226518
196.4205167
198.2011425
197.4408146
197.9830378
198.3517226
195.3894148
197.3557335
200.0425405
199.8055289
201.9075722
200.5408727
202.4477697
198.1201129
199.7629884
202.2283144
201.7299823
200.1181682
198.1775089
200.788013
203.2344322
203.58421
203.8556592
202.7117912
205.6862533
207.8821559
208.6958283
210.4386403
210.4386403
210.6540441
211.2745959
214.2733669
214.5765527
215.1869758
213.7459992
209.8160628
209.1414912
212.8445447
214.9270058
213.4434886
213.4434886
212.7878239
215.5354032
214.3179332
213.8391832
212.6824854
208.9983389
208.4520642
209.9551636
210.7890934
209.4129404
212.4225154
214.0836226
216.1822896
216.4584656
216.7501722
217.1647737
217.1647737
220.2438991
220.1939309
222.5505422
224.1252178
224.0050238
226.6297082
228.6750307
230.041055
231.8480154
230.4414764
222.9063973
222.9529893
229.6548138
231.4563723
233.3430119
234.5814145
233.9379043
236.1844504
239.4141559
237.7219874
232.8095669
231.7663106
231.3996516
233.0675112
233.0675112
228.563615
224.2913285
224.0806515
221.9029805
217.9365808
217.004065
220.4302673
216.7677286
218.2195092
217.5672208
213.0802058
209.7991816
215.3875241
217.0108175
220.2756357
220.2756357
220.2756357
224.0117763
226.7937931
226.4318608
227.0740206
231.2207112
231.9817143
231.9817143
234.8474617
236.2026821
237.2486394
235.490972
233.5955542
236.3519116
238.856402
241.9679393
245.4758464
244.5001148
240.804489
245.3502505
246.038327
242.8788472
242.651289
244.9862925
245.7925372
249.5698678
251.2221967
254.4208408
254.1115778
252.3410807
255.6079247
258.3359218
256.5883831
256.8989966
257.6444691
254.5957297
249.7197726
255.3810418
254.7348306
256.7146542
258.5310681
258.3615812
262.5001688
265.5198725
264.9871028
266.1356976
265.3645657
261.3353681
261.3353681
258.6661175
258.7957649
256.6788661
256.8166165
255.7841641
260.763434
263.1403028
261.0571664
263.2017502
266.207949
266.207949
270.9481816
270.3634178
272.5289343
270.5011682
269.4255
266.9351898
273.168393
275.9976772
274.8267992
274.8267992
276.5628587
278.3630667
276.4284846
276.2468432
276.618229
273.0164625
274.8936486
276.8039218
277.7580456
277.5284617
276.6708982
279.198347
280.8385215
285.5098789
286.5565114
286.0075358
294.7229462
294.6351642
289.1663403
290.5350656
296.311802
297.7149648
297.2639
297.2639
300.6847003
300.3457264
302.9535295
301.5888557
299.6265885
299.3065215
301.6536794
304.1655975
304.4836388
307.712669
310.5473551
310.076708
318.3815685
320.653774
322.8503518
322.8503518
318.0284144
320.0359231
320.0359231
311.1064594
306.448607
306.448607
315.4732805
322.5323106
323.8348616
328.4562508
328.6372169
325.0104663
318.3754912
326.232663
322.8706092
323.3723176
328.9100166
333.8102827
336.486961
338.705822
339.6680487
342.7944414
344.4980891
346.506273
341.4588032
336.7151944
323.7842181
325.5189272
333.4821127
311.2428593
299.2302186
286.6929113
295.9134064
288.5397113
290.1630046
295.4697692
296.5407106
295.0936567
285.4268235
276.0672276
285.9697219
279.8351047
272.4647859
265.3740192
250.9764069
266.0377868
257.4871365
245.5494483
240.7970613
257.9962726
266.9581482
270.804354
266.3848637
271.8124975
278.6669278
282.1174389
272.2892217
275.3919808
274.6782449
276.0969384
288.6315448
290.8294732
290.4614637
296.5245047
293.0841222
285.6287223
290.503329
288.7787486
297.3456048
295.455589
290.7936851
280.1544965
278.2253164
271.9765824
280.5535673
273.6133807
276.7789377
282.6056424
288.5660459
291.7322781
289.7477278
291.4669062
291.0408254
294.0220401
295.1132389
293.6290464
292.7012573
297.7163153
301.5037746
301.8994693
303.6848218
306.8159412
306.8159412
310.9984199
312.3016463
312.6568261
314.358448
313.8445852
311.1820871
314.3618242
315.6184585
316.7697543
319.1358191
319.6226721
318.2823072
321.1473794
325.187381
324.6971518
325.1293098
323.0529258
324.2832255
314.5508934
318.2897349
324.0995584
326.4399638
327.0206761
328.9039394
325.649925
329.0666739
333.0330736
332.2612665
330.5285832
334.642862
335.9271814
336.6064797
338.5592934
338.5592934
335.904223
331.5144435
336.9609842
337.4593164
337.1000851
337.3627561
337.1075128
342.8140235
348.3240374
353.1088363
351.1870839
351.1202344
347.7169906
347.4907829
345.2617932
345.2617932
345.2617932
347.4239334
352.8130782
356.2196983
353.8637622
356.013748
357.8558213
358.2508407
359.8856132
359.6540035
357.2129863
359.6567045
363.5083123
366.5327427
368.0837846
368.8198036
369.321512
366.4348319
366.629303
371.5302443
373.4871095
373.384472
373.5222224
374.2123246
368.7921185
369.3350169
371.5032344
376.2887085
376.99029
378.7371534
378.5926506
379.3374478
374.7943873
364.5968101
353.7645009
358.9402677
367.4389239
371.6173511
374.8369279
365.8250841
364.1734304
365.9898443
368.8643699
368.8643699
374.8524586
379.4745229
379.5251664
378.6682783
378.6682783
382.9041014
384.3727632
381.3226734
380.9472362
375.1975097
372.6221184
367.6057099
374.4587897
385.3498454
388.2723135
387.7138844
388.3074264
390.2703688
389.0940889
390.3453212
385.7705241
387.4957797
391.5114724
391.5114724
390.0434859
390.0434859
387.4019204
391.3919538
395.398193
398.9938823
397.721042
402.2013046
402.9352979
399.5084203
389.2426432
385.3248612
383.2883169
393.9058976
393.9058976
394.8802787
390.454036
387.8563615
382.577282
373.6532203
374.1306197
370.4167623
354.7591395
360.7343984
352.9744622
339.1102948
346.7270787
343.8755115
356.4398288
352.5179953
353.012276
356.2608884
344.4393426
345.0187043
341.9476819
347.991816
350.0803544
355.6369603
364.9445622
363.7412724
359.9254528
359.9254528
353.2236282
355.023161
358.3089119
341.17655
346.0768161
349.6765568
352.0966413
352.0966413
361.3617027
361.9322863
361.2874256
359.6695342
367.1640985
374.9760287
372.6437263
372.9050468
371.0555458
378.5440328
379.5805367
384.3234702
387.2020473
387.5092846
379.7095088
380.5123773
380.5123773
380.5123773
386.3154483
383.422691
382.3841614
378.563615
378.5285022
378.0571799
378.7965751
383.5928532
382.692074
387.436358
392.9058571
393.2252488
397.1085932
399.4388699
396.2442773
392.6229287
395.9059786
398.1430713
400.8292031
396.67576
401.0216484
402.2431699
399.9209961
400.7630289
393.2515835
391.4729834
387.2425622
388.3992599
389.4492687
386.4808838
391.8052048
391.562116
389.3493322
394.875552
397.9735843
400.7191378
399.8568477
399.9466555
399.7136954
398.0127487
399.6630518
404.180453
404.648399
408.2879793
409.7093738
408.9598498
411.6182965
413.348954
412.6980161
410.1226248
415.6522209
421.1797912
422.3121801
422.5762016
422.4411522
428.6493713
428.2124867
431.7244453
432.6198225
428.98767
433.7035937
417.4564803
417.326833
425.2792146
407.9800667
408.7295907
413.3577323
405.6923305
407.5134712
418.2276122
412.29827
405.9030075
410.0199873
409.4494038
409.4494038
392.0996124
386.3735195
394.1530379
381.2227369
386.8691507
384.7090362
390.8267722
402.7597337
405.6626197
406.4769673
411.0740476
416.4314557
419.4997772
422.1440436
421.5997947
425.9139465
424.6411063
424.4067957
422.9320567
423.6869826
427.8053128
427.8073386
425.8180615
429.9384175
446.6001323
448.3483463
455.2277607
462.3867273
463.3793401
464.2240739
469.545694
473.9611328
477.616919
477.616919
491.1535916
490.4621389
487.707132
480.0565857
500.9980148
511.2354316
514.9972315
504.7334801
520.6990155
522.9307062
512.8803328
495.403595
482.886545
484.150607
508.0550191
509.3467662
514.6825665
527.6790417
546.9607141
544.5804692
547.0235121
543.2252488
550.7913893
540.0867017
536.533553
533.7204748
527.5480438
523.2419949
516.7083069
523.7052143
550.0074277
545.60887
545.0382865
546.8533499
535.9021973
516.5833862
516.8257998
525.5499885
537.3742353
534.9305171
529.13825
529.7041069
540.024579
549.8730536
549.4787095
556.2467082
557.1907032
561.5933124
560.7924696
570.8279876
574.8119438
569.0730212
568.4990614
545.0531419
539.7234189
540.1407214
542.030062
542.030062
561.6480073
561.6480073
572.9043715
572.8341459
575.1887315
577.4156954
578.3367321
585.9082745
584.4085513
594.9808905
597.4847057
596.4238929
595.9410915
585.0372061
592.0705768
596.4299702
584.3187435
570.7010412
565.9756641
542.4919308
493.3555715
464.6805407
494.0051589
480.4063635
515.6164328
510.1820465
509.6134887
497.4252839
494.0639054
507.5749186
520.3512634
521.4397612
507.3689684
490.1913649
485.6739638
460.9396735
461.2435345
469.5835078
493.9963807
504.7915513
502.9967453
502.4943617
489.4209083
492.1536322
481.9081124
490.3750321
497.469175
498.2882494
497.4698502
489.8625198
463.0667009
452.5098924
458.1988467
458.1988467
440.1346442
439.2149581
447.5495294
448.3388929
423.8436399
436.2546761
407.9881697
407.5546612
410.5365511
410.5365511
410.5365511
414.9857523
442.6053723
441.5472605
438.9928019
450.158683
428.7540346
428.50892
431.3874971
434.1958486
421.7767094
432.1194647
428.1564412
433.5725958
431.5495564
435.1040555
435.1040555
444.9498292
448.9533675
456.6579335
456.6579335
463.0883088
465.9209691
463.7831377
464.5070023
473.7383013
471.8408578
484.0925358
480.7811255
480.7811255
488.752414
486.6490202
482.8750658
483.2268694
475.4162897
462.7358299
465.8608721
462.5629668
468.692182
479.5913406
482.5293395
482.5293395
477.6371764
478.2860886
469.75367
461.2840493
450.6360825
449.1323079
455.4816535
448.8088646
451.7049982
440.6734912
438.6585547
424.7430686
432.4057693
428.670304
414.8777128
409.6067363
416.9270869
417.6901157
415.4482964
421.1770902
430.5994841
422.9894526
414.675814
399.165395
391.2373222
385.4437047
388.645725
394.8188313
377.2745689
367.7488622
353.8124434
373.168393
355.9502748
366.0587195
367.4152903
362.6001053
379.6183505
378.7567356
366.2464381
362.1672721
345.4724702
340.7903089
353.7881346
366.1971451
371.1777655
379.2692479
402.4470944
399.6603509
385.0723189
386.8515943
371.5714344
385.9521655
387.2769997
395.2739476
394.7972234
405.277729
406.7403136
408.6586898
409.1739031
418.4301862
410.9403487
408.0752765
398.6960984
398.6960984
395.4758464
393.4149932
397.3766662
385.5956352
390.5532972
392.2130539
392.3757884
388.0798682
380.5015733
394.2063824
393.2900725
407.488487
407.488487
402.4369657
391.3068727
402.8603455
400.9291396
394.5190217
386.0095615
376.4143044
362.456953
360.8694478
353.5659784
355.7490513
375.7113725
374.6613637
363.5386984
366.4490121
362.7000419
350.9230624
337.0663227
343.5925831
347.5515551
347.5515551
333.2464516
312.2374978
309.187408
299.0992208
299.0992208
275.5817251
294.8309857
300.0641484
283.362594
276.6533418
261.8701635
267.8454225
279.9856848
266.8811701
256.4222723
228.0173403
223.4553729
236.4964144
237.6031439
237.6031439
258.4635434
271.0292112
277.5190082
263.7007576
254.0075898
259.9463854
274.4716194
256.3662269
248.7946845
248.7946845
243.6202682
239.925993
231.4975624
227.2441827
217.8265156
228.2219401
228.7020406
224.0752495
232.0235796
232.0235796
233.852148
228.4312666
225.3582184
225.2515294
237.2398612
230.6143395
235.1256634
235.1256634
248.0971545
247.7055114
249.2862641
253.7422178
257.8382649
250.9872108
259.9051953
261.556849
256.4877713
249.4949154
246.8540251
246.8540251
240.7734277
246.6379462
251.5746755
249.3139492
256.0927519
258.2447635
267.1640985
269.9285589
249.5691925
249.5691925
244.6797304
236.7752914
234.7461747
243.9025214
234.7677826
241.6262644
242.0388402
236.4748065
228.6088565
228.2084352
224.2589166
224.2589166
232.8858698
240.711305
240.2447094
244.8478669
235.7286588
237.0757762
237.9529218
235.2904236
241.2238173
248.4914986
250.2383621
249.2943671
245.6412819
250.0607722
241.1839777
233.5766473
233.0729131
233.7366808
228.1098491
228.1098491
227.2853728
229.5089605
230.8351452
229.5393466
222.0846219
217.7758721
218.9967183
212.7088201
215.8716761
212.4630302
212.4630302
212.4630302
218.476103
229.1456777
234.2964604
232.1741597
235.5470174
236.9015625
236.3654166
248.0215269
248.4766432
254.6963415
262.3928046
264.1464205
251.742812
255.3709131
260.9045606
272.9320567
272.9320567
278.1118749
278.1118749
284.6779748
286.1918781
286.1918781
290.4358043
290.4358043
299.15189
288.8928653
291.3075479
291.3311815
288.4802895
286.3904007
295.244912
299.7825705
300.1485543
289.7504288
301.0689157
301.0689157
301.0689157
320.4478237
321.1993734
315.6832822
320.4329682
313.8972544
309.6594055
321.8489608
318.4970357
315.3294529
322.4755898
380.0309263
376.5263954
372.5039502
365.255851
369.6753413
371.7226896
362.8958634
377.2705174
380.6123138
387.3526274
394.6614988
394.9167421
394.8330115
398.8243953
401.2809432
389.1528354
401.4673113
410.4960363
408.7883371
405.3830675
395.9451429
399.2545275
386.123003
378.6480209
385.6172431
379.882372
379.5629803
382.4591138
379.72639
392.0509946
394.2880873
384.1850446
388.5511905
389.6687239
396.1537942
373.2649533
375.2549057
364.9209286
365.4969141
358.6303294
356.1352924
369.529488
380.9121234
381.8952827
393.7566681
406.1886369
403.0622443
396.1868813
407.5384553
411.5764312
411.1915405
410.0915635
406.0211757
411.2590652
417.7225276
425.3217551
422.7173282
424.8051913
414.6420517
405.3330992
402.4768053
404.741583
402.7644604
415.3956271
413.2328116
395.679771
401.4963469
395.1287696
400.7076586
407.7119937
418.0331411
420.2877902
423.4054047
423.2440207
426.5203182
420.2479506
416.4476616
415.3740192
414.415844
421.9549745
431.7365997
433.1566438
435.0365309
435.4106176
435.3363404
433.844045
442.1610599
447.2564722
446.7020946
447.5886937
447.5886937
451.9791484
447.9850635
448.9830783
447.3746404
447.3746404
452.3458074
459.2076654
459.2360258
459.2360258
452.8373871
456.1562251
453.2290302
455.5566059
450.2687482
459.8093103
459.8093103
466.42943
466.2268559
468.8839521
468.842762
466.3828379
461.8694883
454.8604265
455.8429106
452.8326603
442.2211568
440.1535511
432.2984051
429.786487
429.786487
414.683917
429.8945264
434.9473983
437.6632409
447.6163788
446.6892649
458.7282402
453.7969128
458.3521277
463.6312072
464.7298338
464.4644618
458.2609694
463.9154861
468.6158791
467.7380583
468.7043364
459.6904669
453.2594163
461.3563007
470.0636082
470.4032574
471.1595338
469.1324429
464.2294759
472.221697
468.5807663
470.0939944
469.1013816
468.4382892
461.8397774
462.5933529
463.0255108
458.0651478
455.6288573
458.4648939
472.9117993
476.2698016
476.2698016
476.2698016
476.4311856
475.0611098
477.4670142
477.4670142
480.3077775
485.2357287
485.805637
483.373398
481.3604873
482.3355436
479.8371305
482.8703391
485.8245439
484.8859508
487.3424987
482.005348
481.2085567
469.740165
464.5292855
459.8849379
459.8849379
445.1004092
447.3759909
448.571853
450.7691061
444.4582495
454.0089403
445.5426959
433.3470634
437.6342053
440.2784718
437.4978054
444.4204357
444.4204357
443.447405
448.9486407
453.7624752
451.0925493
446.67576
447.4840304
448.8858428
448.0991803
447.67445
453.8435048
453.8435048
462.2374978
469.8387511
469.1722825
470.3249288
473.2095831
471.0690507
472.5134036
473.7936716
473.7139925
473.5154699
479.8735938
482.3949654
483.6671303
484.5240185
478.6777317
481.1910003
481.1910003
483.9568112
486.3093711
487.0946831
483.5016949
482.6326522
486.9555823
486.9555823
494.2084082
493.7924561
494.3177982
488.5876538
493.767472
491.813983
490.812592
490.812592
487.3013086
485.5564709
479.3732359
481.4523208
483.1100517
484.9379448
487.2331087
489.3837698
487.8948506
479.0659986
482.5867355
485.542966
480.2267479
473.0407714
470.9839696
467.518603
460.2124326
476.8376842
471.4559672
474.4155739
476.8687455
468.7549799
464.9175524
464.1551987
450.8649912
452.9211177
450.3767877
451.7387605
438.9745702
449.8703526
457.1231785
464.2585115
466.0647967
454.9644145
458.7842857
467.0621362
468.8292571
459.3703999
455.1568598
456.3729793
463.1808176
467.0945481
474.6350291
476.7019596
478.1800748
481.5549583
480.155847
488.7355328
485.2411306
486.8387646
486.5659649
481.9182411
487.8280011
480.2733399
485.0088457
479.4758734
477.5838319
476.9146623
481.9114886
477.2225749
481.9952193
486.2783097
489.395249
491.0948452
488.9637663
488.6612557
490.4769943
490.0995314
488.2891947
491.4621794
494.7560333
494.2664794
491.8909611
493.3974368
490.2366065
491.5918268
487.4863263
492.506111
493.3805556
496.5852769
494.2705309
493.5324861
497.9391468
495.5555255
491.9706403
490.6052912
493.5176307
489.8132267
489.5471795
496.0842438
501.7536159
500.8703931
501.7907545
497.9128121
493.4676624
493.658082
487.4701203
488.0501573
486.4964144
493.5304604
494.6378651
494.2705309
503.4478102
505.7531028
505.4971842
508.0975597
508.0975597
519.1493241
521.8381568
528.5913001
524.593839
529.5447486
537.6666171
540.5519467
538.6119627
535.646954
540.2886005
541.1448134
539.925993
537.3370967
539.8233554
551.1992383
553.8907721
552.6618229
557.3196753
550.9311653
549.26128
552.9481275
548.6913717
561.1854633
556.9536916
546.629168
548.3848096
543.8208165
539.6160547
549.5354302
546.3199049
549.5171985
547.5583076
541.5864248
538.8888139
541.5925021
550.4497144
550.1262712
553.3465232
564.0836226
566.574608
563.4536173
566.6664416
564.9006712
557.3196753
546.6960174
550.0742771
537.6207004
537.6207004
537.9252367
527.29145
538.1527948
531.1937013
524.7531973
519.2067201
512.2712601
520.0095885
522.7200292
531.419909
536.3113968
533.5570651
534.5496779
533.6299918
526.4629222
513.5400489
521.797642
527.0706443
530.2989993
525.7795724
530.5468149
530.5468149
531.1964023
536.0764109
534.3450781
533.8778073
536.0696585
534.7542777
534.9122854
540.596513
544.7837184
547.8513647
549.78122
549.1829514
543.2657636
540.4067687
527.4778181
514.1376423
512.3961808
522.7166529
513.305063
504.5295556
503.9387146
510.6081273
508.558078
511.1395465
509.7411104
513.3894689
507.5587127
507.5587127
499.5806717
490.0448364
488.9104218
481.2700042
483.4395722
491.5121477
479.8762948
479.6750712
471.9610518
465.6677516
463.5062865
470.5457345
483.4524019
485.7023242
485.8225181
491.0077383
483.52938
489.5302983
485.8907181
483.1330101
467.6030089
470.6341918
473.2737315
489.7855416
489.7855416
490.7200832
491.4675814
485.5443164
490.6836199
491.9929234
488.8611287
484.2984861
492.128648
485.1087823
490.1866382
484.5213175
477.7641228
476.9639553
481.0762084
486.8671249
490.7518198
502.276257
504.161546
508.1880427
512.9519089
517.9433333
518.1398301
525.1677988
526.1185463
525.4277688
524.544546
519.7692006
514.2949748
514.2949748
524.8821694
524.8821694
515.523924
506.6889948
507.7997758
517.8285413
520.2621308
520.2621308
518.8474888
517.6887652
514.6920199
510.5682877
507.9355004
503.7827326
492.2718003
489.4134806
482.9506935
491.7944009
491.8598998
490.9435899
493.6128405
486.7138439
491.8443691
487.9238862
483.8528232
481.7305225
481.9276946
486.5261253
477.6304239
478.6048051
474.5215876
480.1774549
485.9190784
486.8063527
494.7351007
496.9249261
492.5790376
489.0063068
490.0806245
492.9841857
490.1440977
489.5194944
486.8610477
486.4525234
487.7469715
482.793361
478.5210745
474.9956109
464.886491
466.9534215
466.5205883
469.7705511
482.5374424
487.5835618
488.8172377
493.2549597
497.6136778
496.7034451
499.8865585
498.093103
497.5353492
505.5890178
498.78253
494.5379286
486.5011412
491.5033695
492.9592016
491.4628547
490.7322376
494.3562872
490.0954799
487.3688333
494.9815658
498.4401799
490.593812
488.7395843
482.6252245
479.5825624
482.2950288
477.6392021
473.0306427
467.2424271
456.432401
447.2267614
441.6404446
450.840007
448.9574189
443.0726431
443.0726431
439.1359542
440.9152295
430.6913177
422.9671695
427.1320918
431.4847327
426.7782625
421.6450363
413.8587654
429.195646
437.4066471
437.4066471
437.4066471
441.2325955
439.3662134
444.0348697
449.5860737
452.057477
443.5196564
433.7886748
433.3666455
440.4790201
446.4583305
446.8114846
442.6202277
452.1229759
451.9217524
433.376099
427.8512296
424.0320337
436.3107216
434.6475887
440.9733007
434.5327967
425.8504733
418.6233068
416.7967642
416.7967642
429.3590557
437.8732427
436.8671249
448.1106594
446.9613894
451.3842559
450.3491026
442.9963402
451.3666995
446.7243778
443.340716
447.8270558
455.9678312
456.549894
456.549894
471.0494686
468.6314098
462.2145394
462.7405567
463.1153186
464.9965562
464.9965562
464.9965562
459.8559023
459.8559023
454.9421313
452.9481275
444.7938472
441.4486745
432.5955137
430.1382905
418.7549799
422.4438532
413.0471187
417.310627
412.5271787
424.703229
420.481586
422.0731427
430.3158805
440.601915
439.8787257
439.8787257
442.177941
432.3679555
425.7660675
417.2458033
420.172323
416.5462477
415.740003
407.8315124
403.91238
398.1045822
410.4069037
413.5332964
411.6182965
417.1708509
414.3726282
410.932921
405.7666077
403.581509
404.7186247
416.0107769
414.6886437
414.4266479
414.730509
414.415844
423.499264
424.8977001
421.7625292
424.4885005
425.1549691
433.0445528
432.5435197
438.1487434
440.3021054
439.009683
445.7142085
449.8575229
449.8575229
453.9171067
443.9167016
454.0967224
457.8828312
460.870123
465.5549853
468.9649817
465.1991303
469.5301633
473.9516793
470.9927478
471.9009548
473.7983983
484.2525693
483.2491526
486.9501803
486.9501803
490.5154834
480.4934704
478.9606601
474.4290788
461.1679069
470.3627426
471.6328818
467.9305036
469.2938269
462.5393331
457.6437938
457.4668791
457.4668791
466.6745445
468.840061
475.2549057
477.4879468
470.1027726
464.8007347
458.664767
460.2786068
468.697584
456.7639472
461.3306413
453.3181628
458.6951531
454.2013856
453.5497724
463.8148743
465.9554067
469.6348265
466.694802
466.694802
466.694802
459.5722987
460.1374802
458.5195889
462.2341216
454.8550245
456.0123975
460.9714101
462.0052129
464.6380002
460.9619566
452.7759396
454.9718422
452.8542682
451.5983092
451.69622
457.064432
457.064432
456.4735911
452.8603455
444.8802787
447.2524208
437.1419504
433.6873877
432.7913352
429.7770335
428.1172769
431.1072697
423.4371413
424.5668292
425.4952935
426.7890664
422.9462368
421.0778289
428.1409105
428.3340311
433.7150729
434.1647872
430.3631477
429.1760639
421.5120126
421.2432644
422.237903
433.8055559
438.3121531
439.5107162
438.3486164
443.3697516
443.564898
438.4188421
445.3421476
438.8955663
441.7032425
443.4129674
446.7554391
444.9829163
442.5148892
443.4791416
445.4056208
445.7790322
456.3290883
457.0840142
458.3163396
459.8970924
461.8208705
460.350183
456.6241711
462.3489135
459.1637744
452.5544587
451.5010736
448.4766432
447.5171175
449.2700582
452.210758
449.4976164
442.1651113
443.5095277
441.4128864
435.5078531
440.1609788
448.6002134
451.4781153
452.7374505
451.6455765
450.7799101
456.6518563
461.1071347
461.3346928
460.1624644
460.1604386
463.5049361
465.7474307
465.7474307
464.7649466
465.0134374
465.0134374
470.2182398
469.2519616
469.381609
466.9676017
463.6028468
462.2894918
458.3014842
460.9943684
456.0562886
455.1892717
457.3628911
453.7199346
455.4735506
463.627831
465.887882
468.0513728
471.4357098
471.2662228
483.0837171
485.8826151
485.5720016
485.5720016
482.1464745
492.7026078
491.9524086
492.7019326
491.4628547
490.653909
495.3853634
496.9316785
496.9316785
498.7669993
503.2432104
499.3632423
493.0949262
495.5399949
490.229854
495.3495753
492.3237943
492.6438613
488.8989426
489.4371143
494.3427823
490.87539
493.655381
491.1069996
491.1069996
491.8544978
488.0791929
487.8475833
483.0101152
485.6786906
488.4114144
492.4176537
492.7039583
494.6344889
498.2166732
497.1146704
492.659392
494.6473186
492.916661
492.916661
490.8740395
485.7556687
484.3734385
484.2026011
488.019096
489.2082056
490.0812997
491.4385458
500.1282969
500.1282969
508.0840547
512.5494618
512.254379
514.517131
515.0087107
517.518603
514.8554297
515.7069159
515.0809621
514.5097033
510.7107648
513.0775048
511.2361068
515.1741462
518.580091
517.8454225
511.3968155
512.5852499
512.5852499
516.199846
512.6217132
516.1728362
516.0344106
520.2087863
524.032709
526.0098316
526.3785163
523.8125785
524.659338
521.8746202
521.4674464
521.9664537
528.8478939
530.3800289
525.6337191
528.8978622
529.7716315
531.2632517
527.8613583
527.8404257
523.8159547
529.0693749
529.573109
526.7093873
527.3812578
525.9463584
523.4492957
522.7375856
520.1858279
521.4397612
519.5213851
516.634705
516.7521979
517.6117871
517.786676
514.7980337
514.2260996
515.36254
519.170932
519.6760166
511.931611
512.0079139
512.5265034
504.5835753
507.1069726
498.1795346
500.467946
498.04381
505.4107526
508.7248639
512.6169865
519.8657609
519.8374006
516.6596891
510.7971964
515.8649236
513.5008846
510.4838819
501.8326198
497.0302646
493.9133253
493.3339636
492.5533783
493.6769889
493.6769889
497.9067349
497.9067349
500.0155307
504.2743123
498.054614
489.3965995
488.0623118
487.2405364
483.0269964
489.6228071
492.0678758
484.1978743
486.3100463
495.7196105
494.8276095
502.1553878
502.1553878
506.1514984
506.2858725
506.2858725
512.1611949
507.7612868
510.9579051
514.1795076
514.1795076
520.9542588
517.6016584
520.4187881
525.6472241
528.027469
525.8842357
528.519724
519.8407768
521.0211082
533.3990574
535.7644469
537.595041
535.004119
532.3544506
530.7027969
520.3215525
521.865842
530.7115751
532.2031953
531.411806
532.0080489
521.3513039
518.0270639
516.7083069
516.8879225
515.8136049
512.8101071
512.9174713
505.0380164
500.9770821
495.3313436
504.3593934
508.5763096
506.9374857
508.4696206
494.0119114
494.1753211
487.0690237
487.6699934
486.9650357
496.7027699
510.6034005
516.686699
512.3887531
504.4708091
509.82214
512.3293314
507.5546612
512.2766621
508.6850244
518.5861682
527.0841493
529.3394736
522.8962686
524.875417
530.982349
529.9539482
530.3523438
533.7744946
526.5446271
520.4214891
517.3025241
512.6426459
506.659284
506.4209218
505.4661229
501.5699488
502.9940443
490.7822059
489.8760247
493.7303334
493.7303334
498.0276041
506.9428876
510.076708
510.076708
489.3169203
482.0951558
480.5886802
472.4519562
481.1653409
486.8671249
488.6133132
472.232501
472.2453307
483.8325658
490.8240712
496.6386214
479.4069983
488.5923805
496.5798749
501.6435507
501.6435507
520.749659
522.0771942
515.9554067
515.4854349
512.9336773
514.3253609
517.4882169
533.6043324
525.7626913
518.9379718
518.7320216
517.3545181
517.5003714
514.6136913
507.0590301
510.2678029
510.2678029
521.1460289
521.0555458
521.8712439
522.3047524
529.6453604
530.5643713
536.1412346
538.5066242
537.1183167
537.1183167
532.3193377
543.4899456
545.0815023
544.9727876
541.7140465
539.496536
538.2466542
534.960228
543.83027
546.2847921
549.6002539
550.2673977
551.0925493
546.3300336
543.7195295
541.9598363
537.800316
533.5064216
528.9998244
526.6513161
531.3672397
531.3672397
542.1651113
542.7654058
536.3654166
525.7734952
526.6844031
535.3863087
531.1552122
530.5474901
533.8825341
539.800397
542.6371089
541.3480627
538.3722501
543.0247005
543.1057301
549.8636001
549.3956541
547.5258957
543.0800708
537.9819574
537.2162275
535.4889462
542.3541805
539.9611058
549.942604
549.1721474
547.5400759
547.5400759
548.3456453
552.3343282
550.8548625
551.789404
551.5186301
545.3124367
546.3617702
545.19832
541.4095102
542.9058571
542.6263049
544.6257107
552.8799276
551.2012641
557.3345308
556.8186422
550.689427
555.1224222
554.2965954
556.5870326
556.9442381
550.3524788
539.6396883
538.6031845
538.9907761
534.5841155
536.8137804
529.094359
527.8465029
530.2233716
531.6987859
532.7785055
530.5508663
531.1450835
532.5124583
526.2191581
530.1511202
531.578592
536.0237417
539.0954394
534.6036977
539.3635124
