100
99.36918393
98.43639456
97.80902962
97.67566835
97.31305387
97.24181283
97.52825607
97.55364648
97.36629978
98.61757854
98.75192585
99.21585545
99.37583967
98.50344496
97.54058151
98.12110978
97.49029372
97.49029372
98.05529193
97.8169179
96.03268707
96.52940234
97.64608729
97.21987354
97.96482319
96.84813824
95.68165851
96.49735619
97.15331616
97.25808241
96.56218801
97.1824042
98.15290942
97.87114984
97.57262766
97.95274426
99.37534665
100.1414961
101.1534148
99.99383728
101.524164
101.2547299
101.1788052
100.1954815
99.47395018
99.41478806
98.79752998
98.68536847
98.35825127
99.30804975
99.31076134
100.4940037
100.9586728
101.5078944
100.7217778
101.4726437
100.196221
100.111422
100.2824991
100.9823376
100.4977013
100.124487
99.80920217
100.7831585
100.1059988
102.2912995
104.4376518
104.3114392
104.8318194
104.8596749
105.7685529
106.4437405
106.7287047
106.7287047
106.7287047
107.7140005
107.7248469
106.7733228
105.1429135
104.8552377
104.8552377
105.4360125
107.0565614
108.2003624
107.6149039
106.7915645
107.5715184
109.3345494
109.3286332
109.3979022
110.2892781
108.8553363
107.9822021
108.0692197
108.8528712
108.5080054
108.3995415
107.1209003
105.7764412
106.6357709
108.0753824
108.0812986
108.5136751
107.0131759
106.5369209
106.806848
106.6729937
106.875131
106.0821121
106.6845796
107.0807193
106.8657636
105.7158
105.1638667
105.1638667
104.8934466
104.2700258
103.9788988
104.5712595
104.5397064
104.0730652
104.6417611
105.5489135
107.7347072
108.0682336
107.6262433
108.0709452
108.0152342
106.8598474
106.3537648
106.9310885
107.4428408
107.3617394
108.6711942
110.7073571
111.3105641
111.7293826
113.0750743
112.5978332
112.0099097
112.5270852
111.3790936
110.8621646
112.7772916
112.5514895
112.2559255
113.2749929
112.1368617
112.2472976
111.768331
112.1578149
113.2126262
113.2939741
113.9220786
113.7680106
113.3772941
113.5789383
112.8615976
112.2007075
111.5425289
112.5317688
111.9034178
110.9139314
110.007272
110.4721876
110.1928932
109.8058743
110.3060407
110.509164
111.319685
111.0578926
111.7099084
111.5420359
111.3522241
110.5126151
110.6289673
112.0173049
111.3702193
111.1276546
111.3583868
111.4841063
112.4760578
111.7952005
112.4021052
112.1735915
111.9285617
111.8427767
111.1498404
110.6684087
110.3486867
110.215572
110.0393182
109.504887
110.3075198
110.5340614
110.2392368
108.6016787
108.5918184
108.2363527
107.8372549
106.1151443
106.4908237
107.0144084
108.2144134
108.7237006
108.6564037
108.6849987
108.8210716
108.3798208
107.3844182
107.1228723
107.6812148
107.3639579
106.4237733
106.2263197
106.4893447
105.3706876
105.4813701
107.3203259
108.1518001
108.4204947
108.3085797
109.4166369
108.8565688
108.5580467
108.9805628
108.0169598
108.0011832
108.7806441
109.04219
110.063476
110.4832805
110.8394858
110.9284755
111.1915004
110.9272429
111.096841
110.942773
111.3403917
113.6415515
113.7371969
113.4569164
113.6647234
112.7516547
113.7078624
114.26867
114.8597981
114.6376937
114.2016196
113.4406468
112.2169771
113.2123797
113.3573269
113.5118879
113.5118879
113.5118879
113.2717883
113.0745812
112.8970949
112.8970949
114.1678479
115.8601309
115.5211813
115.7639925
116.2947259
115.6210173
114.2743397
114.7574969
114.1414714
113.7675175
114.3505109
114.5388436
114.3068788
114.15922
114.8208497
113.8293912
113.1130366
114.1385133
114.1385133
115.3791922
114.633503
115.8934096
115.820936
115.9242232
114.5807501
114.673684
114.8790258
115.3900386
115.0168242
114.4444307
116.0943143
116.6376197
116.3598043
116.2190477
114.6024429
113.5639012
113.7586432
114.5716293
114.7133719
115.1467344
114.7828874
115.1344089
116.1946434
117.2013854
117.6709847
116.8989191
116.6058201
114.954211
114.7510877
110.5698051
112.7215806
111.627821
111.768824
113.0696511
113.1367015
114.352976
113.9533852
114.7513342
113.6341563
114.1456621
114.7229857
114.5413087
113.2173098
112.8130354
112.969815
113.5030136
113.3210901
112.5936425
112.5936425
112.5936425
112.3949564
112.6187864
113.3247877
114.1323506
115.0905304
114.6337495
115.0382705
114.3800919
114.9951315
115.0715492
116.7596416
117.5987576
117.5987576
118.1716441
117.7183144
117.4922658
117.5341723
118.0249713
116.5860994
116.5456719
117.2566034
116.5791971
115.4795213
114.1651363
114.2400749
114.6009638
114.4094265
113.6164076
114.1429505
114.0980859
113.6075333
113.7608618
114.4316123
114.3564271
114.7942268
114.6722049
114.7678503
114.1259414
114.5388436
112.3513244
112.6072005
112.2172236
111.529957
111.9167293
111.9167293
111.9753984
111.4397348
110.8311045
111.5053061
110.914671
111.9559242
112.1891216
113.0647209
113.3107367
113.5086833
113.1078599
112.857407
112.1617591
112.1043225
112.2569115
112.9022716
111.5250268
111.0381719
111.5065386
109.5339751
109.9015197
109.8736642
108.8168809
107.602825
106.9249257
104.6383099
104.1415947
105.2888467
107.3457163
107.1120259
106.0034758
104.4724095
104.6535935
106.3808808
105.8750447
105.7236883
108.553856
108.8585409
109.9106406
111.1128641
110.4226394
110.3334032
110.6390741
110.455425
110.4248579
111.0172186
110.5256801
110.6962642
110.9782702
112.5472989
112.4129516
113.3723639
112.6604464
113.7228994
113.1433572
112.3173062
113.4938927
113.0484513
112.5628289
112.060937
111.2967596
112.0949552
111.9512406
110.6878829
111.3832842
111.559045
110.7246127
110.0790061
110.9950328
111.6606067
110.7716959
109.6081742
110.566847
110.1258428
108.9029125
109.3626514
110.7435939
111.7550195
112.2704695
112.4161562
112.2524743
113.627747
113.6812394
113.7359644
115.3503507
114.8023616
113.7002206
114.46637
115.3106627
116.8533149
117.0169968
117.0584103
116.4754169
116.4256221
116.8363058
116.4128037
116.1093513
117.9364747
115.6293986
115.444024
114.8435285
115.5125535
116.2111595
115.7129651
116.7377023
116.8054922
116.4640775
115.7247976
116.4709797
116.1026956
115.1797666
115.2825607
116.211406
117.5736137
117.2361431
116.213378
117.763179
117.7323654
117.3381978
117.8822427
117.2415663
116.9620253
117.4474012
117.5270235
117.3805973
117.0483034
116.5957132
117.4306386
113.9913475
115.4196196
116.6679403
116.4879889
115.5951339
114.284693
115.4871631
114.0667792
114.4427052
114.9529784
117.4121504
117.7244771
117.611083
117.611083
117.611083
118.517989
119.4783873
119.9191451
119.9191451
119.2022975
118.4013903
118.8147856
118.321768
119.202544
119.6736223
119.3307286
119.5730467
119.4174997
120.5359102
120.4069861
120.3029593
120.5859515
119.6433017
120.0648318
120.1708306
119.6716503
119.6716503
118.8034462
119.4088719
119.2777292
119.6233345
119.7428913
118.5337655
120.0527529
119.7934256
120.2694341
120.0142975
120.2975361
121.6101956
122.933948
122.2693602
123.0485746
123.3715011
122.5254828
121.675767
121.8214537
122.402968
123.7733105
122.6632813
121.4980341
120.6214487
119.1737024
120.0120789
119.9100243
120.4745295
119.8898106
121.0686157
121.5305733
120.6362393
120.6643413
119.2703339
119.3371378
117.9197121
117.0852797
117.3399233
117.0453453
117.9749301
117.8990053
118.0735336
118.7580886
118.7580886
118.7580886
115.2556913
115.5500228
115.612143
116.1860156
115.961939
116.0220872
117.1252142
117.3123143
116.4879889
115.6481333
116.2954655
117.7087005
118.2056623
119.8861129
120.0522599
120.1326217
121.4302442
121.5628659
121.5628659
120.5376357
121.5907214
122.069688
121.8244118
122.2370675
122.3378896
123.2235958
123.5706802
122.7892473
124.0129171
124.0168612
124.2934441
123.7008369
123.3542455
124.3836663
124.4221217
124.5875291
124.9996919
125.2600052
125.969211
126.7082445
125.9852341
125.927058
126.2221291
127.3745578
128.260264
127.393539
127.5093981
127.086389
126.8191735
126.8191735
128.2380782
127.3501535
128.7108821
129.826581
130.077034
131.0302836
130.7556728
132.0801647
133.3669407
133.0403165
132.1489406
132.6683347
132.2320141
132.284767
133.4081077
133.3782801
134.8186311
134.5706433
133.8180518
132.8305375
131.2050584
132.0582254
131.711634
131.7653729
130.2052186
128.1786696
128.7520491
130.076048
130.9033316
129.1383284
129.1565701
130.257725
129.9190219
130.8582205
132.7413013
132.968829
132.8081052
132.8487792
131.9946261
131.2289697
130.8562484
132.1790147
131.4303674
130.7186965
128.3061147
127.5914856
126.414406
126.6821146
128.6162227
126.6761983
126.7104631
127.1751322
128.1554978
126.6182688
127.4951006
126.8255827
126.7940296
127.0131759
125.2434891
125.2464472
124.835517
126.4521218
125.8304266
126.8105456
128.3603466
129.3912465
128.7251796
128.6756314
127.1248444
128.4130995
127.6277224
129.098887
129.9754724
131.6965969
133.4788557
134.2082753
133.7204343
134.032761
133.9398272
133.7588897
132.8603651
133.7571642
133.9523991
132.8275794
133.2518211
132.2113074
132.9205132
130.454932
129.0404644
127.2453872
126.9268978
126.6902493
126.4708565
125.8484217
125.9048722
126.4994515
128.3364352
124.7908989
122.7337828
118.9898069
111.2173838
117.1796926
116.9950575
117.8117412
119.7887419
122.0970505
122.2097051
123.9880197
120.4597389
121.4447882
121.5774099
120.7503728
120.2580947
118.5633466
118.9345889
118.0560315
116.6154339
115.9912736
118.8216878
118.7299866
117.6549616
118.3114146
118.4339295
118.5453515
121.3666449
121.7075666
123.2235958
123.1124203
123.1834149
125.046282
125.0936117
123.4203099
121.7287663
120.5743655
120.8728877
121.9949959
124.9669062
124.7844897
122.9253202
122.2207979
125.241024
124.7741363
124.7741363
124.7741363
126.0372475
127.1472767
127.8293666
127.8293666
127.3974831
129.1905883
131.3132757
129.2100625
129.4109672
127.0503987
123.9224483
125.3014187
127.4504825
126.3922202
127.8074273
129.8790874
129.1126915
128.1005263
126.639715
127.8769428
127.8769428
126.8078341
128.1039774
128.8390667
129.3103916
130.285827
129.181221
129.5344681
129.7048057
129.9880443
131.7311082
130.5616703
131.0194372
130.593963
129.2181973
127.5843368
129.9044778
130.1776096
129.9412076
129.2228809
129.9567377
130.3950304
131.251895
132.3015296
132.1146759
132.1528848
131.8196048
133.3289783
130.4327462
131.3901865
132.1972564
132.7669382
133.8880603
134.4035103
135.0131266
134.9882292
137.0431267
137.0216805
137.2233247
137.9438699
138.2835591
138.784465
137.8538942
137.8672057
136.7852785
135.7077884
135.8887259
136.1956294
136.4522451
137.4589871
138.9570212
138.4817522
139.1729629
138.8428876
138.8428876
138.8428876
140.3241591
141.8557184
142.109376
141.7894075
142.0511999
141.7516917
141.271739
142.4811113
141.034844
139.0514341
137.261287
135.2293148
135.9141163
138.0284225
138.5426399
137.9579209
137.3199561
136.9447697
136.6393453
137.4525779
136.6977679
135.9870829
135.4763167
136.1325231
134.8013755
135.1112371
133.9570828
134.4897884
133.8661211
134.1483737
134.3840361
131.8809855
133.348206
133.0873997
132.1484476
131.1471288
130.9649588
130.9028385
130.1465495
130.1465495
129.2985592
127.952621
125.8691285
127.22542
127.4416082
125.1360112
126.6569707
129.8788409
128.8245227
130.0930571
129.1644584
129.9010267
129.5327425
130.763068
131.3251082
134.6519912
136.2794424
138.7733721
138.7997486
139.3100218
139.930238
140.0194742
140.7942514
138.8914498
137.8179039
139.511666
140.2277741
142.2158678
142.628277
141.2963899
141.2022235
140.0105999
138.8978591
138.9626909
137.3593975
137.8938287
136.0716355
136.5084491
136.2010526
134.7284089
135.2458309
133.1771289
130.9380893
130.6057954
130.7818027
128.7599374
127.8473617
127.3168748
128.5881207
127.1408675
129.3266612
133.2256911
134.1510853
132.9535454
131.5812308
133.2912625
131.9596219
129.4925616
126.9621486
124.7080719
123.1309085
125.926565
125.8454636
124.9220416
128.1902555
126.917777
126.3749646
125.4426682
122.1872727
124.8742189
127.1517139
127.0104643
126.1711018
126.2973143
125.0051151
125.8518729
128.1160564
130.7941282
127.5315839
129.2413691
129.6737456
128.2213156
127.6999495
125.4912304
124.4526888
122.7167737
125.2922978
123.1839079
122.1722357
122.8018192
122.3462709
121.1474986
120.6576855
123.6966462
124.080214
124.2683002
125.99682
126.0399591
126.2457939
127.2919774
128.8794942
130.7837748
130.7946212
132.2697299
133.6457422
133.8698187
134.1316111
133.7613548
135.0227404
134.7683433
134.5383506
136.9053283
136.0146919
134.0283239
133.6780348
133.9368691
133.4016984
133.9866639
135.149939
137.3606301
137.9438699
137.7015518
138.5675373
138.5007334
138.7901347
136.4022038
138.3612094
136.1002305
136.4704867
137.9581675
139.022839
137.9985949
138.9146217
137.5558651
134.7989104
135.2657981
135.4422984
137.538856
138.2786289
137.1503581
138.545598
138.2872567
138.714703
138.714703
138.714703
138.7174146
139.5863582
140.9446218
140.9446218
142.2244956
140.7952374
142.9443013
145.312265
142.9287713
142.6344397
142.3588429
140.936487
140.0976175
140.2235835
141.2921992
142.7606523
144.0052753
143.3061763
143.0848114
142.1034598
142.1034598
143.4304167
144.9777526
145.645545
148.0465409
146.4824424
146.6160502
147.8707801
146.2154734
145.449817
144.9373251
142.5383013
143.2524374
144.6474308
143.5889219
142.8624604
144.2823512
143.8775837
146.0998607
145.5940246
145.8375753
146.7619834
145.4209754
143.3687895
145.1527738
144.1783245
143.8290215
143.7008369
144.6740537
146.1858923
145.7315765
146.1420137
146.8980563
147.3259956
148.8622385
149.2734153
148.1658511
147.4191759
148.1638791
148.1476095
148.1961717
147.337335
148.6970776
148.9527073
147.3038098
148.0169598
146.6426731
147.3208189
147.3208189
147.3208189
150.9967584
151.0470462
152.1353826
151.8681671
150.7283103
152.7696498
153.1130366
153.2505885
153.4983299
153.8542886
152.9809079
151.9948726
154.3431156
154.5689177
154.8805049
156.1031886
155.2421333
153.89373
153.7832941
152.3180457
152.9542849
150.7549333
150.8892806
148.2649477
148.5989671
148.0684801
149.796014
150.5715307
151.6509928
148.4929683
148.6051298
147.5868019
146.4062712
146.0739773
146.3121048
144.1578642
144.9654271
144.4766002
143.6108612
143.9323087
144.8234381
145.3376555
147.0580405
146.5918923
147.4425943
148.594037
149.2926429
148.9758791
147.3259956
147.3259956
147.0878681
147.1502348
148.8969963
149.1210728
148.9149914
150.0607644
149.1331517
147.4884449
147.8084133
149.1711141
149.4504086
147.8323247
149.5243612
151.2186163
153.710081
154.1671083
153.4364562
154.3588922
151.4143443
151.2501695
152.1780287
151.7030062
152.3106504
151.8043213
153.1724452
155.4797678
154.7611946
153.1418782
152.1484476
151.0899387
151.1049758
151.3310244
151.6167281
149.4760455
148.5686465
150.049918
148.5237819
149.2366854
148.8383272
147.3321583
146.0715122
144.878656
145.100514
145.9756203
148.8292064
146.8164619
148.8543503
148.7976532
148.750077
150.887062
150.5131081
149.3416982
149.7622422
148.4922288
146.8517126
144.303551
146.9828553
146.848015
145.3615668
147.0646962
147.2900053
147.7987995
148.2437479
148.0928845
146.7245141
146.4375778
144.2584398
142.5612266
143.173801
142.7606523
142.1323013
142.1774124
143.3046972
141.8009934
142.9324689
143.8324726
142.3672242
141.1839819
142.8762649
142.1448732
143.3845661
142.1433942
142.9206365
141.9062527
143.2896602
143.7439759
142.3378896
141.8411744
139.6970407
136.4608729
135.4065547
137.7429653
138.1953089
138.6964614
139.637139
138.0180691
137.8593174
139.0452713
140.9608914
141.2986085
141.984889
143.046356
143.2682139
141.9331222
139.9595726
140.3318009
142.1571987
144.1664921
145.8659239
146.2162129
146.0724982
147.7396374
148.790258
150.0666806
149.0232088
149.1104729
147.422134
147.994774
148.7616629
149.1876302
148.5289586
147.714247
149.6816339
150.1517262
152.9207597
151.3551822
151.5777797
153.2293888
152.1107318
151.6236303
151.5380918
152.2798368
151.8289722
152.3446686
152.0261792
150.2286369
152.1908471
151.0408835
151.7426941
151.7426941
151.7426941
151.9305338
152.1782752
152.1782752
152.1782752
150.7640541
147.3410326
146.6453847
148.1010193
150.8527973
155.3150999
150.8841039
150.5047268
152.5630754
152.8164865
153.4593815
151.0251069
152.3754822
150.1859909
149.5083382
148.6618269
148.6618269
149.0042276
149.2152392
150.2555064
149.6912477
151.7722752
152.9180481
150.9134384
151.5666868
151.3519776
151.8260141
154.5595504
154.2378564
151.5546079
152.7274968
152.0855879
151.3724378
149.5965883
149.7011081
148.7296168
149.8497529
150.2200091
150.8912526
151.0154931
152.0947087
155.0355589
156.5387697
158.3400096
158.5490491
160.1020547
157.385774
155.8086106
156.2851121
155.4383543
154.9916803
153.725118
154.9924199
156.2229919
158.2714802
159.216102
160.4483995
158.5359841
158.4620315
156.8902913
156.8594776
156.8348268
155.4053221
152.2840275
156.0689239
156.4128037
155.6856027
154.9103324
156.0543798
157.0280897
155.6178127
154.3347343
151.6103189
151.9680032
144.0195728
147.4090691
150.7958537
151.0137675
151.0137675
151.0137675
151.0137675
154.158727
153.6348958
153.8863348
153.5614362
155.1573343
153.9252832
150.83283
153.3809917
152.9086808
152.1331641
150.467997
148.1360236
150.0970012
150.7046455
153.0491908
152.3673474
150.3814724
150.0324159
148.0583733
149.1173752
148.3936253
149.2729222
148.2511432
149.9296217
150.5917444
151.5361197
152.0927366
154.8398309
155.4262754
155.9000653
153.9662036
154.7185486
155.9678553
155.9678553
153.9048229
154.1996475
155.6086919
156.2525729
157.0712287
157.0216805
158.5256308
158.112975
158.0824079
158.1114959
158.3621954
159.3815094
161.1356661
164.2818582
164.3834198
164.3942662
164.7477599
163.5696942
162.9795521
163.7646827
163.7432364
163.7333761
162.9748684
162.4266328
163.0426584
162.4788927
162.501325
162.6908903
164.1403621
162.7254015
161.3839005
161.3597426
160.1636819
159.9115033
159.7115847
159.7660631
160.6300765
160.9019758
161.089076
162.864186
162.7167737
163.0991089
163.5196529
163.0298399
163.3944264
163.7208041
164.5525249
164.7780804
165.0911466
164.52886
165.1631272
166.2605845
166.4205687
165.9258255
165.8331382
166.304463
165.2407775
161.4462672
163.7587665
164.9360926
164.9215486
163.5524386
162.768294
163.4878533
162.4406838
164.3600015
165.3694551
166.3002724
165.4000222
162.7584337
160.908878
161.5133176
161.6671391
158.337791
159.7966302
161.1854609
162.1128271
163.8889231
164.3881035
164.3188345
165.5730714
165.311772
164.2978813
162.6940949
161.8954063
161.5722332
161.2175071
159.1433819
157.8129738
161.1709169
161.3249849
158.8416551
157.1824042
159.3134729
161.2840644
160.9934305
161.0397742
159.5439587
159.7096126
161.0636856
160.460232
162.0112655
162.5604871
164.5303391
165.4951746
167.0937843
165.6398753
164.0767628
161.7701798
161.5140572
161.71792
163.3251575
162.1488174
163.8484957
163.6801302
162.4894926
161.5774099
161.4001701
161.3020596
163.0209656
162.9854683
161.3392824
161.3656589
161.7627846
161.4921179
162.7318107
163.3515339
163.1074902
161.7292594
162.9378921
163.1913032
162.2402721
161.3772448
158.9190588
159.4492993
160.6019745
160.1439612
156.9524115
157.498675
157.498675
157.498675
158.9503654
159.3898907
157.7981832
157.7981832
160.9806121
159.7325379
163.3093809
163.6542467
161.7413383
160.8553856
160.5637657
159.9349217
161.1866935
162.1160317
161.2623717
161.7785611
163.6160379
164.9102092
165.381041
163.2618047
163.6034659
165.0430774
165.0430774
164.4684654
165.5664156
166.1148978
167.2357734
166.8512196
164.1682176
165.2114429
164.583092
165.9036397
164.7253275
166.1190884
166.7871273
167.1189282
165.9236069
165.8082408
164.1425807
164.4541678
165.2743027
163.7563014
163.8541654
164.4672328
164.5678084
165.6775911
167.239471
166.2539287
166.5221303
165.8814539
168.0085785
166.9766926
166.7153932
165.9751273
162.9475059
163.0364956
162.5917937
163.1799638
161.5103595
162.1002551
161.6493905
159.7633515
157.2810077
158.8088694
159.2400133
160.2521785
159.9477401
158.3562792
160.600249
160.3843072
160.6182441
161.9895727
162.7399455
161.943722
163.0532582
165.2592657
166.1232791
166.1232791
166.1232791
165.2602517
166.1550787
168.7996253
167.7460466
168.0736568
167.939063
167.939063
168.2844219
167.183267
169.1373424
168.9852464
169.0764547
170.0854153
169.2884523
169.9264171
169.2830291
169.5810583
171.8124561
171.8886273
171.5844354
171.7868192
170.9832004
172.5519825
172.1760566
173.7887173
174.2203542
173.6851836
173.0213353
173.9033439
173.7086019
173.2821417
172.6182934
171.3004573
172.0131143
173.9050695
173.6235564
174.0404028
174.437282
174.4860907
174.4860907
172.5744148
171.4377627
172.9939729
173.5306226
171.4251907
171.1594542
172.6540372
172.1237967
173.3265133
172.2554324
173.3001368
171.9445848
172.5125411
175.7252906
173.4443445
174.2975115
173.1598733
169.6352902
168.007839
167.826162
168.5331493
169.8026697
170.4430996
170.6590413
172.11862
170.9787633
170.5759679
170.608014
169.7962605
169.4437529
168.3549234
166.5130095
164.3632061
164.4704374
166.1969852
166.9377442
169.6463831
171.0862411
170.7652866
170.6405532
170.7855004
170.4869782
171.2760529
170.397742
169.1321657
168.3541839
168.0117831
166.122293
166.1333859
164.3740525
165.8787423
165.1448856
165.4155522
166.7173653
167.6508942
167.0646962
166.0261546
164.3099602
161.398198
161.0259697
161.6698507
162.4959018
161.1290104
159.3726351
160.070255
159.861462
152.6072005
153.9255297
152.8559279
145.6132523
148.2560734
149.6039836
146.9811297
144.8865443
144.2840768
146.2630496
147.2195038
147.756893
149.8152416
152.4972576
154.5558527
153.6023566
153.6735977
156.3176513
153.9090136
155.053554
153.8150937
157.078624
158.8108415
157.5519209
158.2133041
159.8363181
157.9374607
156.3191303
156.2767308
157.9968693
160.0739526
160.0525064
161.2039491
159.4566946
159.34404
159.230646
159.3371378
158.4442828
157.6586592
160.8147116
159.1204565
159.747575
161.2251488
162.5111853
161.5253966
164.1309948
165.0309985
163.7560549
164.1837477
165.7683064
164.5806269
164.0402795
164.6353518
165.4663331
166.1984643
165.7480926
164.6590167
165.7752086
165.4522821
165.1226998
166.4259919
166.7218025
167.7250934
167.0918122
167.0459616
165.1720015
164.598622
163.4910579
163.6214611
165.05984
165.3053628
166.3618996
168.0329829
168.8486806
168.8486806
168.8486806
170.0656946
170.4366904
170.2850874
170.2850874
171.4355441
170.2047256
171.1624123
171.8765484
170.6200929
169.8906733
169.3986417
169.7775258
169.4984778
169.3084195
170.2715295
168.6978172
168.3122774
168.9638002
170.1647911
170.285827
170.8436764
171.4587159
171.4587159
172.0365326
171.110892
172.494546
171.4542788
172.689288
171.9601149
170.5582192
170.0459739
171.9468034
173.3923311
173.543934
173.1758964
173.8890464
173.6307051
173.0617628
173.2136122
171.4912551
171.2859133
170.370626
170.4002071
171.0241209
169.826088
169.9293752
169.9845932
170.3245289
170.6432648
171.3470474
174.0586444
173.2870718
172.6764695
171.9445848
171.2050584
171.3509916
169.0229623
171.6196862
171.8592928
172.3059667
170.4914153
170.2150789
169.6271554
167.5904996
169.0061997
169.2475318
169.2475318
169.2475318
167.8037297
167.2865542
167.1103004
168.1547582
168.0598523
166.6084084
167.4058644
166.8694613
166.2761145
167.0703659
168.0342154
168.9211542
169.2006952
169.1287146
169.4528737
169.1099799
167.4287898
167.4287898
167.5577139
166.1585298
166.0328103
166.7432487
166.7942761
167.2801449
165.9351928
164.8153033
165.5701133
165.5144023
165.2343683
163.7915521
164.2567143
167.882859
168.6467898
169.4940406
168.4027461
167.4324874
167.9274771
167.1083283
167.6693824
167.5540162
167.9232865
167.7285445
168.0719313
167.1775973
166.9941947
165.9438206
166.0850702
165.8585286
165.828208
165.828208
165.2267265
165.0093057
164.359755
163.2948369
163.592373
164.4371587
162.7769218
162.6822625
161.2818459
160.3717353
160.4597389
158.0372968
159.6309763
159.6267856
160.1345938
159.4889872
158.098924
159.1995859
159.5188148
160.6273649
161.8761786
160.1483983
158.3636745
158.5135518
157.9340096
156.1547089
154.4717932
156.2587357
154.0611095
152.9634058
152.8827974
148.8410388
149.8285531
146.7740623
148.9209076
151.8691531
152.3042412
151.9154968
150.6136837
148.2023344
146.9466185
150.7332405
151.922399
153.3220761
152.9873171
153.2979182
152.4726067
154.0906906
154.2100009
154.8955419
156.4386871
155.9510927
157.6557011
157.1106701
156.5868389
155.5805899
154.5132067
154.2445121
153.5799243
154.2213403
154.9505134
152.3089249
153.3967683
152.3343153
153.9319389
153.5848545
155.4639912
155.2818212
154.7937337
154.7957058
156.1643228
154.1643967
152.6700603
151.8186188
150.5458938
149.7301961
147.6442385
147.5988808
148.4466247
146.3564764
147.267573
147.8628918
148.0899264
147.7921438
144.9577854
145.1633737
143.4540816
142.3083086
143.8369098
145.9608297
147.9435002
147.7657673
147.5998669
148.7266587
147.58976
148.3670023
149.9643795
149.6537784
148.7384911
150.1854979
148.9278099
148.6324923
150.7357056
148.7651141
151.1976631
151.0209163
152.5640615
150.2944548
148.8099787
146.9707764
147.7154795
147.1384024
146.5941109
149.1230449
148.8306854
148.3985555
149.3675816
150.0228021
150.8140954
151.32215
149.9956861
149.3286332
151.4493486
152.3242084
153.5725291
153.0242934
150.5791725
151.1303662
150.481062
150.1546843
148.1557443
147.1746392
148.2518827
147.2503174
146.0710192
148.1431723
148.3398864
148.2410363
149.3550097
150.7241197
150.5712842
150.5712842
150.5712842
150.2658598
148.2950218
148.9780977
148.9780977
150.0260067
151.5437615
152.4637324
152.4067889
152.4003796
151.8262606
151.7799169
151.9554312
152.314348
152.3111434
151.1010316
150.7776121
150.8764621
150.6129442
149.1553375
149.0333157
149.1913278
149.1913278
145.9036397
145.2743027
145.9726622
145.6766051
144.8946791
145.0413519
143.5344434
141.7788076
142.9041204
142.1880123
141.4558811
141.8951598
139.2888221
138.2100995
139.5348379
139.5013127
140.5322125
138.1886532
138.6183181
140.7239964
137.9704929
139.2819198
137.8395967
138.3306423
139.1135543
138.7802744
136.7519998
136.8279245
135.1299718
134.8775467
133.9405667
133.919367
133.0824695
135.9422183
135.3658807
140.4262137
141.0385417
142.0211258
141.9410104
141.4245745
141.2636042
143.4353469
143.4225284
143.745455
143.0626256
142.8486559
142.8696092
144.3982103
145.6253312
148.0287922
147.9324073
146.3574624
145.8181011
145.8481752
145.4443938
147.1891832
147.967658
146.582032
146.582032
146.582032
147.9274771
149.321731
149.1711141
149.1711141
147.5483465
149.3942046
149.1013521
148.6679896
147.0839239
146.9350326
146.2127618
146.6421801
145.6061036
145.2429961
146.0870423
146.4104618
145.8824399
145.3460368
144.9452134
144.6634538
143.8228588
144.1014137
145.3176882
146.9005214
146.8997818
146.1272232
147.573737
148.0453083
147.6412804
149.2292902
148.5826975
148.8994614
149.3286332
149.7864001
149.7864001
150.1719399
150.9555914
151.7042387
151.7005411
151.8210839
153.0482048
151.7868192
152.3673474
151.5738356
151.7175502
150.6001257
150.4157371
148.5314237
149.5186915
148.2984729
148.9817953
148.6356969
149.3823722
148.4259179
148.6820406
148.721975
148.3495002
148.9687304
148.9983114
150.5180383
150.9223127
151.5210827
151.2072769
150.9871446
151.2060444
150.0617505
151.0357068
151.196184
151.5935563
152.8177191
152.1482011
151.2652065
152.9409735
153.9043299
153.22224
153.7334993
153.444098
153.7909359
154.3174787
154.0791047
153.8118891
154.6177264
154.2750792
154.2112334
155.1361345
155.3360531
155.3535553
155.4492007
156.0935747
155.5911898
155.1413112
155.7807551
156.5020399
156.3395905
156.5365511
157.1944831
156.854794
157.7180679
156.9977691
157.847485
158.1282585
157.0384431
156.0494497
155.9905341
155.8179779
155.9547903
157.1360605
157.3645742
156.8367988
155.7043373
155.0012942
156.604834
154.7190416
154.7180555
154.494472
154.5952941
154.0113148
156.1063932
156.2136245
157.0793635
157.1264467
158.4033624
158.8061578
159.1128148
159.9359077
160.4577669
160.3867723
161.1004154
160.9978677
160.5267893
161.5187408
161.3757657
159.3884116
158.937054
158.2157692
158.2579222
159.1357401
159.8358251
159.875513
159.0967917
159.5816745
158.447241
158.447734
158.8399295
157.8050855
156.2503544
156.5158444
157.3004819
156.2173222
154.7545388
154.8864211
155.1957896
155.3340811
154.4634119
154.4146032
155.7593088
155.6784539
155.3118953
155.2680167
154.4873233
155.4568425
156.8853611
157.7432118
157.7042634
157.4612057
157.2684358
157.0803495
156.0975189
157.2566034
159.0124857
157.2272688
158.1672069
157.5469907
157.931298
159.1539817
159.2195531
159.7815932
159.7815932
159.7815932
160.6248999
161.3180827
161.5855447
161.5855447
161.606498
160.9199709
162.4700184
161.7499661
161.3592496
161.3772448
161.3710821
160.9719843
161.95728
161.5411731
160.3766655
161.1292569
161.3733006
161.217014
162.3756055
162.6945879
162.6945879
161.6153723
159.9832374
159.3166776
159.7317984
159.9174195
159.3270309
159.3857
159.2188136
159.5454377
160.3700097
160.3387031
161.2510323
162.6354258
163.1740476
162.4298374
162.8151307
163.7839104
163.9742152
163.6305819
163.3788964
162.8138982
162.9891659
163.6801302
164.3010859
165.2580331
165.7998595
165.9664995
165.9285371
166.9527812
167.6605081
167.8355293
167.1472767
167.1147375
166.7767739
167.3619859
167.435692
168.7177844
168.2213156
168.4229598
166.8827727
166.2349476
166.0473543
166.8914005
168.3812998
167.533063
167.9040588
167.742349
169.251476
168.8782616
169.6145835
169.7809769
170.0822107
169.7304426
169.7304426
169.7304426
169.0148275
168.8491736
167.9181098
167.6338851
168.4934614
169.4711153
168.7794116
168.7310959
169.7849211
169.406037
169.0897662
168.9147449
166.6912354
166.665845
165.7628832
166.1316604
166.9278838
166.5016701
166.1666646
164.1975522
164.3538388
165.4387241
165.2597587
164.6666584
163.7114368
165.2538425
166.2494916
165.5784946
166.360174
166.6631334
166.3781692
167.8927194
168.8112112
168.8141693
169.4023394
169.321238
170.2653667
169.7615027
169.7289636
170.5207499
170.5054663
169.4977383
169.5608445
170.2352927
170.2352927
169.7326612
170.5266661
171.7007876
172.6261817
173.8523166
173.2141052
173.8072055
172.7255248
172.5623359
172.3303711
172.1935587
172.7087622
172.6937251
172.549271
172.465458
173.4534653
173.9457434
174.0847744
173.9536317
173.6893742
173.7776244
171.850665
172.048365
172.1844379
172.2046516
170.7251057
171.6887087
170.1416193
169.4454784
169.4984778
169.5344681
170.0708713
170.2338136
171.9714543
172.3424501
173.0657069
172.6680882
172.145243
171.6995551
170.5850887
170.0533692
170.6176278
169.463227
169.1072683
168.4784243
169.3042289
168.9223867
169.3683212
169.9291287
171.2726018
171.4089212
170.7243662
171.2627414
172.843849
172.6993948
172.7617616
173.9104926
174.7261903
174.0201891
174.0290634
174.7520738
174.6699863
174.7370367
175.0414751
175.6890538
176.3923434
176.5791971
176.5518346
176.9082864
176.9262815
177.0226665
177.5891438
177.1249676
176.5693368
176.4009712
176.687661
178.324233
178.7664699
178.5532397
180.4419903
180.4949897
180.461218
180.6448671
179.8538203
180.5689424
181.0511136
181.3306546
180.4385392
181.0094536
180.334759
180.7183267
179.789235
179.9679539
179.9684469
178.5374632
179.9065732
181.6597439
183.6771721
183.7217901
184.4009219
184.9008418
186.7304303
186.4168711
186.5031492
185.591806
185.9344533
186.4508893
187.2993726
187.2720102
188.1409537
187.7238608
187.4928821
187.9407886
187.6279689
185.7000234
187.5116167
188.5260005
189.6892756
190.1132708
190.7724354
190.85896
189.0244413
191.0689855
191.0650414
191.6334907
190.2922362
188.7599374
188.1742324
188.6576362
188.9416144
190.3383334
190.9644658
192.4474628
193.2150913
193.5237203
194.5842012
195.3429554
195.3220021
196.4852773
196.4852773
196.4852773
196.2594752
196.8594776
196.6928377
196.6928377
196.9043423
195.8894654
195.5596366
197.457508
198.1598117
198.1861881
198.2204528
198.029655
197.6423897
198.4571013
197.819876
197.5018796
196.6124758
196.7658043
196.924556
197.6581662
197.6581662
200.2598203
199.9430565
200.4161069
201.3799564
202.3936006
202.7618848
203.1673918
204.4810373
203.856877
203.6177634
204.2451284
204.0087264
202.5752776
202.3716613
202.8908089
203.8630397
203.731404
204.1206414
203.5746244
202.2816856
200.9581798
202.7214574
205.0608261
205.6509682
205.6766051
206.4422615
207.0550824
208.03742
208.2139204
208.3763697
206.9981389
205.9674855
207.7319956
207.1142445
208.0147412
207.5468675
208.1722604
208.9889441
207.1386489
203.9976335
202.4729765
202.4729765
202.4729765
200.5250638
200.7769958
201.1797912
202.809461
202.0445441
202.7894938
202.0317257
202.5604871
204.5384739
202.9250736
203.3503014
202.9731429
200.2403461
197.0687636
194.3278321
197.316505
197.5994971
197.3554534
198.2650709
198.2650709
198.1183982
197.8033599
197.4131365
196.0459985
197.4925123
196.2052432
194.1535503
194.6682608
196.0837144
196.8459197
196.7413999
197.4880751
198.6543084
197.5423071
194.9142766
194.4932395
196.3353999
199.1584189
198.994737
200.8139721
201.81677
201.0437183
201.2315581
202.1855472
203.0384677
201.3447056
203.690237
205.3689621
205.9346998
206.1104606
206.7203234
207.323777
206.9941947
207.3333909
207.3333909
207.5372536
208.6112926
209.4062835
212.0735089
211.741215
211.6100724
210.4021791
209.9868118
208.804309
208.0384061
210.1366891
209.6399739
210.4186952
210.2601901
210.7800772
211.9026783
210.5034943
208.5230424
208.1734929
209.9993837
209.8009441
210.7724354
211.3958562
211.2592903
211.544008
210.4021791
211.8309443
213.8863348
215.2579099
215.3626761
215.3816573
215.8118152
214.9741782
216.0043386
215.3705644
215.8091036
215.065633
215.5850271
215.6611983
217.2447709
217.7920205
218.0284225
219.8814293
220.5474961
219.8557923
220.8499624
220.2975361
219.0174158
219.9829909
221.9917913
221.1509497
219.0896429
217.8706568
219.4446156
216.4443568
218.6143739
219.1155264
221.7255617
220.6170116
219.8954803
220.1777329
221.6846413
220.6244068
220.3135592
220.4737899
221.635586
222.97758
222.8000937
224.7208904
224.738639
226.3244303
224.7669875
225.3125116
225.381534
228.6292877
229.4075161
229.3569817
231.7165642
230.1827863
230.0141743
230.1194335
224.8448843
220.0882502
219.5503679
221.1184105
219.0341784
220.9542356
219.0164298
217.7050029
218.4731244
220.5822538
216.3785389
216.6652287
215.9045025
215.2204405
216.6390988
219.4209508
219.0201274
216.520035
220.5699284
221.5808611
220.7392799
223.7782407
223.8354307
223.6468515
225.829194
224.2890069
225.0019104
226.5926319
228.3689744
228.3021705
229.3707862
229.7085033
231.740229
230.8298719
229.1730862
228.8602665
230.8017699
230.6040699
231.4680833
229.9919885
229.6816339
227.1024121
229.2366854
229.4501621
229.0596921
229.3481074
226.9291164
227.1038911
228.7986393
227.57423
229.2837686
229.6873036
230.2767061
231.1641379
232.047872
234.5316949
233.8562607
234.8112359
234.8112359
234.8112359
236.1253744
237.0805961
236.5577509
236.5577509
237.2726264
239.5131451
239.260227
238.042227
240.0786363
239.5190613
240.4769946
240.4227626
240.2701737
240.1940024
241.7090456
237.8635081
240.656453
241.4874342
239.4068998
240.1427286
242.1014877
242.1014877
245.284163
246.623692
245.7286184
247.1662579
244.5609062
243.466407
245.1118534
244.6348588
240.6611367
242.8757719
242.740192
239.7128172
242.151036
240.5918677
239.9267869
238.7775628
240.8006606
243.1474246
243.6224471
245.1061837
243.8973044
245.40865
245.0324775
241.3957329
243.9046997
243.6530142
243.9766803
242.5878496
242.2900669
243.325404
243.0204726
246.3498207
245.2715911
245.9605832
247.7075912
247.5885275
249.0172926
248.5696326
249.5145009
250.6967572
250.9814749
253.5473852
253.3642291
253.6378539
254.871877
255.4839584
258.1161796
257.3470721
259.7317984
261.4332023
261.2986085
259.2762501
261.5978702
259.0250576
258.673536
258.673536
258.673536
262.3435593
263.9941824
263.3559711
261.8350116
262.794424
262.794424
265.6406148
264.1997707
262.0590882
264.8347775
263.2006705
263.2618047
259.0245646
262.2188259
265.6970653
265.6571309
266.834457
267.4965797
265.8025711
261.0957317
260.5854584
260.2255556
255.2731934
254.2780373
251.1828726
250.3849235
251.1880493
248.0805591
252.1060481
254.7481296
254.548211
248.665278
251.4481161
252.2258514
254.2514143
250.0903455
249.4651991
243.5292668
246.6956725
246.6956725
239.9359077
240.9162733
241.621042
246.8223781
243.4205564
241.2813528
244.3814477
249.3241961
247.0417709
247.1024121
248.8341365
246.1245116
248.7944486
252.7279898
253.5634082
254.2065497
253.8101636
254.8129614
255.5367113
255.9863434
253.9127112
255.0454192
252.7519012
246.6305942
246.1040514
244.4975534
243.171336
248.3384073
246.4910702
245.1505553
248.1638791
245.4998583
249.1203333
246.723035
247.9824486
247.6321595
245.116537
248.4720151
246.5041352
246.877596
250.1628191
246.9653532
246.3717599
246.1237721
247.196825
245.4840817
247.0632172
251.8555951
251.9329989
252.5209224
253.3319365
253.4537118
248.5048008
250.1066151
250.2498367
252.6042424
252.3340688
254.6586469
253.7450852
255.0979256
256.1236488
254.3832966
254.1128764
253.7640664
250.2261718
247.6080017
249.7173776
252.4006261
250.6178744
252.3505848
251.3840238
248.2664267
248.3061147
247.770944
247.3846647
247.5042215
252.7629941
253.8072055
255.8497775
256.9923459
257.2839658
255.1275067
258.9885743
258.966635
257.7703277
260.2479879
261.9720706
260.5115058
262.0080608
263.0384677
261.5424057
263.2053542
261.7272873
264.2781606
264.3000998
263.5341969
264.9851478
267.0407849
265.4330544
267.547114
266.7893459
268.5289586
268.328547
269.4232926
269.9897699
272.4519
270.9186151
269.28155
269.3515586
268.5250145
269.349833
269.0658548
267.1849925
268.4865591
263.7257343
265.2794794
269.3680746
270.4598622
269.518445
269.3010242
265.9664995
269.3927255
270.888541
268.1840928
267.9149052
267.9945275
269.965612
269.8921524
267.6116993
269.7723491
270.0013558
270.7029199
275.2401612
275.0242195
275.8527356
274.1552759
276.5910295
275.5768923
276.4968632
276.4968632
276.4968632
278.3340934
279.2267018
279.7998348
279.7998348
279.9590795
278.8091159
275.5677714
274.9850246
271.4495951
275.9407393
272.5305363
274.8723701
278.7026241
280.1944955
279.5688561
278.2581687
279.6469994
279.8030395
282.6992716
283.0714999
284.8157963
284.9839153
284.9839153
284.5867896
287.1100539
285.3531855
287.4460454
288.4251784
287.8439106
290.2217347
292.0429418
291.9019388
293.2560117
292.9069552
293.611724
294.7643992
296.2488753
294.3090974
296.1601321
296.2772238
294.2684235
297.581995
298.7004055
299.2333576
296.7727065
288.7996253
287.5416908
286.3212256
280.0549715
285.8903282
288.2918171
287.995267
288.4135925
291.5252733
290.2730085
284.1632874
289.7807304
288.7937091
289.7632283
290.5589587
289.7738282
294.3315297
294.1762292
296.157667
294.5272577
292.4681695
294.3702316
295.9244697
291.9539522
297.2292409
301.3528404
300.4511111
300.4511111
300.4511111
304.0358424
303.9939359
304.0097124
303.0791417
306.2078316
305.6080756
308.328547
304.5542504
306.6924679
306.6932074
305.8437381
305.8437381
307.0745566
303.8679699
304.3358436
303.1097087
307.7933763
307.9945275
311.0026746
312.5768799
310.859453
312.8290585
313.5325946
310.51015
312.5973402
309.8975756
310.0595319
313.5547804
310.9701355
313.444098
311.9275757
312.6794276
308.8627316
307.1990435
307.1467837
310.4492623
306.7886064
309.7827025
310.7924026
313.6972625
312.6160748
311.1488544
309.9808956
306.2480125
306.2480125
306.4235268
303.8339517
307.953607
309.5936302
312.49356
314.0053985
315.3020349
314.8957884
314.59135
312.0037469
310.6945386
304.5811199
308.5474468
309.1501608
308.6093205
310.3356218
310.2730085
313.6119705
313.1413851
316.0346591
314.1449225
312.2169771
313.7618478
314.995871
314.2292286
314.5509226
311.9448313
314.5400762
316.365967
314.744432
316.0856865
312.2251119
307.8569756
299.1258797
300.6520158
301.9360803
292.2233863
295.7472299
296.2054898
291.403991
294.6090986
300.5797887
304.0060148
292.8635697
296.8101759
294.4757374
286.1481765
282.6447931
281.049388
294.15922
297.0295687
297.8659732
305.7599251
302.2681276
306.8778426
306.6150642
303.0503001
304.7302577
310.3546029
311.1214919
312.5391641
311.0630693
310.7295428
311.8570742
307.1485092
309.391986
308.6061159
309.2196763
313.1288132
311.1572357
307.4556592
315.4888886
317.5536465
315.766211
320.3596564
322.332713
322.1271246
325.2188382
326.7277187
326.4617357
331.7550195
331.9808216
327.0607521
328.986479
331.4769576
332.8936438
335.6072128
337.2371292
336.0814958
335.177548
332.6308654
331.9852588
336.6100107
333.458642
327.182774
331.1421986
329.7462192
329.1215658
333.0252795
337.6406641
335.5899572
335.3779596
338.8007346
331.906869
326.1646925
328.2417758
331.1892818
322.4744555
323.8043706
319.6445343
322.7894938
327.0390593
322.754243
319.3834814
323.3239249
317.8509361
315.9954642
313.6279935
313.4579025
320.4769946
318.4958032
315.4723725
319.3041056
323.716367
323.7974684
323.6732279
322.7897403
327.4154783
330.0871409
328.4937079
331.1895283
327.7756277
327.0817053
322.0369024
310.95781
309.7730886
308.4024996
306.0835911
309.4430133
313.0413026
313.0413026
313.0413026
314.3934034
314.075407
313.9869104
313.9869104
314.5787781
311.1860772
311.963073
304.8710143
303.0377282
301.2520183
300.6628622
295.7610344
295.6215104
294.8228218
287.210383
286.108242
284.3977173
275.9188
257.0460848
268.0053739
276.4325244
290.6467159
290.6467159
283.0120913
278.4573478
280.3677912
290.132252
290.9334056
287.3210654
277.5713951
276.6583265
279.5301542
273.2535466
276.8621892
272.9486152
280.3453589
276.7130514
273.7330063
277.0768984
270.5762144
274.5472249
273.6602862
276.9829786
279.090629
284.4240938
278.2591547
273.9210925
265.9470253
264.5601666
264.9139068
267.9560721
259.2106788
255.3126348
252.870965
259.6536551
253.5392504
257.162437
250.7288033
250.7236266
261.5776564
253.5533014
253.5533014
253.5533014
262.9191574
265.9319882
265.2356008
263.9194902
264.0415121
264.2532632
271.9847658
277.3911972
278.1391049
278.169179
275.6363009
273.2831277
269.937017
269.644411
264.7637829
267.7295305
271.3692332
273.6028496
268.6103065
277.4895542
275.8266057
280.5322125
277.3231607
277.3231607
277.8420618
278.0720545
277.3120678
276.5875784
282.5047761
284.1492364
282.7719917
281.0530857
283.8687094
286.6609148
290.1719399
288.8622385
292.1681683
292.8532163
294.8750817
296.0243058
293.5486177
288.6396411
288.9455585
285.953681
282.7744568
282.9894124
279.5286751
282.3884239
279.3396029
279.7672957
275.1085255
275.79382
273.4754046
277.1927576
277.1927576
269.5687328
271.3978283
264.0161217
266.6589427
266.5206513
269.2472853
270.4137651
266.3084072
262.2185794
262.2525976
263.0044495
260.054725
263.7129158
260.4316369
259.7643376
255.3540483
252.9932333
248.0517176
252.5857543
248.2516362
244.6023196
248.8388202
245.017194
247.0467011
244.1440598
238.3005682
241.6299163
243.2598326
240.2452763
249.4388227
248.5568141
253.933418
255.9705668
246.4629682
243.3308272
239.6038603
244.4105358
246.4501498
242.5631987
241.8012399
238.5899696
246.6098875
247.6999495
247.67308
249.754847
251.9458174
246.945386
248.1362701
247.9610023
248.1744789
242.1468453
245.3687156
242.6499698
245.3788224
249.4839338
249.0646223
249.2359459
252.495039
255.9870829
254.9108254
254.5043324
251.460688
247.7963344
242.7567081
252.6634045
247.9183563
244.4632887
239.6689387
244.2828442
239.9351682
237.0367175
235.2707283
229.5349611
240.2470018
252.6979158
247.3321583
249.8867292
246.8881959
246.0488334
240.6862806
229.6278949
239.9960559
238.6151135
235.4723725
228.217125
232.8115563
221.1139734
217.7789555
199.6748549
211.4037445
219.2693479
217.2792822
202.9302503
200.2181603
209.5625701
218.2352434
210.9750656
201.5162757
196.367446
193.990608
193.6612722
196.3013817
204.0033032
204.3624666
214.6379402
214.5657131
220.4548088
210.9743261
205.5353555
208.0497455
200.4439624
199.0169228
186.5709391
188.9916557
184.2507981
177.6416501
176.532607
168.8476945
172.663158
172.8625837
183.7380597
179.4054207
181.9434755
190.3131895
186.9503161
178.5788767
178.8589107
179.0736199
176.9013841
184.3627131
182.6489838
184.1019067
182.1263851
177.6838031
182.3297548
181.0170954
181.5379685
181.7270408
184.0994417
181.0402672
179.4618712
182.026549
182.026549
182.026549
183.9419225
185.4172778
188.6149902
188.6149902
188.0862288
186.7708577
189.7735816
191.6260954
187.3863902
189.4550923
186.8492475
185.2918048
187.0410314
179.1936697
180.138538
182.096804
176.1818249
174.1375273
176.5833878
168.7663466
168.7663466
174.4032638
177.037457
178.7341772
179.5306472
177.3113283
178.1760812
174.6729444
174.45084
176.7130514
178.6723035
177.8351596
177.0914424
179.0043509
181.5051828
179.0455179
175.9841248
173.4995624
175.2588959
173.0316887
170.3240358
169.2467923
168.8799872
169.9747328
170.1019314
165.0097987
163.6697768
160.9456078
162.3304944
160.1856211
160.6463461
162.8422467
166.1459579
165.5402857
171.4542788
171.445158
176.7325256
176.2333452
178.1408305
177.5580836
182.0004191
183.6404422
184.9540877
186.8428383
188.0352015
184.2014963
182.990645
183.15975
188.3374213
191.5193571
192.1595405
189.3276472
184.8022383
187.5093981
187.5093981
187.5093981
191.8832041
191.5045666
192.7376037
193.0883857
192.4501744
187.6363502
187.1734066
191.2933085
189.7501633
190.5912514
189.1299471
187.9856532
192.4938065
191.7952005
197.7106726
198.0878311
196.85578
200.3729678
200.4957292
199.5133916
196.9068073
195.8722098
189.0128554
191.9408872
190.0070255
194.2674374
194.618959
193.7850197
191.1523055
189.5490121
192.0740019
192.6466419
190.118694
193.4655442
197.4592336
200.4779806
203.3596687
198.8455992
201.0230116
201.0230116
199.1788791
203.7624641
204.6503889
205.3630459
203.7656687
200.3663121
197.4947309
196.8212688
197.4461686
198.3089495
192.0939692
192.7134458
195.2576633
197.6436222
196.814613
200.3564518
196.1465741
196.3151862
193.8242146
191.6263419
190.5488519
190.8486066
190.4342253
191.9823007
189.0306041
195.8376986
198.6530758
202.2945041
202.7374804
205.2501448
205.26814
206.0695401
205.3968176
206.9485906
209.3389866
210.9486892
209.4262507
211.9707148
214.7858455
215.8926701
218.4930916
216.1344952
219.5747723
218.2761638
218.1593186
219.3487237
220.1291706
225.032724
226.2849888
222.277002
222.0795484
221.5180013
221.704362
217.4673684
224.7692061
223.3594222
225.7229487
225.6832608
227.4137527
226.9631346
229.1947789
225.2378194
224.4383913
224.7021557
225.5853968
229.2817966
229.2462993
231.601198
232.7654592
229.4676642
230.0730899
235.7590623
239.1039404
237.9805998
237.0475639
236.449287
240.12498
238.6511037
239.6105161
238.0565245
242.0073213
241.2660693
238.6651547
233.6181332
232.1001319
233.0595442
238.5004869
242.4088842
241.5022247
240.8102745
243.1047786
245.535109
247.182774
245.9603367
243.6224471
246.4935353
245.8158826
244.5448831
247.1684765
245.6339591
241.7275338
238.0205342
232.3108969
235.7600483
230.5969211
229.9633934
230.3257614
228.7039799
233.152971
237.2782961
240.3261312
241.5488149
241.0651646
238.769428
240.9882539
239.6827432
240.1977001
240.9451148
237.4957169
238.9710722
237.2504406
239.3874256
238.5574304
231.4784366
238.6077182
239.5133916
241.5157827
242.0751112
238.4282598
237.0872518
236.967695
235.2606214
233.7497689
234.9665364
235.7602948
236.9393465
236.3516695
236.3563531
235.5177301
234.5925825
238.3567722
240.2011512
242.8005867
242.8005867
242.8005867
245.4673191
244.8793956
246.7871273
246.7871273
246.8978098
249.3754699
249.1203333
248.0137552
248.6699617
250.8052211
248.2486781
246.6456312
248.4799034
248.6849987
249.4124462
247.0388128
247.2515499
245.4059384
241.4898993
239.5700886
239.5700886
235.9419718
237.4907867
232.2293025
230.1379217
234.0251192
236.2424661
234.8065522
229.3594468
230.0065325
229.0944499
229.1661839
231.3855028
231.8260141
231.0613437
232.4859182
237.7663836
237.1173259
236.0773052
240.7619588
241.0215325
237.1054934
234.2361308
236.8772263
239.3553794
240.1447007
241.732957
242.5932728
243.4898253
245.4675656
246.1945201
246.0557356
245.7111163
245.8654308
244.0950045
244.6666584
247.4827752
247.8155621
248.2681523
246.1089815
248.6849987
249.7025871
249.4933011
250.257232
250.1031639
251.1826261
248.931754
250.1066151
250.1066151
250.1066151
252.4405606
252.7023529
251.3024293
251.5829564
253.4177215
251.8028422
254.1146019
254.6490331
253.712053
250.0745689
250.5981536
251.8218234
249.209816
247.6284619
247.6284619
247.4098086
244.7918849
242.838549
244.0474283
242.9763475
240.461711
237.3754206
231.655923
226.9079166
233.2540397
230.4053838
231.5504172
235.5924223
233.2890439
225.855324
226.1356045
221.8249048
218.3274377
218.1474862
222.976101
216.2754983
218.4110042
222.1458593
226.2640356
224.6489098
223.7802127
222.1552266
227.5789136
225.5368346
219.2932592
222.0430651
222.2740439
224.8702747
228.6019252
228.6019252
228.4988845
230.9876376
229.2507364
230.3792538
233.4280749
230.8988944
227.1531929
226.6325663
223.0559698
221.7282733
219.8225137
217.5891438
214.3598782
214.4022777
213.3570803
216.197355
215.331616
220.6175046
222.6186632
223.0857974
221.4721507
225.6857259
224.611194
223.7296784
220.7067408
223.0567094
223.4757743
221.3390359
225.6608285
227.028706
227.6112063
229.5768676
229.3619119
227.7667534
230.0893594
231.5378453
229.9266636
230.9038246
230.8537833
232.3471337
229.5719374
225.0699469
222.8427397
225.8203197
224.5621387
226.3268953
226.2157199
226.234701
224.0363354
224.0762698
221.4906388
218.3959671
220.4249812
221.216521
225.2984606
222.7009971
227.3521255
229.2371785
229.363884
230.9097408
230.916643
229.0111299
231.3724378
230.2944548
232.9742522
233.4680093
235.3232347
232.3254409
234.1219972
233.7088484
233.0765533
233.6314447
234.2109869
232.6382606
236.3743483
236.0699099
234.6926651
231.4786831
231.3142618
233.8409772
232.843849
236.9151886
237.0046713
236.5294023
237.191032
233.0521489
232.9084343
236.9043423
236.4330174
234.4900349
234.7030185
233.1808265
232.8394118
234.2538794
237.4059877
236.2202803
234.3938964
236.2281686
235.0814095
236.8513429
237.1025353
238.2500339
239.2589945
242.1744543
240.8990177
238.7571025
236.6721309
238.0003205
236.1877411
236.0509287
236.9117375
233.2823882
233.9279948
233.1196924
233.7586432
230.8826248
230.5747353
230.8505787
231.0352138
232.2468046
230.383198
230.6045629
235.1043349
236.0097617
235.5258649
237.5659719
236.1906992
238.4667151
238.9893138
239.6775665
240.1454402
239.9847165
240.9175058
239.6985197
238.2423921
240.1863607
240.5401008
241.6030468
240.4962223
240.4962223
240.4962223
240.0796223
240.6791318
238.1566071
238.1566071
237.8228341
236.5791971
237.1311304
236.1386859
236.4374545
236.4374545
236.9632579
240.4962223
240.9892399
239.0095276
241.0811877
242.6945879
239.9736236
238.7575956
240.3446193
241.3784773
241.3784773
241.5848052
240.2672156
239.2708269
239.16187
241.2500462
242.5247433
244.5079068
244.8172753
246.0818656
246.806355
247.5485931
245.743902
248.4397224
248.2255063
248.0672476
248.3640442
248.2829428
246.6466173
244.6725747
244.1761059
242.3438058
243.6808697
243.3793894
242.9891659
241.760073
241.9506243
244.9028139
241.524657
242.2811926
240.2474949
237.0295687
234.1828849
233.3824708
228.7909975
229.9821281
229.8201718
233.1482874
234.0709699
233.9437713
234.5644805
236.8409895
238.8226739
238.4045949
239.5772374
242.9240876
243.6165309
244.9787386
245.8124314
246.5048747
247.3834321
247.1221328
248.6837662
250.4697226
246.9488371
247.562151
246.0890143
244.4714235
244.947925
241.7031294
245.0169475
247.7048796
247.7048796
247.7048796
247.7048796
245.7951758
245.8780028
243.4942625
243.8369098
241.8076492
239.1653211
239.6028743
238.9486399
239.6391111
237.9727115
240.4782271
236.2220058
237.1311304
233.9104926
235.779769
236.198341
239.2414924
237.9433769
233.4367027
232.6027634
230.3331567
234.0719559
235.2561843
234.3256135
236.3671995
236.2158431
230.7297894
229.8196788
229.2724292
229.1223054
227.6819543
228.3514723
228.8144158
228.8144158
230.1633121
229.0905057
224.6575376
224.8167823
223.2221168
226.2578729
227.3977297
225.8824399
226.7144072
224.5577016
225.3164557
228.1971578
232.0991458
231.012535
231.8188653
231.2338999
231.5432685
231.5723565
233.7675175
230.0262532
225.729851
226.6278826
225.2388054
224.3449644
224.1393761
223.8721605
228.0347084
228.2794917
230.4598622
226.7116956
228.8541038
227.002083
223.2834975
221.242651
224.7995267
221.4494719
216.2947259
213.4569164
205.0369147
199.1421493
202.025563
207.7112889
207.4785845
208.8607595
214.3763943
212.3064598
215.0557726
212.5618429
205.1761922
204.4203961
208.8969963
208.3263284
210.5084244
209.8339763
212.9333317
213.2897834
214.7954593
215.3560204
212.2132794
207.0003574
203.6899905
209.196751
209.2995452
209.5145009
201.6136467
203.1996845
199.789235
203.075444
207.1583696
203.7538363
201.6590044
203.2743766
197.8196295
194.9083603
193.4544513
200.7003316
202.4148004
200.8686971
200.8995107
195.2581564
193.8993998
196.5441929
203.9434016
208.7241936
210.5786795
211.7863262
210.7586309
212.7546128
210.8155744
214.2943069
209.8300322
211.112371
207.5266538
207.310712
213.0341538
211.8681671
212.5847682
217.9510187
218.2460898
215.3207696
212.0311094
209.4654456
208.7919835
214.3465667
213.8414702
214.8588121
217.5358978
212.2877251
214.8800118
215.0737678
214.0620956
212.104569
212.6821392
208.6194274
207.8375014
206.3202396
202.2328769
201.9646753
198.7290005
202.5516128
204.82048
205.7897526
211.3305313
214.2874046
215.9279208
212.8993135
214.4540446
213.8572467
209.7900977
212.3205108
209.3594468
209.2850012
206.695919
207.5426768
202.9322224
202.4547348
206.8164619
204.5828455
207.0052876
207.0052876
207.0052876
204.3654247
203.6685442
202.7781544
202.7781544
204.9481715
209.5186915
207.1704485
205.3344508
205.198871
207.631913
209.434632
209.0737431
209.6979034
207.2752148
210.4882107
210.453453
210.2126139
211.3475405
210.5638889
210.6619994
213.4278284
213.4278284
214.2955394
213.4093402
212.8694859
210.9560845
213.0176377
212.0434349
214.2363773
213.0050658
213.7768849
213.2690767
211.2065374
213.2496025
211.2028398
211.9179619
208.2013484
208.6628129
211.8989807
213.4988229
213.5459061
213.2444258
214.2662049
212.146722
211.6581416
213.4783627
211.2329139
212.0456534
211.5657008
208.7276447
205.8257429
207.1088213
209.2342204
208.3485142
210.8821318
212.787152
212.3111434
212.3219898
213.0171447
212.3868216
211.2681646
212.3481198
212.2667718
211.8033353
213.793894
215.9964503
215.9557763
215.6927514
215.3178115
215.6441892
215.6513379
215.0875723
215.0875723
215.0875723
213.7458248
211.4947062
213.1049018
215.2233986
214.1772152
213.6240494
216.5848668
217.148879
217.260794
216.6003969
217.0441128
217.0441128
217.8317084
217.0658055
218.7945719
220.5632727
221.006742
220.8751063
219.3546399
214.8134545
215.2455844
213.5076972
214.325367
213.7869917
214.494472
213.0701441
208.1367631
207.4729148
201.8461045
203.2719116
205.4268916
202.8447118
202.3672242
200.9562077
202.8816881
205.1034721
204.0346098
202.8188283
202.5193201
198.7420655
201.6663996
202.1130736
205.0445565
202.9307433
202.9307433
203.4410166
202.9642685
201.8628671
202.544957
206.6389755
206.1597624
206.8342105
204.5658363
202.6933554
201.8261373
201.1945817
202.6487373
202.6051052
204.9844083
206.9002749
206.5933714
208.7932161
208.720496
208.1389817
206.2120222
205.281698
205.2935304
203.8881836
204.6311612
205.7621436
207.6139179
206.8201595
211.040637
210.4753923
207.2461267
207.6974844
207.2520429
208.3021705
211.473753
213.304574
214.5030998
214.2065497
214.5136997
212.0224816
214.4858442
215.44501
216.6376197
216.5572578
214.9391739
215.0939815
215.3168255
214.5109881
216.9215979
218.8596502
218.8342598
219.8777316
219.5858652
219.928759
218.0395154
217.5568511
218.4642501
218.3165913
216.4246361
216.6230757
217.2085341
215.9045025
214.8684259
216.3551206
216.812148
217.1030284
216.7396744
218.5285889
217.5371304
219.8222671
220.6998385
220.3098616
221.4802855
220.3088756
220.8864457
219.8020534
219.106652
218.5172495
219.7734584
219.8175835
220.0194742
222.124906
222.3080621
223.0111052
225.1130859
224.5451296
225.7695389
225.1249183
224.7497319
224.9217951
224.9025674
225.3364229
226.9784182
228.7705373
229.0594456
227.4310083
227.5086586
225.7222092
225.9679785
224.0903208
224.3116858
224.8431588
226.2551613
223.3887567
223.4227749
224.4253263
225.0943513
226.5167071
224.8170288
223.4962346
222.7909728
219.4199647
219.9339356
217.9685208
217.1621905
218.182244
219.3413284
218.5401748
220.5511937
220.6956479
221.1982794
222.8913019
222.4897391
224.1322273
225.57529
227.085896
225.8323987
226.637743
226.1866318
228.329533
228.6514735
229.4785106
229.7639678
229.713187
229.7770328
229.0860686
230.0412902
231.2021003
232.1528848
231.9317664
232.5068714
232.5068714
232.5068714
232.9769638
234.1528108
233.0272515
233.0272515
235.6217569
237.1932506
236.5372906
236.2170757
234.8208497
235.750188
236.5952202
235.7671971
236.2054898
236.2930004
237.2166689
238.2709871
239.0741129
239.3418215
239.5087079
240.0480692
241.173875
242.333206
242.333206
245.0950908
245.7517903
244.7014162
246.8398802
246.2063525
245.1162905
247.1689695
247.9528675
249.7637213
249.0352877
248.83389
251.3362011
253.2929881
253.1142692
254.9773828
256.0393428
257.3507697
251.2444998
252.8034215
254.59135
251.7841076
253.6060543
257.2953052
256.6203641
252.6296328
256.0600495
258.1302306
257.8213551
258.4529107
259.5543121
258.2778894
256.7946458
253.6760628
258.3355725
252.7437664
251.097827
249.9981512
249.5366867
250.1034104
251.4419533
249.168156
251.4266698
250.1125313
250.1125313
250.1125313
251.3199315
249.7755537
247.798553
246.3791552
247.0619846
250.7216546
250.2116278
252.3286456
252.7999704
250.8012769
250.0859083
252.7933147
248.9820418
248.9702094
250.7613425
253.4788557
257.9478141
257.9478141
257.4868426
259.1877534
262.822526
261.3481567
259.5254705
259.2700874
260.5719005
259.7325379
262.3738799
262.1224409
262.4364932
262.6790578
263.3813615
262.1591707
260.9909655
261.6696042
263.2492327
261.6321349
260.7957305
255.6602122
251.5215757
250.4891968
250.8919922
250.7016874
248.6790825
248.2661802
246.7420162
247.4302688
243.7279529
241.216521
238.866799
238.866799
239.9068197
238.3269446
237.315519
242.2528441
244.2870349
243.7109438
245.8471892
240.4239952
239.3935883
236.0565984
235.5487903
239.2994219
243.2238423
242.9226086
238.1105099
244.3042905
239.498108
241.7990214
244.1240925
242.3408477
246.1718413
247.3550836
250.4571506
250.7628215
251.0418695
251.5400638
251.263974
251.9263432
250.4310207
251.7197688
252.6118842
253.5924963
254.1434435
254.5743409
254.8652213
254.7237252
254.7703154
255.148953
258.0266969
257.6645755
257.3667928
252.5630754
255.2135383
254.7007999
257.275831
259.5870977
259.6317158
259.4781408
257.1856088
257.2215991
255.3486251
256.3989992
255.2248777
257.5437861
258.1669604
258.6456805
255.9873294
256.436222
258.4935846
261.0358301
261.5623729
259.6881663
258.6316295
258.8525014
260.6690249
261.6895714
263.4844022
263.802645
262.7384665
264.0649304
264.4191636
263.9446341
266.6840866
265.7111163
264.585557
263.6256517
265.7658413
266.7351139
267.2002761
262.5802078
262.0398605
262.418991
263.3929474
262.1429012
259.9122429
259.3452726
259.525224
259.1443679
263.3522734
262.4051865
264.878163
265.2190847
266.3520392
268.1700418
269.6964244
270.9131919
269.9895234
270.9592891
271.7473778
274.759469
273.5671059
274.2807489
273.7071229
273.0975066
272.1129503
274.2178891
274.4853512
273.8116426
272.549764
271.8223164
272.1629916
268.3100588
270.0740759
272.4016122
271.6251094
270.090592
267.8481013
266.9843344
269.2408761
270.0126952
270.3854165
269.4141718
269.5820443
269.069799
266.9249257
265.7897526
266.7397976
262.8151307
262.1313152
259.7705003
259.8520947
257.6347479
255.430466
257.2400873
256.4961236
257.1831437
256.9893878
262.2895739
265.4515425
266.8287873
268.4525409
268.4525409
268.4525409
268.259278
269.8605993
269.6370158
269.6370158
270.3173801
269.5191845
268.218111
267.7657673
267.7682324
268.1791626
267.4951006
266.4728286
262.6206353
264.1679711
267.2737357
267.4354455
266.8376616
268.5311772
268.1278888
265.2723306
264.2414307
264.2414307
260.8871852
263.6310749
261.5791355
261.4896528
261.3720681
256.8343337
255.4065547
258.6074717
260.1599842
263.1042856
264.9247532
267.6829404
267.3994552
269.713187
271.0394044
271.7269175
272.6365351
272.675237
274.0845279
