100
100.8599794
101.582559
102.5316496
103.7679295
102.624732
100.5348265
98.99833214
96.34882059
93.24882853
95.28123263
96.20570249
96.10976094
96.79866571
95.09062028
93.20467
92.63124454
91.65928044
92.2825828
93.31045985
93.23119689
92.30958621
92.96163927
94.65316496
96.3222937
98.39313796
99.45580176
98.55738226
98.26161544
99.04360257
99.91501866
99.93058534
101.0062743
100.7713446
100.1704392
100.2817886
100.6666667
100.3915495
100.0303391
100.9255818
100.1510603
100.0104837
99.96108331
99.96108331
99.96108331
99.96108331
99.14430943
96.33627194
96.52068938
95.80001588
94.89000079
93.52680486
94.76372012
94.31196887
94.22698753
94.70240648
94.90445556
94.60694147
95.19545707
94.3485029
94.49733937
95.02708284
95.51838615
95.48169327
95.48169327
94.19807799
94.65650068
95.53697085
96.08815821
95.30172345
94.64998809
93.98490986
92.90175522
92.63759828
92.63759828
92.29370185
91.80525772
91.31188944
91.06997061
92.01048368
92.16837424
92.50258121
92.26923993
91.48201096
91.00722738
90.76848543
92.08323406
93.06552299
93.45135414
94.0236677
94.30418553
95.50377254
95.50377254
102.7889763
102.1205623
102.1205623
102.3894846
102.8388531
101.3319037
101.5428481
101.9002462
104.139147
105.3562068
105.3562068
105.1219125
104.7738861
105.194504
105.194504
108.2327059
109.608927
109.886268
109.3525534
109.3716146
107.837503
108.8116909
108.1621793
108.5764435
108.6193313
107.9658486
107.7701533
107.2690017
107.9353506
107.9046938
109.1268366
109.1795727
108.6004289
108.7479946
108.7248034
109.5288698
109.4572314
109.5318879
109.9059646
111.0682233
110.7503773
113.1765547
113.5485664
112.6754031
112.769915
113.1069812
112.6364864
112.7001827
112.4901914
111.1879914
111.6135335
112.7257565
112.4843142
112.324994
112.4685887
112.0988007
112.228576
112.0500357
111.6934318
112.2317528
112.1547137
112.3507267
112.797395
113.3076007
113.3076007
112.3902788
113.3098245
112.560718
112.0327218
110.249861
110.249861
108.0169963
107.6103566
107.7860376
108.3440553
107.7992217
108.2754348
108.3133985
108.9603685
109.5358589
107.9830037
108.094512
107.7475975
106.8799936
105.8043047
105.5430069
105.2769438
104.6396633
105.2223016
106.5235486
106.8433008
106.5121118
106.3527917
106.196013
105.7715829
105.8402033
105.7361607
105.5102851
104.8008895
103.9731554
104.4943213
104.9421015
103.9931697
103.2329442
104.4101342
105.1379557
104.9597331
105.1903741
105.2731316
105.3522357
105.4380113
105.5302994
105.7688825
106.6646017
106.8205861
107.8884918
107.9839568
107.6908903
107.6805655
108.1915654
108.3785243
107.6182988
107.0405845
106.5638948
106.2093559
105.3678024
105.7977921
105.5908188
106.1337463
105.652609
104.4309427
102.6469701
101.0521801
100.9433723
99.06171075
98.31228655
96.71686125
96.32944166
96.41537606
97.53585895
98.89540148
98.54054483
99.00277976
99.45357795
101.5544437
102.1918831
104.2612978
106.0555953
107.2329442
106.9265348
108.9633865
110.8990549
109.6702406
108.6334684
106.841077
106.3953618
106.6021762
107.0944325
106.3113335
106.3113335
109.2904456
111.0394726
111.0394726
111.9618775
111.1438329
111.8705425
111.8705425
111.8705425
111.2278612
112.9301882
116.2022079
116.1069018
116.3756652
115.5747756
114.316893
115.0901438
118.6245731
121.8905567
120.9373362
120.7862759
121.0931618
122.2927488
124.8401239
125.7577635
125.0329601
125.2385037
124.4614407
124.1968072
125.1177825
126.8895243
128.2919546
130.3369073
131.6534032
132.0312922
131.780637
131.528711
129.2933047
128.1863236
129.6200461
131.1702009
131.1584465
132.5238663
132.5238663
132.5238663
132.5238663
132.5238663
132.5238663
131.3878167
132.5494401
132.5812088
130.4399968
132.1327933
132.8726868
132.5685013
131.0912557
129.1370026
126.3032325
120.6747677
124.2150743
124.3818601
127.0170757
128.4501628
129.1177825
130.3958383
129.6719879
129.6719879
129.6786594
129.7045509
129.6773886
130.0443174
129.5519022
129.5519022
130.3647049
130.3824954
131.5555556
134.6547534
134.6547534
132.7738861
132.4901914
134.4792312
135.3989357
135.5144151
137.2149948
137.9140656
140.0865698
139.11127
140.4881264
141.4172028
140.9171631
141.2523231
139.9744262
141.0863315
140.3091097
139.6974029
141.7293305
139.1072989
134.8134382
132.221428
136.5392741
137.6453022
138.9641808
138.3046621
138.0754507
136.9718053
137.9577476
137.9577476
138.5154475
137.4972599
137.534747
136.9805417
136.918275
136.7884997
137.3744738
137.2527996
137.4685093
136.2698753
135.6802478
138.4485744
135.3446112
135.5026606
134.7864348
135.1930744
135.0653641
134.5705663
130.9764117
126.961957
130.2423954
130.1091256
129.3506473
128.3032325
127.709475
125.8745135
127.9521881
129.5187038
131.9723612
131.4537368
132.2563736
133.1932333
132.5546819
132.8218569
131.5752522
128.149313
127.4886824
127.7353665
128.3553332
128.4150584
128.6704789
127.981733
126.3024382
127.3765388
127.7058216
128.9004845
128.9057263
128.7410055
126.8143912
126.0695735
124.3742356
119.2421571
117.4064014
118.1872766
121.0844254
125.1512985
125.4932889
122.847113
122.6900167
121.337781
121.1586054
119.9923755
118.6619014
118.1458184
116.9487729
117.5309348
117.5376062
118.2514494
118.927329
119.4473831
121.0629815
122.9851481
122.2916369
121.7161465
122.4881264
121.7155111
121.6300532
120.5788261
122.0155667
120.8458423
120.9721229
120.6331507
121.5587324
121.0010325
122.2406481
122.8477484
124.1224684
126.087364
125.5326821
127.2634421
128.248908
128.3963148
128.0125486
128.9114447
128.4323723
129.0315305
128.6207609
131.114288
134.1540783
133.7946152
133.4044953
133.357001
130.5785085
127.9744262
128.1694861
129.6141689
130.0181082
129.248352
128.6752442
129.8297196
129.8349615
129.8236836
129.7725359
130.5059169
130.1429593
128.9413073
128.2422365
128.4955921
128.5507108
128.0697323
129.4380113
131.7634819
133.1505043
133.6956556
135.6011437
137.076642
136.2728933
134.980224
134.2973553
136.4606465
142.8439361
142.9371773
141.5619093
138.3666111
137.0831546
140.0689381
143.7477563
143.7491859
142.1302518
139.6675403
140.3654992
140.9525852
142.0370106
143.7588754
146.3912318
144.5880391
146.5041696
142.6752442
142.3875784
143.0898261
142.1561433
141.8942102
142.1408943
143.954253
143.538877
145.0798189
145.5212453
144.5028989
144.5028989
144.6703201
144.9295529
144.9295529
144.9295529
144.9295529
145.6206814
148.4531808
150.2962433
152.3167342
152.4512747
150.6169486
150.6935112
151.0860138
151.0037328
150.0711619
149.8197125
151.2297673
153.9282027
155.510444
155.8767374
153.4172028
151.7506155
153.7649114
155.0593281
155.0957033
153.498213
154.6352156
152.9937257
150.8563259
152.6117068
154.3907553
154.3907553
154.3907553
154.3907553
155.704392
156.8193154
155.081725
154.7054245
153.6740529
154.468271
155.2497816
154.0811691
153.9626717
154.4501628
157.9175602
158.1877532
157.8125645
156.2697165
154.9320944
152.8120086
151.0979271
151.3987769
152.3513621
151.7533159
150.2835359
147.7415614
147.1891033
148.2504964
144.8569613
146.4118815
145.9755381
143.8097053
142.5060758
144.5132237
145.1852911
146.370741
146.370741
146.370741
143.8743547
144.1381939
141.8230482
141.0067509
141.0569454
141.3142721
141.3142721
140.6039234
141.1835438
140.8633151
139.9779207
140.8421889
142.0370106
142.0370106
143.4661266
143.5841474
145.4330871
145.7112223
145.8028751
145.8497339
142.8023191
143.739973
140.6873163
140.8757049
142.6220316
144.4663649
147.1910095
147.1910095
149.4411882
149.4689858
148.0713208
147.1706775
143.3166548
143.2345326
141.8622826
141.9501231
142.3551743
142.3551743
143.6527679
145.0883965
147.050274
148.2085617
152.4701771
153.7099516
154.9406719
154.1693273
152.2802001
151.8074815
152.229529
151.3622429
150.1728219
151.0382019
152.4056866
152.8560083
154.110714
153.2068938
154.934477
154.3977444
155.6233818
156.9768883
155.7291716
155.9520292
154.5623064
155.9833214
157.2448574
158.4654118
157.5612739
158.8645858
159.2555
158.669367
159.6472083
158.3288063
155.5801763
153.0772774
152.0708443
151.2080057
151.4267334
151.4267334
152.0938766
150.2436661
149.6205226
151.2435867
149.1347788
149.1271543
148.952744
150.8782464
152.0994361
152.0351044
152.1092844
151.6279882
150.4689064
146.7494242
141.549043
141.4502422
137.6418076
139.4219681
138.3184815
134.4854261
128.2960845
125.966484
122.9546501
123.7739655
126.4025097
120.2994202
112.5024224
116.2069732
116.1823525
109.9304265
101.4859821
100.3467556
99.64180764
108.0015884
113.2289731
124.780081
125.6468906
126.3874196
121.8389326
118.3491383
116.1698038
117.4411882
114.6333095
113.4356286
112.7076483
115.1379557
116.4168057
118.0042888
121.1810023
122.7834167
120.9500437
120.8544198
120.7378286
118.4260186
118.7553014
113.7657057
114.5742197
114.5791438
115.6802478
116.4573108
120.0611548
120.8493368
119.3727266
116.5311731
116.1667858
117.3568422
115.892304
116.0708443
113.4883647
110.8474307
110.3467556
111.2591534
100.318958
106.5543642
115.1635295
113.3593837
114.1404178
112.2538321
111.7747597
107.667858
104.1644031
103.2972758
100.4882853
100.3448495
97.06059884
96.33087126
97.07505361
95.78889683
91.54618378
86.3496148
85.46835041
90.31451036
86.06703201
86.93828925
87.29092209
87.29092209
86.13739973
85.21372409
84.13215789
87.84147407
91.60273211
94.50718767
95.90104043
92.6831864
87.13477881
78.5178302
70.77801604
75.08585498
77.62020491
80.73115718
81.17560162
83.03375427
85.73790803
85.27472004
85.27472004
85.27472004
85.09808593
85.79906282
85.79906282
85.79906282
88.20840283
88.85664363
86.3882138
82.32562942
67.98109761
69.0305774
71.17925502
79.08013661
84.64903503
79.94631086
88.00492415
93.66928759
95.82876658
100.0546422
95.6839012
100.2134858
107.3431816
107.0788659
107.4570725
107.4570725
107.4570725
127.1517751
125.2305615
119.2850449
116.6889048
120.6646017
119.2006989
115.742991
107.2648717
92.80422524
94.3597808
96.54435708
100.2325471
100.5932809
107.2372329
106.9379716
109.73489
107.5965372
103.3983004
104.0346279
104.0951473
107.6392661
112.643952
109.4162497
111.1951394
110.0883171
108.1478834
106.9606862
108.1108728
108.8482249
111.6918434
112.8631562
111.6141689
109.6958145
109.7925502
113.2358034
113.091891
109.5148916
110.0093718
118.4792312
121.0169168
119.8843618
119.8843618
115.7458502
113.5312525
118.3181638
118.0752919
118.0752919
117.5126678
117.6249702
117.6249702
116.9489318
113.4705742
112.0919705
111.7977921
110.932412
110.9206576
108.1526487
109.2724962
105.8081169
105.7205941
105.2901279
105.2901279
99.12731316
97.9515527
95.77285363
95.53125248
91.95075848
86.09610039
92.03685172
92.56564213
92.56564213
91.55698515
84.99420221
87.08013661
88.10880788
83.76586451
88.57834961
91.8233659
91.8233659
96.00841871
94.03510444
93.23024382
88.31673418
87.54570725
89.77777778
88.11595584
84.44237948
80.99610833
85.1500278
85.59558415
85.8605353
85.40608371
85.33714558
85.88070844
85.14510365
85.02104678
84.00158844
90.17107458
96.42014137
90.6310857
89.0852196
90.76721468
92.77610992
91.37018505
93.38988166
93.03581924
96.97116988
99.74489715
102.6436343
103.8956397
103.8956397
108.3650226
105.283933
104.3181638
102.8255103
101.6249702
104.3631165
105.9099357
109.2663013
112.112779
111.6092447
111.2993408
109.5580971
107.4491303
109.1684537
109.7752363
110.1715511
110.3720118
109.9331268
109.2489874
107.5361766
102.9028671
97.57445795
95.72377095
93.26058296
93.99666428
89.60479708
89.93122071
88.66285442
89.70185053
89.70185053
86.64506393
86.8164562
84.28210627
80.26209197
75.64911445
76.50575808
74.52481932
73.81145262
69.14764514
71.10332777
65.86418871
68.39599714
67.60527361
64.9023906
67.11428798
64.29433723
62.20220793
63.45770789
62.38630768
61.04932094
52.93114129
52.07449766
51.99793503
49.10253356
45.51520928
46.05146533
47.04979747
53.23373838
51.37574458
51.06091653
50.83106981
50.16519736
49.12143595
45.64355492
46.18918275
44.48256691
46.83837662
53.0229529
57.90485267
58.91573346
61.00881582
57.82288937
58.40298626
67.42069732
65.99777619
66.65046462
61.45818442
60.2924311
59.21563021
59.9289969
60.72083234
59.26264792
57.83639107
55.43769359
57.62846478
60.54546899
64.74608848
72.02906838
73.54554841
76.9308236
74.43713764
75.86355333
74.24128346
73.78127234
74.05623064
74.05623064
78.16345008
80.20109602
85.9453578
91.36049559
91.98109761
83.03899611
85.60511476
85.02152331
83.37431499
83.41037249
85.34238742
84.24890795
83.15161623
85.68421889
86.03335716
86.09673576
87.90866492
87.64244301
86.41728219
85.20006354
87.68930188
85.21896593
84.15407831
84.36359304
84.68032722
83.54745453
84.51354142
84.51354142
83.47152728
82.84234771
83.91835438
83.91835438
83.91835438
83.3951235
86.79548884
93.17798427
103.5241045
97.71074577
97.51377968
98.17028036
94.8663331
92.96433961
92.21459773
92.21459773
92.21459773
92.21459773
92.21459773
92.21459773
86.38948455
89.54427766
92.31991105
91.04423795
91.50822016
90.78691129
89.45564292
89.74489715
89.8295608
88.88587086
86.82709872
87.29886427
86.51878326
88.87316337
88.16345008
87.11174649
87.9115241
87.47438647
88.81852117
89.01977603
87.63052974
87.63132396
88.48351997
87.19307442
86.60312922
86.71161941
86.90461441
87.25105234
86.80073068
85.43896434
84.06925582
82.99261377
81.42943372
82.79374156
82.35580971
81.51028512
84.35358589
86.31816377
86.31816377
87.72933047
86.67826225
87.3852752
86.1941069
86.91080931
86.97545866
86.94559606
87.15447542
87.15447542
86.92018108
86.92018108
86.92335795
86.84600111
87.26788976
87.91724247
93.21388293
93.86752442
96.97514097
97.72059408
101.9081884
111.2089588
116.6042411
111.5920896
109.4967834
107.8054166
106.8153443
106.5743785
106.476372
108.3281709
111.4612024
113.3965531
119.8301962
127.8495751
129.9104122
132.2984672
131.3447701
130.8728457
133.2213486
134.0041299
134.0041299
139.3660551
139.0545628
135.5207688
142.0401874
139.6583274
138.2423954
144.8301168
146.3378604
141.9021523
140.9076324
135.6480025
136.620602
136.4274482
134.8116909
137.1757605
144.3508856
144.3508856
163.0731475
161.4564371
156.19506
158.2253991
161.0588516
158.5422921
156.835994
161.9934874
168.8351997
171.1775077
167.9459932
163.9304265
157.7086808
154.1366055
154.7673735
157.3338099
152.5772377
155.5241045
155.5142562
156.1130967
160.5273608
156.7875467
155.827337
152.8617266
155.1765547
152.3176872
154.1394647
152.251926
151.8975459
151.1754428
148.5964578
146.5788261
147.4445239
143.8463982
135.0520213
127.8551346
134.3844016
136.6688905
130.6037646
132.0028592
138.4919387
137.6052736
134.8494957
135.6402192
131.8133587
127.317449
123.3455643
127.2713843
124.9397188
125.3099833
125.3099833
124.0200143
128.8023191
126.831864
129.5007545
129.8573584
131.0972917
130.1103963
127.8186006
125.1702009
124.5631006
124.8167739
124.0247796
121.9993646
115.8281312
116.7406878
109.9617187
115.5126678
123.3897228
125.5873243
122.7616552
119.6483202
120.282424
119.4862997
118.5453101
119.7823842
119.7458502
114.5140179
112.1121436
110.9840362
115.2994996
114.4619172
119.8826146
123.072671
121.3163371
124.3785243
129.4708919
128.3562862
129.4251449
128.4695417
125.4720038
124.9845127
124.2296879
124.5572234
120.8101025
128.0651259
128.9724406
137.8073227
133.2980701
131.2478755
131.3533476
127.040108
126.4959098
131.6027321
131.7204352
131.667858
133.4022715
136.231594
137.2292908
137.6507029
139.600826
139.0769597
137.7992217
137.0515448
137.2210309
138.2873481
137.9428163
135.2281789
133.8929394
133.53983
131.2424748
126.3078389
125.0297832
127.0863315
123.6788182
123.5636566
127.7520451
127.632277
131.477881
133.5831943
132.0980065
132.4366611
134.1863236
133.2162656
133.350965
138.2573267
139.5647685
137.2416806
135.7194822
137.6572155
139.9663252
139.2988643
140.3861488
140.3861488
143.8031928
143.2292908
142.5661187
142.9160511
142.9160511
142.9160511
149.3832102
143.409896
144.9745056
144.9745056
144.9745056
146.9071559
144.484473
144.0204908
144.523072
146.3284886
143.3376221
135.6108331
139.2593122
138.3319832
136.9635454
134.3693114
133.49313
134.7745215
132.7422762
131.7097927
126.5732666
123.4764514
125.4507188
130.5977285
131.1368438
129.7884203
131.3322214
133.5366532
131.9216901
131.4132317
132.3187991
129.0277182
124.7919943
124.6055119
122.8639504
121.1395441
121.3489
118.077198
116.275276
119.5523787
119.5523787
116.9195457
111.8050989
112.0988007
117.0397903
116.1232626
116.8286872
121.4917004
124.6093241
122.4341196
122.5194186
122.4859026
122.4859026
123.4918593
122.0174728
120.730363
122.0570249
121.3365102
119.9833214
121.0048447
122.2991025
122.8809467
120.7811929
120.7811929
116.7915178
116.7915178
116.6234612
116.6234612
119.1533635
119.3220554
118.6698435
117.6977206
118.092447
116.5376856
110.6661901
110.4709713
109.1385911
108.8744341
108.8744341
110.8866651
108.0929235
109.374315
109.3457231
109.7148757
109.1296958
110.162497
110.556588
111.5180685
113.0880788
113.3719323
113.043126
113.0226352
108.1917242
107.8147883
104.788182
99.73679612
104.123898
104.123898
101.6159161
99.14303868
98.65793027
98.6696847
98.01191327
95.88213804
89.91676594
92.22063379
87.40846636
87.40846636
84.56135335
87.099039
85.87959654
87.98586292
93.8022397
93.2632833
92.39043761
90.29195457
93.50631403
93.50631403
95.12699547
95.55984433
95.61353348
97.27472004
98.42014137
98.35612739
98.73433405
97.34381701
98.51115876
99.25470574
99.41275514
96.80835517
98.61853705
99.18211421
99.58081169
98.02589151
98.18664125
98.61202446
98.40743388
97.1052339
97.02104678
98.28830117
98.33484235
99.88483838
100.2930665
99.02612978
98.39250258
96.74735922
96.02096736
96.26383925
96.09991264
94.41601144
94.27622905
94.60408228
95.2632833
95.83512032
94.75831943
93.25581765
92.83106981
94.24827258
98.68255103
97.90930029
97.40989596
95.85052816
95.85052816
95.21801287
95.78794377
96.52084822
96.8561671
92.5028989
93.35890716
92.27813518
89.9053292
89.6303709
89.17083631
90.52783734
91.81732984
92.42601858
91.99189898
91.25835915
91.04455563
88.67317926
86.06321976
84.13914701
84.13914701
84.13914701
76.78341673
81.4013184
79.96918434
79.64085458
77.36478437
78.52990231
78.81264395
78.75244222
79.92200778
81.10173934
83.33603367
81.34715273
79.546978
80.6048765
79.98189183
78.58295608
77.84036216
77.67119371
76.73083949
76.43332539
77.34969423
78.52529585
78.35739814
79.07124136
78.33182432
78.0447939
78.03732825
78.03732825
76.95862124
76.43952029
74.03303947
75.92439044
76.42300056
75.83480264
75.98379795
77.98427448
78.58962751
79.55666746
78.54912239
79.72392979
78.58867445
78.32308792
76.29560797
75.41545548
76.30084981
78.10483679
77.63211818
79.20149313
80.26320388
80.19648956
79.1835438
78.45381622
78.02144389
79.1201652
78.10515448
78.90223175
78.78309904
79.14526249
78.60805337
77.59351918
75.20705266
74.12246843
75.03502502
74.52386625
74.53434993
73.58621237
74.20760861
73.43245175
72.83662934
72.49146216
72.49146216
72.49146216
72.49146216
72.49146216
72.49146216
72.49146216
71.01898181
69.12953697
71.16464141
74.06512588
74.05845445
74.07592725
74.99706139
73.51187356
72.91287428
74.11198475
74.86728616
74.72861568
75.61305695
74.75546025
76.36073386
75.41799698
75.85847034
76.05575411
75.76459376
74.89524263
75.29219284
78.10054801
79.26312445
85.31887856
87.41640855
84.86887459
83.19704551
82.85569057
79.93439759
79.6067032
79.44785958
78.87522834
84.16662696
81.76634104
82.26733381
82.24271305
83.87371932
83.56508617
83.7498213
81.96426019
81.9304265
80.48224923
79.3852752
79.64816139
79.64816139
80.34469065
80.27908824
79.66420459
76.71463744
73.45135414
70.38487809
71.15860535
71.0131046
69.11333492
66.22762291
64.5713605
67.08537844
65.42768644
67.11412914
67.11412914
66.58295608
68.06862044
69.45532523
69.21515368
67.12937813
66.51512985
65.46914463
64.83234056
65.11857676
64.63505679
66.04622349
65.5706457
65.56953379
65.56953379
64.9708522
64.4118815
63.85958224
62.42856008
61.23612104
61.80239854
62.15900246
63.40926058
62.75371297
62.89556032
64.53577953
64.85569057
65.18926217
67.43197522
67.98363911
67.98363911
67.69470257
67.30219998
66.10626638
66.37089985
65.75665158
66.50972917
67.55142562
67.63513621
67.97109046
68.7006592
68.69478199
68.63998094
68.63998094
71.58017632
72.11563815
75.80192201
76.63124454
76.09244699
73.07807164
73.07807164
73.27694385
73.40814868
73.20832341
73.75029783
75.12445398
77.46072592
77.03502502
76.36295767
76.73401636
77.055357
77.39417044
79.05138591
80.00063537
80.62457311
79.85148122
80.3597808
80.62790882
79.46183782
81.65165594
80.33134779
79.72472401
79.79572711
80.08625208
80.21364467
80.25256135
80.93193551
81.42006195
82.22095147
83.49217695
82.4355492
82.84361846
84.28242395
86.56707172
85.72138829
87.92264316
85.08347232
82.65634183
82.08529902
83.16352951
83.10571043
82.11373203
81.50250179
79.76205226
79.74410293
78.08784052
78.66809626
81.06298149
78.49177984
79.4286395
81.13319037
81.55126678
80.12230959
80.01270749
80.01270749
80.04431737
80.31959336
81.65800969
81.19037408
81.58875387
81.64498451
81.41275514
80.83535859
80.35152093
80.15090144
79.74267334
81.68215392
82.18108173
83.83750298
82.65777142
82.64141053
82.84091812
79.24962275
80.44730363
79.27440235
75.35350647
76.65411802
78.49448018
78.6347391
76.41029307
75.95250576
75.37272655
73.60241442
71.9304265
70.60217616
70.26781034
67.29600508
65.74998014
68.08641093
68.26209197
65.22166627
65.93678024
65.41132555
66.31006274
69.01342229
69.01342229
69.38400445
69.8656183
70.85235486
69.37177349
70.21650385
70.43539036
69.0192995
70.02589151
69.10301009
68.66301326
66.59089826
68.42443015
67.8867445
67.4373759
65.80938766
65.68072433
66.82312763
68.75593678
67.25152887
65.63783655
64.98006513
65.54014772
66.34437296
66.48399651
67.05758081
66.23969502
66.23111746
65.59256612
65.91708363
65.66611071
65.74934477
66.14105313
65.60622667
65.77634819
65.73695497
64.82471607
64.74831229
65.31919625
65.17067747
63.9053292
62.99229608
63.34937654
64.17075689
64.17075689
64.17075689
64.17075689
64.31705186
65.1973632
65.29536971
65.29536971
65.29536971
65.01802875
65.6005083
69.44325312
69.44325312
69.44325312
66.52037169
65.7086808
66.82805178
67.97871496
68.17266301
69.30648876
71.97394965
74.154396
74.89000079
75.8768962
76.47335398
76.49448018
76.71368438
76.32801207
77.25867683
79.11571758
82.88634739
84.81613851
81.87197204
82.74100548
81.93280915
84.12103884
85.19704551
84.20220793
84.15757287
82.81820348
79.07489477
80.07656262
80.59852275
80.59852275
80.01064252
80.85362561
83.77142403
87.32602653
86.71670241
85.59653721
85.91930744
85.91930744
82.95544437
82.61536018
84.08069256
83.75363355
83.18703836
84.05480105
84.84028274
91.08013661
88.5164006
89.20848225
88.73576364
88.17774601
88.77753951
87.64403145
87.64403145
88.14835994
88.01572552
88.56103566
90.10007148
91.86085299
89.98173298
90.59486935
90.98308315
90.93145898
90.93145898
92.37502978
93.22627273
93.80112779
99.05821619
100.5036931
101.3876579
102.4452387
104.9154158
103.4137082
105.7773012
107.506314
107.7266301
106.2827416
103.9288381
103.0491621
102.0293861
104.3148281
104.9176396
105.00961
103.8532285
100.4147407
102.4104519
102.6401398
103.9051704
104.5189421
103.0208879
104.5961401
105.4812167
105.4812167
104.9849893
103.0267651
103.7448971
103.5152093
101.1938686
101.4238742
100.9306648
100.6507823
97.79636248
95.02470018
96.15010722
97.63672464
98.34913827
100.4055278
100.687634
102.2535144
100.9346359
99.88737987
100.1140497
98.49368597
98.46239377
98.47319514
100.1364467
101.7499801
104.7452943
106.8485426
106.6609483
105.1824319
103.7035978
102.465253
101.4326106
99.34445239
98.43332539
95.68374236
96.52926694
95.99984116
93.34572314
91.48439361
90.31069812
93.55460249
94.86966881
92.83027559
92.2538321
91.10872846
89.49551267
92.23079978
92.99340799
93.39432928
93.24183941
95.96251291
95.23008498
92.64903503
93.19783973
89.70280359
87.58255897
84.9621158
88.83472321
90.20268446
90.15789056
89.72440632
88.40695735
86.36867604
84.41664681
85.75712811
85.67897705
86.9708522
87.29044556
87.98554523
86.90636169
87.13334922
87.95822413
87.9876102
88.93717735
88.72464459
88.29401954
89.25311731
89.21721865
87.98157414
85.63370662
83.994917
85.07108252
84.31578111
81.6179811
79.23373838
80.7592725
81.54030657
82.26971646
82.78468748
82.833929
82.0622667
79.6489556
79.86101183
81.72964816
79.43070447
76.06687316
75.91787785
76.97434676
76.67381463
76.73687555
77.93900405
78.13771742
80.7978715
76.93892463
76.94226034
77.24009213
77.24009213
75.40592487
75.45548408
72.98165356
71.67945358
69.53728854
59.10046859
60.92621714
64.0447939
64.00333572
65.17321897
65.41640855
62.93781272
63.31141291
63.18004924
63.10364546
65.16893019
65.93503296
66.19204193
68.35485664
68.51306489
72.0597252
69.24866968
67.83369073
67.71773489
67.49376539
66.85140179
69.02994202
68.3871019
69.3914701
69.70375665
67.82670161
68.53498531
69.4435708
70.0684616
72.37979509
72.02573267
71.75268049
71.92486697
73.86275911
74.39282027
73.696291
75.78556112
75.91787785
75.91787785
75.91787785
75.91787785
75.91787785
74.19998412
74.93066476
74.67794456
75.73663728
77.50758478
78.04955921
81.81335875
82.96529267
82.82948138
82.82948138
82.82948138
82.82948138
82.53292034
82.53292034
82.53292034
82.53292034
78.80200143
78.44094988
75.79985704
74.75260106
73.3303153
75.28663331
77.14542133
76.05511874
78.6161544
77.89532206
74.91922802
76.37264713
76.98594234
76.74688269
76.66761973
76.93384163
75.67500596
72.70494798
73.08680804
72.03415138
72.27051068
71.60654436
72.32690017
73.07330633
72.50528155
72.54022715
72.93654197
73.55841474
72.9147804
72.9147804
73.10348662
74.57676118
75.8295608
75.42212692
75.30569454
74.43126042
75.3303153
75.85449925
74.61551902
74.03192757
74.38726074
74.45937574
74.45937574
73.59224843
72.82535144
73.07235327
72.35136208
70.55595266
70.20046065
72.60710031
71.62465253
72.87999365
71.61893416
72.46938289
72.39186721
74.58422683
74.45715193
74.86839806
74.97593519
76.2589151
76.26352156
76.74688269
75.43483441
75.53125248
75.53125248
76.05225955
77.24422206
82.28131205
81.9490112
84.20331983
84.59518704
86.94734334
85.44801843
86.09244699
86.94337225
86.4741482
86.4741482
86.87348106
85.96870781
87.16734175
86.33881344
83.7498213
83.00389167
86.13851164
88.00921293
88.0061949
86.42030021
89.73759034
90.93622429
93.35573028
93.00913351
92.29592566
93.64609642
93.82638393
92.02080851
92.02080851
92.02080851
89.16082916
91.21356525
91.2632833
90.8175681
92.81931538
94.71463744
94.72369153
98.28798348
98.80073068
98.80073068
102.1038837
100.8869828
99.71916448
100.8448892
99.98951632
101.8274958
101.4267334
100.867445
97.55889127
99.96902549
100.9475022
100.4940037
99.51409737
101.1514574
101.4672385
100.1327933
98.80184259
98.97545866
99.13493765
101.1500278
100.6225081
101.5574617
101.4924946
101.0903026
100.1010245
101.4380113
102.9861012
102.5704074
102.4625526
103.8773727
104.1934715
103.9029465
102.1386705
101.6325947
102.1467715
101.7698356
100.3921849
99.69406719
97.55476134
98.40282742
99.51584465
98.88761814
98.02970376
97.46692082
96.72893337
94.98594234
91.80541657
93.42609801
97.16178223
95.13827337
95.01977603
95.35747756
96.57469621
96.23461202
98.01620205
98.01620205
98.53800334
98.95052021
100.0320864
100.5781908
99.86291796
99.50154873
99.62465253
99.13747915
98.93431816
99.5021841
100.2960845
104.17171
108.286395
110.6655548
112.0311333
111.3600191
107.978715
105.8144707
109.1322373
108.8663331
110.0968946
111.3847987
110.614566
111.0121515
111.0121515
112.5521404
118.118815
116.9093797
115.9687078
115.8649829
115.7483917
118.5095703
122.1235803
122.1667858
120.3227702
119.8950044
120.8263045
123.2969581
124.7864348
124.6773092
124.7410055
124.6877929
124.8175681
124.7325868
125.5747756
124.6047177
125.3315861
121.8270193
121.7423557
120.209197
120.8539433
120.7306806
121.4135494
120.4353904
118.5975697
119.6356127
122.4463506
122.6024938
120.3499325
118.0273211
117.3894051
118.2368358
117.0863315
115.9501231
116.4568342
116.4217298
115.6737352
116.8744341
119.2745612
119.2745612
119.2745612
119.2745612
119.2745612
119.2745612
120.9818124
121.4518307
122.8974664
121.8640299
120.5778731
122.8334525
122.3678818
122.3581924
123.4700977
124.6102772
126.0239854
125.722659
125.3441347
127.5094909
128.6339449
128.2697165
129.5787467
129.5787467
129.5787467
129.5787467
132.2342943
132.0163609
132.0163609
132.0163609
134.9861012
140.6944643
141.4086252
138.1895004
143.7045509
148.5656421
145.5407831
147.0569454
149.3666905
150.1686919
150.8871416
150.1375586
151.0347073
151.6443491
151.6443491
153.4926535
153.4467477
150.8987372
149.9409102
148.5084584
146.0746565
146.0746565
140.3480264
140.1956953
141.9938051
146.6893813
149.501231
149.1495513
149.3490589
148.1469303
149.8702248
149.7626876
149.4314987
151.2753554
151.8651418
153.13049
153.13049
149.2405687
148.6793742
148.7745215
146.2180923
146.9082678
149.6843777
149.9914224
149.0432849
149.7147169
148.3456437
148.3078389
145.80494
142.4447621
142.7586371
138.9214518
137.336669
141.0324835
141.2431102
143.3727266
143.3727266
141.5020253
141.4297514
139.2998173
136.1783814
136.9181161
140.5726312
141.753157
142.895878
145.4300691
145.4300691
150.6507823
152.2160273
152.983242
152.983242
150.470336
151.6961322
153.0537686
152.2889365
153.4164085
155.5582559
162.3419903
163.5275991
161.4133905
164.8064491
164.0743388
164.8682392
164.4139465
160.6971646
156.3974267
156.3974267
156.4488921
152.1435946
149.1485982
149.3973473
142.242713
144.115797
149.5638154
148.0169963
144.7051068
133.4132317
135.1927567
142.166627
142.166627
146.2840124
148.2644746
144.5627829
144.2913192
146.8737987
147.3994123
147.1822731
146.9922961
144.2012549
144.2012549
138.7695973
138.947661
139.6675403
141.0710825
140.0536891
139.5285521
137.5542848
140.4676356
140.4210944
138.5421333
137.3033119
136.1016599
136.6788976
140.1383528
142.1405766
145.0240648
145.0337543
145.2820268
147.2896513
147.1419268
150.6636486
150.6636486
156.8118497
157.4580256
154.0714796
154.1786991
152.6447462
152.2341355
149.6267175
149.852752
153.4105313
153.3474704
154.0714796
155.4065602
155.866889
156.3173695
155.1435152
153.7553808
153.37225
153.196569
152.5214836
150.5191009
152.5653244
152.7937416
153.3903582
151.1738543
150.6873163
151.0607577
153.5040902
152.1509014
152.008101
151.0113573
151.0113573
151.9749027
151.9623541
151.0609165
150.6733381
148.5175125
146.9843539
147.6743706
150.5036931
152.2492256
153.3301565
158.8658566
159.9539354
161.1770312
160.7405289
160.4223652
160.785164
158.7657851
162.5205305
162.5205305
166.280359
167.8822969
167.3759034
167.7396553
167.7396553
170.1408943
168.4361846
166.2049083
167.4094194
166.880629
166.0603606
166.7014534
168.458105
171.9990469
177.1066635
179.5800175
177.0815662
175.0475737
175.7560162
176.6798507
174.2338178
177.7340958
176.4595346
176.4004448
175.6926376
176.1791756
173.6819951
172.0117544
175.6649988
175.065523
172.852196
174.5916925
178.5154475
177.5625447
178.7182908
184.0754507
186.2009372
184.4776428
185.9478993
185.2324676
188.6930347
192.3985386
193.5072671
195.61401
195.61401
195.61401
195.61401
195.61401
195.61401
196.9319355
200.7309983
202.1378763
199.2369153
201.2240489
201.1417679
205.0339131
207.5685807
210.7964419
206.5389564
206.6677786
208.0846636
207.7903264
203.9957112
199.2909221
196.7379875
193.1209594
197.4264157
202.4094988
206.7127313
204.9000079
206.5381622
208.4425383
208.1134143
208.1134143
210.2987848
211.337781
212.3027559
210.3049797
210.3049797
210.710984
214.798348
214.3070447
218.5148122
219.0364546
214.7738861
212.4153761
211.2305615
215.2318323
215.2378683
216.7367167
214.7012946
216.6509411
218.3237233
218.3237233
216.9455961
215.7506155
218.389008
219.807005
220.3018029
219.5301406
220.8097848
220.8683981
219.6529267
219.9369391
218.1420062
216.5140179
216.5140179
216.5140179
217.9282027
219.299182
224.7799222
225.6073386
227.4740688
228.8831705
228.360575
229.5136208
230.3024382
231.0590104
225.9823684
223.4672385
227.585577
224.2792471
226.5203717
229.024859
229.8249543
232.3000556
232.5557938
229.4826463
229.4826463
233.5839886
233.0030975
236.8518783
236.489556
237.2855214
238.5310142
238.9170042
237.2408863
231.6365658
231.6365658
229.6839012
224.1153205
222.8379001
226.0009531
229.8775316
231.8484632
230.8415535
231.4473831
233.0108808
231.8889683
231.4523072
231.7820666
232.9915019
231.6843777
229.1960924
222.3353189
222.8690334
225.4713684
221.3185609
221.3185609
216.5008339
218.9924549
218.5799381
219.521563
217.5727107
216.7570487
217.6418076
221.4132317
221.4132317
225.9814153
229.0412199
227.7002621
224.1664681
225.4127551
224.6067826
221.8524343
219.9863394
218.3359543
221.4035422
222.5422921
222.0668732
222.0668732
222.9200222
224.6234612
226.2030021
226.936542
231.3420697
231.8025574
234.810579
234.6131364
235.780637
234.3248352
233.9027877
234.0214439
234.061949
235.9088238
237.283933
240.9563974
242.8356763
246.4674768
248.1856882
244.4768485
243.8765785
244.2716226
244.7981892
240.8475895
243.1473275
242.9231991
241.2286554
246.8045429
246.8108967
244.6852514
241.2667779
238.8321817
238.8383766
242.4488921
244.1339052
244.4536574
245.0358192
244.1942657
243.2613772
243.7458502
246.5435629
251.1910095
255.9831626
254.8223334
257.0804543
255.8460805
257.8419506
257.5010722
256.9373362
259.8138353
259.6230641
257.8538639
254.1388293
249.5072671
250.0567072
254.503852
251.7687237
247.9696609
240.1038837
238.6028115
238.6028115
235.8746724
232.9559209
231.1879914
228.5189421
223.7256771
228.3836073
226.0686204
214.1567787
224.932412
227.8533873
224.8234453
224.8234453
223.9926932
227.9629894
229.5814471
235.1918037
240.9516321
242.0757684
236.2034787
228.6692082
226.5030577
228.1115082
231.1511397
228.6425224
225.7425145
218.3666111
217.6219522
223.9243904
223.9939639
221.4251449
225.8789612
234.0047653
234.8159797
238.7899293
239.0861727
234.8307521
231.9575888
233.4319752
233.1878326
232.0138194
229.0640934
230.7383051
229.449448
231.9242316
226.3348423
226.1985545
226.3878961
225.6854896
223.3047415
222.7864348
223.7676118
222.0897466
223.4275276
224.017314
224.017314
224.017314
224.017314
224.017314
224.017314
220.8622032
219.1249305
215.9901517
214.1991899
216.4015567
217.7644349
219.1727424
223.969502
225.8664125
226.9808593
225.2396156
229.6797713
228.9861012
231.2928282
231.2799619
234.9033437
234.4555635
239.6910492
240.301644
240.5070288
247.7650703
249.4194266
250.0560718
253.7244063
255.7882615
254.1895004
249.4346756
245.4759749
251.2040346
251.92995
251.2435867
252.5162418
251.2810738
251.2810738
251.6651577
251.7861965
250.9370185
250.9370185
253.5441188
256.8310698
263.3155428
262.7281391
265.1725836
270.8769756
270.8769756
275.6163927
274.3469145
271.5779525
267.882138
263.2594711
258.4940037
267.9942816
266.4866968
260.4994043
261.9169248
268.0752919
266.4025097
267.8214598
268.9203399
268.9203399
271.256453
270.777063
271.080772
271.4643793
274.8764991
268.0060361
270.5183067
271.1495513
270.8525137
264.4493686
266.1227861
265.9436105
267.6273529
269.4678739
266.3945675
264.7586371
262.8356763
260.81868
266.022397
265.5981256
268.4304662
271.1865618
274.4230006
274.3990152
269.9282027
267.2663013
268.8291637
271.6001906
270.2547852
270.2365181
269.9120006
278.1863236
287.6974029
294.6755619
292.7483123
284.9978556
286.4660472
288.1075371
287.8649829
292.1451831
290.9255818
290.9255818
290.9255818
292.9413073
292.3062505
297.1004686
298.6931936
300.5376856
300.5376856
300.6511
303.7355254
306.1782225
306.1782225
306.8696688
314.1764753
324.6692082
326.7367167
323.5901835
318.484473
322.3845604
327.5088555
325.2620125
320.84616
323.7623699
323.4318164
328.2527202
324.3489794
323.3879755
329.3199905
337.7280597
339.1918037
340.7765865
334.0482885
313.1289016
313.4399174
320.4272893
306.1868001
304.7778572
286.5964578
289.9089826
289.1374792
289.1374792
289.1374792
292.8417123
300.2968787
289.7069335
288.7012946
294.9003256
296.36264
287.7992217
280.4172822
269.1069812
277.6426019
276.5627829
268.3485029
267.8532285
270.0757684
288.3386546
284.8477484
285.1370026
284.7475181
286.9719641
282.8815821
281.7412437
281.2329442
277.9274085
277.790803
287.3141133
292.0557541
294.6153602
294.0257327
294.5827972
296.4087046
293.6851719
294.8784052
294.5608768
292.7910412
284.9732349
280.4388849
280.2458899
278.8873005
288.5584942
288.38599
284.8212215
285.2745612
285.7066158
289.7361607
291.5372885
295.5843063
301.4578667
307.2713843
303.286951
305.7421968
308.9921372
306.4920975
310.6525296
303.9909459
308.5726312
312.0813279
313.830355
317.4886824
317.4886824
317.4886824
317.4886824
317.6135335
317.7339369
314.9270114
311.2896513
312.2668573
315.6249702
313.4553252
313.9345564
316.8752283
323.7865142
323.6181399
323.9277262
322.7584783
321.6726233
317.1119053
312.9508379
317.1106346
320.2460488
322.3059328
324.6534826
328.0949885
326.2390596
332.3197522
332.5670717
331.4300691
329.2446986
333.5914542
335.1080931
334.8757049
332.9376539
334.0311333
333.8780081
334.9508379
336.0044476
334.6396633
336.8820586
336.3114923
335.8824557
341.6908903
338.0986419
339.1708363
339.0404257
339.7800016
340.2759114
340.2759114
340.2759114
340.2759114
340.2759114
340.2759114
340.8444127
341.8165356
344.0389167
347.8020809
348.2077675
356.1715511
360.7873878
358.3766182
362.7230562
364.3472321
357.7814312
366.1248511
366.349456
365.3063299
365.266619
369.621158
368.0846636
372.6730204
371.6327536
376.7959654
380.5407037
369.8247955
374.4058454
377.042173
379.575411
377.8802319
389.9923755
392.4180764
389.7655468
386.9193869
382.2841712
380.31181
379.2720197
381.8403622
388.2099913
386.0189024
375.0891907
381.2674132
386.1485188
384.8479072
384.8479072
384.2906838
388.2611389
389.0104043
389.0104043
389.0104043
396.7670558
395.9618775
393.5430069
394.542451
389.8743547
382.6368041
367.0917322
365.0010325
359.5833532
370.3319832
375.4423001
375.5202923
378.6973235
384.6644429
390.4323723
387.4148201
387.3093479
380.2806767
375.9129537
377.6629338
377.9923755
374.8833294
377.0691764
379.4640616
376.6355333
373.216901
373.4208562
368.8131205
365.2572472
363.6684934
362.0557541
369.1595584
378.5872449
380.4361846
380.7500596
381.0159638
382.9579859
380.6844572
374.0727504
372.159479
368.0719562
363.0610754
367.7593519
368.8564848
355.5430069
363.5951076
366.2398539
371.7143992
369.7620523
377.4651735
377.1176237
369.2189659
372.6069415
371.5669923
371.5669923
372.4716067
372.6892225
380.1634501
379.5782702
382.321976
384.2323882
379.2527996
382.7143198
386.5051227
390.5948694
400.8350409
407.8166945
400.8844413
400.8844413
405.166071
408.1755222
409.7738067
408.2674927
410.6193313
414.8456834
415.4086252
412.3337304
402.5402271
414.2655865
418.5581765
415.8112938
418.9953141
425.3948058
424.4298308
416.3154634
416.72115
416.5133826
419.5752522
422.5524581
422.1813994
417.5565086
419.5793821
421.4267334
413.5345882
417.6981971
416.072115
422.5712017
422.5712017
422.5712017
425.3584306
425.8996108
431.6248114
425.0270828
418.4871734
421.9606068
416.5638948
416.9004845
422.5662775
422.5662775
430.4636645
427.5239457
428.3084743
426.3959971
417.8517989
423.1072989
429.2418394
424.6617425
429.1516162
430.6660313
432.6320388
435.3855929
438.6423636
434.9686284
437.0698118
437.3093479
438.2420777
434.1939481
431.4861409
437.9637837
446.2331824
450.2781352
452.7762688
459.2334207
461.1857676
474.5807323
475.7547455
471.1713128
474.0527361
479.8241601
476.4512747
477.887221
474.9033437
485.6043205
493.2197601
492.9444842
496.7765865
493.1646414
485.3733619
471.5830355
472.7189262
485.8697482
466.5697721
470.342308
471.5881185
454.3917084
452.2403304
473.4489715
468.8652212
461.5344294
464.5437217
456.4495274
425.2594711
404.1386705
404.1386705
434.3747121
422.5897864
437.9636248
448.4228417
453.5393535
460.263045
457.0957033
450.0838694
454.0883171
465.0680645
471.5663569
472.0115956
473.3309507
472.6646017
478.9571916
471.2099118
471.9933286
470.702883
473.8765785
474.5225955
475.1265189
479.4438885
498.0007942
496.254944
504.0889524
506.5874037
500.4083869
506.3681995
511.6826305
507.8795965
519.00961
535.9863394
534.0322453
539.5542848
545.286951
553.5026606
559.4581844
573.1638472
587.4321341
587.4321341
587.4321341
587.4321341
588.7327456
581.8117703
570.283377
542.1072194
567.627194
560.6199666
578.8583909
585.8259074
596.8474307
593.3935351
587.8749901
602.9543325
604.6056707
592.3580335
599.2434278
610.8779287
600.6911286
606.7511715
593.8517989
588.7073306
594.9880073
597.4343579
585.7849257
579.0348662
572.1488365
561.3714558
563.0761655
569.119371
587.0010325
582.0768803
602.5815265
609.2083234
604.1844174
615.5017076
626.8482249
627.6370423
634.1567787
630.0095306
632.8218569
636.2581209
631.2321499
621.4175205
616.3610515
597.9755381
588.3699468
592.2414423
592.2414423
592.2414423
592.2414423
592.2414423
607.3268207
611.9444047
612.6763561
612.6763561
612.6763561
608.1022953
602.5499166
616.2725756
617.3334922
619.5671511
629.583512
629.583512
629.583512
624.3977444
601.5738226
568.2079263
578.1240569
572.7630847
538.8663331
497.3970296
544.0902232
554.5138591
583.7642761
581.5399889
587.7026447
585.0985625
591.2915575
597.8962751
618.0867286
620.3769359
603.5501549
603.5501549
603.5501549
590.1354936
590.2643158
598.2203161
615.3587483
617.7232944
617.5320467
625.3287269
622.5065523
637.7234533
641.5425304
641.3249146
636.8350409
638.3218172
643.8648241
629.0682233
608.5685013
598.4166468
597.904535
604.9691049
604.9691049
570.5341911
568.0481296
577.4070368
549.6376777
537.4424589
522.1931538
532.7759511
529.9159717
529.9159717
529.9159717
534.527202
554.8706219
557.4297514
558.9799063
569.4184735
561.6856485
544.6402986
528.8444127
501.1856088
516.0900643
518.0216027
508.4817727
491.2710666
505.9741085
522.7410055
515.0890318
520.0978477
535.7479152
537.9982527
543.6284648
540.3826543
525.5277579
532.2565324
519.6043205
509.4882059
517.1659122
532.5685013
529.3110952
529.3110952
540.1910889
553.9004051
548.8811056
552.470336
552.2195219
551.4194266
552.4901914
564.5770789
568.5432452
568.8949249
573.5669923
587.8881741
587.8881741
579.3919466
579.3179255
566.9127154
546.7097133
535.1309666
550.8780875
557.526646
555.3889286
548.041617
541.5962195
528.3683584
540.8820586
541.2861568
549.0850608
539.6449845
535.843539
547.5366532
539.5485664
539.0208879
533.3025177
532.7405289
537.4235565
538.7147963
536.8927011
536.1231038
531.4181558
533.166071
526.4973394
530.2314352
541.6819951
541.7690414
509.4146613
517.1708363
514.1386705
512.196013
513.8584703
506.783099
505.8197125
500.330077
491.8637122
486.7865936
473.588595
467.7898499
484.1718688
491.6383131
492.1551902
501.4381701
495.0828369
506.4498451
508.7451354
508.7451354
517.5382416
497.7515686
492.1394647
480.4231594
481.8497339
485.3187197
487.0335954
471.3601779
453.9010404
455.9706139
467.322532
460.48352
460.48352
452.4250655
460.7913589
464.2530379
472.434755
475.3134779
467.2540704
474.4595346
479.0529743
485.3538242
482.9529029
481.3415932
469.1919625
457.2419983
445.120324
447.5133032
426.3708998
409.788738
404.0797395
385.7766659
366.6560241
374.93956
383.9982527
388.0848225
419.2929871
422.1521722
414.0012707
414.2508141
409.8054166
402.6993885
395.966484
395.966484
395.966484
395.966484
395.966484
358.301644
354.9546501
316.5557938
316.5557938
316.5557938
321.5093321
346.7802399
338.2706695
322.826781
304.7665793
312.9892781
318.965928
302.5529346
292.6768327
268.9451195
250.8656977
236.718132
240.1027718
255.4634263
275.0799778
294.3701056
298.5672306
299.4888412
284.9735525
293.6065444
292.5980462
290.1985545
286.1774283
268.3308713
270.0079422
262.7919943
249.587642
247.4855055
242.4539751
239.2759908
238.7065364
241.2008578
254.3040267
257.2115003
267.8965928
263.7035978
255.3064888
255.2664602
259.6721468
260.4782781
260.4782781
280.7757922
294.2458899
294.0247796
277.8732428
307.5125089
300.5184656
306.797395
301.7088396
298.0289095
299.8492574
299.0235883
296.8058137
296.8058137
298.1912477
298.1912477
301.6730998
301.6730998
301.6730998
301.6730998
323.7749186
322.1057898
315.8260662
310.0069891
310.1496307
307.0347073
303.0915733
302.1286633
289.1452625
296.3383369
293.8748312
293.471845
286.1698038
288.3659757
285.9185132
285.9185132
290.9652927
286.198078
286.8379001
289.4351521
282.2458899
280.7171789
284.3743944
286.6385513
292.3607339
291.1883091
287.9952347
284.7500596
286.1813994
289.4807402
289.8565642
283.1825907
286.7055834
288.2327059
280.8269399
286.1507426
281.2813915
282.3567628
279.7650703
276.8012072
269.73489
273.047256
280.4706536
280.0435232
280.1466127
280.1466127
284.1456596
289.0226352
288.0953062
293.5854182
293.3374633
288.8849178
292.2341355
299.053292
305.5971726
319.9356683
325.7804781
319.6758002
319.6758002
331.0802954
318.4468271
323.0196172
328.8574379
337.8935748
336.1383528
340.1725042
332.3126042
324.568819
324.568819
324.568819
344.0211262
351.9174013
354.5650068
362.2605035
365.8525931
373.27472
362.6590422
356.5503931
351.1290604
351.7015328
346.3195934
353.3007704
364.3691526
386.2825828
387.2772615
402.0643317
396.9290763
400.4744659
406.0308157
412.9980145
402.1091256
405.6808832
404.1356525
387.8654595
382.0797395
395.0040505
417.2481932
415.3530299
415.3530299
411.562227
412.5530935
404.823763
414.6447462
416.5121118
416.6356922
437.2861568
439.0899849
443.4100548
449.268684
459.3717735
450.6776269
460.2700342
460.7629259
452.6579303
453.0043682
450.2979906
439.8006513
434.0443174
416.228576
425.6859662
425.7636407
414.8366293
432.6164721
443.9938051
441.2475578
439.4500834
436.3643873
446.1097609
450.1024541
452.7472004
444.2536733
455.8503693
455.8503693
456.3267413
450.8277341
442.9120801
450.5572234
468.0575014
465.5533317
463.15384
463.15384
472.5416567
466.3508856
474.8682392
482.1064252
487.3655786
493.8427448
490.3313478
511.9480581
522.0490827
525.7312366
529.6294178
518.1740926
529.9274085
529.68819
541.1622588
543.0443968
528.0490827
540.2301644
537.2405687
537.2405687
523.0099277
509.4418235
519.7418791
522.7116194
532.9829243
534.3937733
534.1046779
529.2359622
535.4162497
526.327059
522.9363831
512.2145977
520.0635374
520.0177905
526.4674768
533.5620681
536.9041379
545.5247399
547.7342546
538.8174093
551.7804781
556.162497
561.500278
561.500278
561.500278
561.500278
561.500278
566.8372647
558.1121436
542.7854817
555.5107617
563.9533
567.1409737
568.0481296
566.9783178
582.249861
577.4990072
566.7076483
565.5261695
561.4700977
565.0852196
574.7843698
576.2344532
574.8882535
576.7743626
570.4798666
563.3811453
551.1466921
560.7295687
560.4331665
550.6398221
536.0141371
533.3211024
535.8869033
536.2789294
527.4851878
536.6159956
535.1535224
541.7183703
545.3571599
540.3736002
545.145739
550.6093241
550.0422524
561.7317131
564.4071162
567.1095227
563.3665316
568.9570328
564.4264951
562.0023827
559.8341673
540.8315463
540.8315463
547.3820983
556.9787944
562.2581209
570.0584545
574.224446
567.8397268
568.5378445
565.5960607
567.1479628
576.7557779
571.4732746
568.7988246
576.1277103
573.6106743
573.6106743
550.6682551
560.9551267
563.0307362
563.0307362
563.0307362
571.3214201
571.5444365
574.0014296
574.0014296
574.0014296
585.0540863
593.5700103
591.9790326
585.4127551
591.605909
595.8246366
603.2175363
595.1125407
597.4580256
598.4906679
596.3084743
602.5359384
602.0217616
592.543404
583.5371297
578.9238345
574.7012946
570.2514494
584.7373521
582.7997776
575.9205782
574.6722262
578.8326582
574.2088794
555.1646414
544.5985228
547.4286395
545.798904
552.5912159
559.1803669
554.0241442
566.0095306
573.6422842
567.8092288
566.7147963
569.3708204
572.0551187
569.6133746
560.5818442
560.5818442
560.3411961
567.3228497
565.2740847
564.1612263
568.0373283
582.6679374
591.9531411
592.1829878
593.2998173
588.8874593
588.9063617
588.9063617
614.8566436
607.6894607
609.0753713
595.9469462
600.4463506
614.1901358
621.3625606
624.7359225
618.3178461
617.4364228
611.4206973
624.7981892
624.7981892
640.4973394
638.0403463
637.312366
621.7607815
618.2981495
628.5063935
628.4609642
627.3860694
629.7132873
624.8245572
616.6423636
629.2855214
635.4707331
638.2190453
637.5606386
641.2458105
636.8914304
625.9656898
630.6128187
642.1875943
641.4113255
638.6491939
610.4728775
604.0868875
586.3898022
614.9563974
605.2705901
611.1786196
611.1786196
614.1656739
605.7083631
610.7321102
584.463188
576.4009213
562.8000953
555.7585577
538.2160273
578.9910253
584.1343817
584.1343817
603.5533317
585.2423159
587.1182591
605.5125089
607.387499
590.2074498
596.9924549
597.7356842
591.4855055
598.7297276
605.2567707
606.9789532
613.7188468
619.4237154
631.5538083
634.0049242
632.2460488
629.2286554
626.5858153
633.9326503
635.9769677
622.9187515
629.2326265
620.5816853
617.4710508
619.2397744
627.3322214
625.3137956
626.592169
631.6920022
636.5975697
638.4004448
642.206179
644.8768168
646.5996347
641.4273688
644.3431022
648.2944961
646.1038837
652.8833294
648.1551902
652.6449051
653.1676594
662.3483441
654.102613
648.6401398
626.5186244
627.295052
640.4760543
643.863871
649.2550234
642.1961719
637.2189659
634.19093
640.6188547
639.2702724
639.2702724
641.7180526
649.9073942
652.7667381
656.0390755
653.2434278
659.1938686
659.2820268
648.4852673
647.2102295
642.4342785
658.5186244
654.3967914
662.3512032
672.481455
675.5350647
675.5350647
675.5350647
675.5350647
675.5350647
675.5350647
711.9680724
703.8708601
710.5135414
704.6830276
701.8521166
697.4834406
695.3333333
710.0486061
723.8073227
720.1983957
723.2583591
723.2392979
736.586133
742.7217854
743.7985863
745.6332301
740.5291081
729.4130728
729.4588198
731.0466206
740.1153205
742.985307
735.4904297
728.6873163
733.5746168
731.8635533
731.1848146
735.0725121
745.5990787
749.1076166
743.1241363
742.6341037
743.6826305
745.7518863
739.413867
732.9158923
736.7246446
742.159479
751.115241
760.113732
760.5144945
756.383925
742.4701771
738.5376856
744.5678659
744.5678659
747.1042808
757.1821142
759.6370423
744.4280836
738.468271
746.0239854
729.9037408
729.0250179
699.5795409
720.5297435
738.1323167
734.2220634
739.6851719
739.6851719
747.8784846
743.0828369
733.392582
723.5878008
721.6824716
716.5205305
695.1343023
698.74863
698.517036
714.1963307
707.9521881
703.7487094
703.7487094
709.4010007
717.2256374
723.7418791
722.1947423
722.1947423
728.5462632
732.6844572
738.2774998
725.724724
698.9935668
666.1734572
659.2834564
681.335716
684.3110158
685.8517989
677.9863394
680.5186244
679.2510523
662.6020173
646.122945
641.5684219
661.6630927
679.0712414
679.8781669
672.6755619
653.081725
660.8161385
669.431181
669.431181
673.9191486
674.4846319
668.3497736
656.5937574
646.6428401
652.7251211
659.3074418
659.3074418
658.734334
664.1022953
679.2643952
680.3969502
669.9070765
676.481455
666.9889604
668.0006354
674.9976968
684.821698
680.3127631
684.123898
696.8529902
701.9704551
704.5449925
709.2701136
707.1687713
695.2952109
702.7043126
692.3227702
692.0187435
681.1166706
683.000556
690.8205861
690.6283854
701.7701533
714.7174966
715.4605671
712.8741164
709.2742435
719.5401477
730.4298308
736.7533953
732.6363275
727.6753236
736.249861
738.2944961
739.5989199
739.9458343
733.6913668
739.3385752
733.5115559
739.3968708
738.8822175
740.2373124
755.6883488
755.5580971
755.5580971
751.6538798
747.2186482
753.5182273
754.0857756
753.9550473
761.9737908
754.9571916
756.7912001
754.9266937
752.2817886
747.2248431
751.3609721
761.2780558
751.565245
755.3322214
748.3720118
748.3720118
757.1802081
764.1070606
767.7726948
746.041617
744.9311413
744.7850052
751.7514097
754.0934
753.6249702
754.1439123
753.451513
753.451513
756.7082837
754.2565324
754.4720832
749.0286713
744.9158923
740.9332063
734.0746565
738.3812247
744.5576999
732.7248034
729.1125407
731.640378
742.9805417
749.2100707
750.4851084
755.3049003
747.9720435
752.2039552
752.2039552
766.2023668
776.8013661
784.6072592
775.8905567
771.1832261
775.6187753
792.0943531
790.6360098
778.1582082
785.3876579
788.9449607
796.7972361
798.9441665
792.3038678
795.2742435
799.2704313
808.6363275
802.5071877
813.914701
825.5704869
814.1672623
811.1465332
826.4198237
824.913192
816.092447
812.0486061
771.9830037
758.8973076
735.4283218
763.3465174
762.0219204
764.0959415
779.2732904
777.1389087
777.1389087
795.2832976
755.3400048
752.468271
761.3725677
753.1557462
750.7637201
749.7553808
749.7553808
749.7553808
749.7553808
749.7553808
749.7553808
758.9103328
763.7062981
788.5384799
787.5965372
782.8463188
759.9653721
756.2725756
736.1416885
731.2969581
742.7761099
726.5902629
726.978159
714.043682
639.5472957
658.7411643
639.6122627
673.4475419
685.9175602
694.142165
695.3393694
651.8899214
636.5152887
641.3913113
675.207688
671.145739
678.6563418
698.965928
722.2196807
729.9448813
726.6010643
739.2367564
717.5997141
733.3516003
718.8253514
717.1198475
739.6921611
740.7294099
747.6491144
761.4507188
767.1431975
758.2998968
733.8265428
754.0228735
740.5834326
758.5041696
758.1532841
763.3859106
776.3232468
758.9748233
756.7803987
769.8881741
763.6437138
764.3183226
756.7437058
745.3577953
728.1475657
741.1241363
730.0117544
733.1271543
718.0468589
720.8548964
731.1082519
735.7347312
750.8007307
751.6375189
752.1563021
746.9284409
755.7992217
751.8870622
746.4628703
754.5457867
745.4359463
742.5286316
729.4969423
746.3456437
747.6426019
744.5122707
753.9167659
754.4990866
754.8005718
754.8005718
754.5904217
746.131999
754.4036216
756.1207212
753.4440473
765.2008578
776.7889763
776.5697721
767.5995552
772.7155905
783.3452466
776.8101025
773.940116
777.7444206
770.9563974
779.5125089
787.4739099
793.2410452
789.9872925
789.9872925
791.5752522
783.8047812
788.3110158
789.2912398
772.2779763
778.7222619
780.3772536
789.6291002
789.3277738
777.9286792
771.9860218
779.1474863
774.4654118
757.0221587
769.9733143
767.0308951
764.1833055
758.6641252
771.9747439
773.3284092
775.7499801
772.927329
762.1844174
746.6042411
739.2353268
749.8160591
770.8649035
763.9668017
773.5736637
768.8992137
764.8739576
756.0757684
761.4135494
765.5919307
765.8127234
770.4670002
782.3365896
778.2466841
774.2520848
775.3617663
774.1224684
778.329124
778.9845127
778.9845127
776.9875308
786.4338019
787.2345326
790.0446351
793.472798
802.5854976
815.2446986
794.0389167
801.5773171
801.5773171
796.9387658
792.5966166
788.648082
791.2507347
793.2945755
787.5782702
788.9371773
790.4893972
788.8539433
792.9044556
787.4716861
789.2223016
785.8247955
790.730363
787.9221666
790.6210785
793.8732428
798.3084743
797.7307601
795.6113097
785.3172901
786.7715035
774.4747836
775.5463426
772.5869272
761.863871
761.8001747
749.2392979
749.2392979
749.2392979
736.6736558
752.2551029
747.18132
746.7854817
726.3388134
729.1851322
729.5687396
734.684616
711.9086649
705.8244778
677.3909936
693.2945755
720.2079263
719.3223731
715.2477166
722.5824795
720.1115082
724.3103804
709.3541418
714.0567072
722.2743229
727.0123104
741.2356445
732.0306568
729.9712493
722.5046462
728.6082122
739.1312843
727.9858629
742.6450639
750.2921134
763.8057343
769.6047971
766.6806449
761.9688667
746.5766023
753.6149631
756.6528473
748.0287507
754.2269875
759.4402351
766.1316814
767.8641887
770.4342785
765.9000874
751.2021285
747.0272417
747.397665
749.9596537
772.3375427
776.4744659
790.5656421
788.8830117
778.6420459
779.9251847
779.7436264
776.3983798
778.2836947
789.3268207
793.696291
783.8424271
787.1476451
795.9186721
800.8242395
800.8242395
800.8242395
800.8242395
800.8242395
798.4749424
791.580494
791.021841
789.27472
776.0881582
761.7283774
768.0141371
780.373759
778.252879
774.1453419
780.7074895
789.5204511
794.922246
793.5711222
796.1804464
794.2149154
814.0587721
814.0471766
808.7819871
810.5445159
805.1420856
809.2157891
799.0305774
804.4506393
794.84616
804.1629736
811.2859979
802.9492495
808.6377571
809.3296799
817.2030816
828.3203876
822.3299182
827.1586054
827.3249146
825.9823684
829.2203955
828.0497181
833.3550949
834.6639663
840.4384084
833.1916448
835.6530855
832.1683742
833.2817092
832.3531094
832.3531094
830.640934
837.8355969
835.433246
832.5816853
832.3310301
823.8346438
825.5752522
835.3968708
831.4264157
832.6098007
828.3327774
831.0413788
835.9077119
835.9077119
835.9077119
824.2042729
824.1680565
823.9185132
828.0579779
831.1242951
837.665793
827.8775316
819.2974347
821.0008736
806.3812247
815.2561353
802.6742912
805.8942102
805.7096339
805.3041061
811.2518466
816.1048368
827.8670479
827.5782702
821.1925979
823.796839
822.3467556
818.8297991
815.1551108
813.1430387
813.1430387
813.1430387
816.4635057
816.7070129
823.0302597
823.0302597
823.0302597
827.7769836
835.3376221
841.9556826
838.481455
839.958383
832.2635216
819.1770312
815.3628782
834.7621317
841.8370264
844.6555476
839.884203
857.023906
847.453578
843.0636169
844.4134699
844.4134699
850.2122151
845.2685251
847.5465015
850.3056151
850.4477802
855.9756969
860.0044476
858.9120801
861.1268366
862.6939878
861.7272655
865.6040029
874.9241522
878.9505202
882.2821063
886.1902947
885.8975459
883.8198713
887.238186
887.6530855
892.4925741
906.0384402
897.8840442
908.3672464
928.9084267
932.8270987
920.1628147
915.0501152
931.7242475
934.6250496
940.9305059
934.9135096
934.9135096
930.2908427
916.2597093
920.5151299
918.7012946
919.5495195
922.3434199
912.6472877
894.3162576
905.9347153
916.5869272
935.2494639
939.3002939
939.3002939
932.9144627
938.3969502
945.330633
929.3835279
927.5625447
921.4942419
925.2588357
918.7807164
931.1816377
931.9623541
922.0676674
938.9062028
950.8520372
953.0215233
950.2292113
951.6257644
946.0054007
954.0605194
949.2551823
940.6712731
950.2798825
956.2296879
959.6943849
944.9224049
926.9625923
941.3595425
949.3838456
955.1703598
955.1703598
958.7003415
945.7032801
951.2535938
951.4278453
948.8661743
960.1501072
976.7993011
972.3014852
972.4730363
955.062505
959.5757287
938.0320864
959.0286713
961.6198872
940.1526487
914.3427845
899.4237154
911.6823128
904.6001112
904.6001112
871.7796839
856.267175
825.4349932
847.2685251
830.0028592
865.9310619
868.2767056
879.8749901
870.7476769
831.4866174
804.0428878
792.2322294
786.2419188
826.5173537
845.3101422
882.1154793
870.648082
858.2738464
827.3118894
831.8179652
836.9065205
799.8463982
796.6123421
814.0330395
842.1510603
850.2338178
850.1925185
852.0940354
857.8849972
865.0345485
865.1667064
850.087364
872.2736876
862.4353904
852.6976412
851.0396315
835.5204511
848.3354777
851.0013502
854.2344532
855.5344294
855.5344294
855.5344294
855.5344294
855.5344294
855.5344294
842.0287507
854.4431737
866.3396077
859.6111508
832.2369947
774.7437058
752.8026368
761.1627353
752.6504646
753.73489
739.6659519
712.6801684
728.5237074
744.2776586
765.7161465
738.7086014
750.6728616
730.8585498
725.7742832
732.1285045
761.1587642
807.9139068
804.2725756
802.9297117
805.5323644
839.2542292
838.7934239
824.9023906
872.5562704
848.3464379
845.771424
821.5793821
807.1196887
805.5112382
809.3836868
780.998491
791.7610992
804.2101501
810.7144786
804.5321261
802.5631006
815.5098086
821.5873243
830.8788817
839.8363911
839.8363911
839.8363911
833.3522357
837.0524978
843.246287
848.7672147
830.889842
836.2573267
848.0827575
845.3425463
847.4426177
841.0596458
845.5806528
830.1802875
811.766341
810.0282742
810.0282742
815.66071
825.4064014
822.2009372
814.5202129
801.1571758
782.3566039
797.1209594
790.805496
807.3738385
808.2698753
794.4361846
791.4756572
789.745056
792.7807164
767.5291875
771.9485347
770.8782464
773.2265904
787.7210706
781.8321023
769.92995
763.5376062
754.1740926
762.4461917
778.0390755
779.5314113
762.6584068
754.7144786
744.154396
757.2151537
760.3929791
771.8775316
762.8795171
764.272258
767.4913827
767.4913827
767.4913827
767.3339687
779.6588039
779.6588039
779.6588039
794.1942657
778.2616154
768.5902629
763.5069494
768.4588992
769.0038917
783.2423159
815.6518148
815.6518148
827.3076007
820.1335875
817.7093162
820.3799539
822.9190692
830.3899611
834.8604559
819.6727821
793.2087999
798.4482567
814.7626082
815.5144151
815.5144151
806.45604
798.5646891
806.622667
816.4642999
826.1083313
821.7798427
825.2723374
831.0509094
829.1144468
832.478437
842.7641966
841.6011437
850.1790168
854.9438488
863.9502819
