100
99.69305157
100.2063433
101.8221855
103.237844
102.5320679
102.3657614
102.8097587
101.7585373
101.154393
101.8242387
101.9607742
101.7487848
100.4332182
99.72795541
97.47665806
98.45807177
99.14536934
100.9885998
100.9039067
100.1981306
99.32348155
100.0718608
100.6801115
102.2656695
101.7431386
102.6106015
102.3647348
102.8005195
103.0694843
102.7830675
102.3231582
102.1594181
103.4801176
103.361034
102.3077594
102.0911503
101.4675009
102.0582997
102.6321598
102.2251195
101.947942
102.0793446
101.8483634
100.4486169
99.86551758
98.96520396
97.57161702
97.08142346
97.37451301
97.60292782
97.22360526
97.82569641
97.59984807
97.59984807
97.80927107
97.94580666
97.58598919
97.85803378
98.21785126
98.16498221
98.19321326
97.83442237
99.45231777
99.77363837
99.64531544
100.418846
100.8299927
100.5081588
100.7981686
100.0939324
100.2191756
101.0779125
101.8801875
101.8801875
101.8801875
100.4167929
99.60322552
100.6539336
101.1836506
100.8741357
101.4695541
101.9120115
101.8237254
101.9238172
101.9238172
101.2914419
101.548601
102.8128385
102.970419
102.8292638
102.727632
103.3384491
103.389265
103.8389085
103.8353155
103.315351
103.1069546
102.9185765
102.4473748
102.1419662
102.2287125
103.262482
104.2053988
103.0556254
102.9627196
102.9498873
103.134159
104.1140329
104.506701
104.506701
104.7202304
104.6745474
104.9722566
104.5339055
103.8727858
103.7988718
104.3362882
104.3794047
104.3727319
104.9727699
106.3884284
106.8006016
106.7338737
107.1501532
106.540876
105.9839545
105.8576847
105.8889955
106.6958901
106.6548267
106.8416649
107.5479543
107.4232244
109.0303407
110.2370894
109.7930921
109.1489111
109.4173626
107.9411357
108.0715118
108.3450963
107.6131423
107.2656438
107.6814101
107.5120239
108.212667
110.0045683
109.6314052
109.3203505
109.2448966
109.2387371
109.7376566
110.3566864
111.4310059
111.4310059
111.3586318
111.7282018
111.1599879
110.8684382
110.3443674
110.4336801
110.5743221
110.6538823
110.9721231
112.3800822
112.675225
114.5307744
114.6729562
113.5067575
113.6314874
113.4307903
113.9574276
113.2444654
112.6228692
112.2071029
112.9318708
112.6038774
113.2465186
113.2326597
112.9806335
113.1438603
113.8778674
114.6791157
115.4834438
115.4757444
114.3485559
114.3675476
114.3418831
113.7274729
112.7814763
113.9240636
112.3913746
112.9349505
113.5206164
113.3507168
113.5324221
113.590424
113.3050339
112.5895052
112.8687359
111.3119222
111.9427577
112.9118524
114.2715621
114.5790238
113.381001
113.5750253
113.2244471
112.8405049
111.1779531
110.7591071
110.8689515
110.755514
109.0406065
109.0406065
111.1835993
111.4520509
111.4674496
111.8190544
112.1044446
112.5366362
113.2357395
113.694109
112.9246847
112.8466644
112.0336103
113.3224858
115.6887605
116.3894036
117.7799108
117.5951258
116.6511824
115.320217
114.9326818
114.4835516
113.9173908
113.7423584
114.0369878
115.381812
116.0234266
116.3062504
116.6054994
116.6896792
116.0336925
115.3309961
115.6487237
115.9828766
115.9048563
115.7693472
114.4481344
113.6099291
114.2751551
113.9363826
114.4101509
114.4101509
114.4101509
114.4101509
114.3957787
115.0091623
115.0091623
115.9028031
117.6695531
119.2022421
118.5241837
118.8054676
119.2561377
118.0647877
117.3364268
118.7792897
118.0611946
119.1519395
119.8125459
120.2416577
119.7817484
120.1466988
119.650859
119.5209962
119.5240759
118.7459257
118.9969254
118.5939914
119.5718121
119.8489896
120.2072672
119.1534793
119.1534793
119.6467527
119.121142
119.1888965
118.4738812
119.2381725
119.0107843
119.1524528
120.7246652
119.6149286
118.5893718
118.0699206
118.3214335
119.995791
119.4671006
119.753004
120.0183758
120.2011077
120.8596609
121.0552251
121.396564
122.329215
123.1823058
122.2209105
119.5456342
120.6861683
121.1332454
120.4469744
121.5043553
121.5043553
122.92566
122.8933226
121.7302036
121.824136
121.9339804
121.9627248
122.8240282
123.5061929
124.6457004
125.0111641
125.7420915
126.0459601
125.8185719
125.8185719
125.8185719
125.1194686
125.6158217
125.0922642
125.7574902
126.6947608
127.949759
129.6071779
129.3479656
130.571653
130.4428167
128.9327126
129.3479656
129.5111923
130.024484
130.2513589
130.283183
130.9073457
130.4320376
130.489013
130.489013
130.9786933
131.449895
131.3261917
131.7373384
131.7162934
131.7434979
131.9195569
130.6640455
130.8519102
132.120254
132.5190816
132.4092372
131.8815733
131.8112524
131.9980906
131.8471828
131.4565678
131.3492899
132.1279534
132.1279534
132.1459186
133.0267271
134.2370689
132.8865985
133.6827139
134.1795802
135.1630471
135.3262739
135.8318662
136.3441313
136.1850109
136.0217841
136.3164135
136.2009229
136.2034894
134.9033215
133.5954543
132.6109608
132.7618686
133.3228964
133.2135653
132.6977071
132.0134893
131.9272563
131.0515807
131.2363657
131.491985
131.0839181
129.3777365
127.6315182
124.6934365
125.7759687
126.2338249
127.4903629
126.1758229
125.6419996
124.0292371
124.9475159
125.6368667
126.4021846
126.7758609
126.5972354
126.7614888
128.5369647
128.5369647
129.4598632
131.0669794
131.4016456
130.2842096
130.205676
131.5566597
131.3272183
131.7881543
131.8949189
130.9499489
130.5372624
130.2272342
129.8427788
130.4838801
130.8067405
131.1090694
131.9503544
131.9026183
131.4386026
130.9561084
129.6964906
130.5511213
130.6075834
131.1583454
131.7691625
132.5380734
132.7747009
132.8362959
133.4645649
133.3932174
133.9840161
134.4038887
134.6230642
135.2426073
134.4767761
134.0286725
134.9171804
136.7727298
138.5656577
138.7293978
139.3900042
140.0978334
141.4216127
141.9585158
141.9698082
141.4647292
140.3667982
138.606721
138.7324775
138.3978113
139.6071265
138.8243567
139.9556516
141.0977256
141.6479743
142.2700838
141.7537124
140.8426196
140.5490168
140.5490168
140.8113088
140.3370273
140.3832236
141.7044364
141.8419986
141.7896428
141.8630435
140.994554
141.2742979
141.6977636
141.3056087
141.0525559
140.1168252
140.3580723
140.4448186
139.4259346
138.9157226
138.2227789
138.2715416
138.8048516
139.3222497
138.9880968
138.9372809
139.7446887
139.5619569
139.7749729
139.3704991
139.9823428
137.5057104
138.1380857
138.9511398
137.8070126
137.1746372
135.9504366
136.6983025
137.0596599
137.519056
137.0991834
137.6355732
137.571925
137.8491025
137.8491025
137.8491025
137.8491025
139.1533767
140.2733792
140.2733792
140.7753784
140.9586236
142.001119
142.3101206
142.8809009
143.3582622
143.257657
144.6327655
145.0341596
145.5607968
146.3343274
146.3851433
145.7188907
144.1595105
146.6058587
145.4083492
144.0974022
143.6056688
142.8624224
143.8520488
146.4036218
147.2710847
147.6232028
147.3619374
148.9598144
149.5475334
150.1485979
151.8568327
152.3105825
151.5924875
152.7699786
154.0331894
152.432746
152.6888785
152.8356799
152.1909856
151.5858147
152.2335888
153.3736096
152.5092264
151.8373276
151.7444218
151.4148885
151.6628084
152.0760082
152.9686225
152.5749278
151.8799308
153.4038938
153.5768731
153.0148187
152.2510407
152.2510407
150.1444916
149.326818
145.8251421
146.4965276
145.3031244
147.1597004
148.3633695
149.0552866
149.0552866
149.0552866
145.870825
146.8327336
146.9815882
147.3316532
149.684069
149.1107222
150.5145749
150.3354361
149.708707
148.1744781
149.4176706
150.2168657
150.7085992
150.6603498
150.5782231
149.7323184
149.9201831
149.6635373
149.420237
149.0845443
150.4052438
152.2607932
156.4487401
157.1011339
157.1011339
157.9008423
157.2710334
156.277814
156.9702445
157.0990807
158.7118432
158.1282305
158.6718064
159.5141181
158.373584
156.9194286
158.7826774
158.8042357
159.1984437
159.9842933
160.2850822
160.7085478
160.267117
158.1051324
158.1051324
159.1229898
159.174319
161.3676144
162.5394593
162.6359581
163.0542909
161.704847
162.9660047
164.2825979
164.6567875
164.1660807
162.9192951
163.5639895
163.4736502
163.3781779
163.1292314
164.17378
162.4265351
162.4085699
162.7545285
163.6825599
165.0463759
165.6453873
166.2048752
167.4783519
167.9603328
167.7042003
168.2359705
168.9366136
169.9503647
169.0243865
172.2565842
173.2462106
173.1948815
169.7974038
173.0660452
174.8943902
174.8933637
174.3446548
175.706931
173.0424338
173.7425637
178.0470278
177.6204824
177.6204824
178.6311537
179.0320345
180.0765831
181.2797388
181.2797388
182.7200353
181.8689977
182.8878817
180.6073267
178.1784305
180.6899667
180.1438243
179.0582124
175.7166835
176.2340815
174.8446009
175.6761335
175.9707629
174.3703194
173.9489069
175.6283973
176.5723408
176.3121019
175.940992
175.4754364
174.5294398
173.7358909
172.7924608
171.1709723
170.5729875
172.0425416
172.5424877
173.7615555
174.3323358
173.8626739
174.9857562
175.8393602
177.3545973
181.5938734
182.0645618
183.4458298
185.5256877
186.0338465
187.8565452
186.865379
185.813131
185.1987209
183.2025295
182.2914368
184.7778217
187.317589
185.7551291
184.8419832
183.8451707
182.5973586
184.0602399
184.6885089
181.4830023
181.9536908
181.9536908
166.2690367
175.7895709
172.5589131
173.7415371
175.0032081
174.0289804
173.6008952
173.0552661
170.4533905
170.9292119
170.9225392
168.4987758
168.7836527
169.4647908
171.7740901
172.157519
171.4394239
172.4947516
173.1209675
171.6668121
172.711874
174.3831517
174.9908891
174.5376525
177.477274
178.5382479
179.7218986
187.7744186
187.4572043
189.9266506
191.37208
188.3446856
185.9229754
185.895771
185.3645141
184.0053177
181.454258
182.5562953
181.3002705
179.6279662
179.9225956
180.5611305
180.5611305
180.5611305
180.5611305
185.8695931
188.7424867
188.7424867
188.0428701
196.8827796
200.7124489
203.9995688
201.6214884
198.5478978
194.3907484
201.6604986
202.9319221
204.6447765
203.6146001
203.2522161
205.1724403
205.58718
201.8078133
201.3545768
201.708748
204.0657835
205.3608184
205.7165295
209.3496081
213.3168396
217.4000749
215.8406948
215.4685583
214.2371716
214.7925532
215.5553046
215.6518035
216.0511444
217.3985351
219.9865518
222.3949164
225.1266547
227.4723977
227.9651578
229.3264073
228.340374
229.1985977
234.121065
233.475344
235.4556234
235.7476863
233.7165911
228.5816211
232.4369549
232.74493
233.8900837
236.4678346
236.8255989
237.3065532
237.8927323
237.8927323
241.8958942
243.05696
243.3423502
244.1456516
243.8879792
245.9585979
244.3263303
246.0355916
246.9456578
243.5543396
249.3858465
249.2790818
247.9707013
246.6992778
243.9639464
241.5868926
243.5579327
243.5579327
243.5579327
247.9126993
252.1103988
252.5810873
252.0657424
255.0223025
258.0276254
257.6903927
254.9155379
254.7440984
251.5750355
250.4324482
251.413862
254.1666453
257.5482109
257.5482109
257.5317856
256.3804723
253.2314278
251.8275751
255.9395548
250.9791039
252.8936819
249.6378727
250.9811571
247.0827067
248.3335985
245.0254336
245.2969649
244.6291724
244.695387
243.5132763
236.1264956
238.3901119
241.0002002
241.0002002
238.5687375
237.707434
235.0629552
238.5163817
243.5789776
249.7436108
248.0097115
246.7223759
245.1332249
241.4092937
239.622012
237.7952069
238.8238434
240.1065594
239.9228009
240.7610063
242.0888919
243.5579327
240.8369734
243.4013787
243.3346508
245.9293403
247.1797188
248.3063941
248.9023257
251.0822755
252.5333511
254.8272517
254.3196062
254.305234
254.4997716
255.6916349
252.6103449
253.344352
254.2251605
252.2659262
246.5478568
240.6326833
238.2571694
236.8302185
235.6871179
232.6330324
235.3093352
234.5296452
234.5296452
233.7597076
231.4550279
233.9203679
238.5636045
238.7904795
232.2773212
231.7896941
226.1907084
226.9473003
227.2999317
230.3416983
234.7601131
234.2329626
227.3574204
225.7020547
225.2236669
220.7518697
209.8788118
201.2601311
200.3587909
188.623403
190.5230956
186.5250666
180.1735952
178.9514477
187.9083877
196.0158299
187.7851977
184.9523409
190.2854415
188.25024
191.7806602
187.2447015
187.7025577
184.7501039
185.1011955
189.420545
196.0153166
192.3981501
195.1293752
197.3970978
195.2612911
187.4459119
179.157791
173.9288886
179.7968391
181.1000867
171.5087183
172.2488849
183.2153618
184.433403
185.6950739
190.6041956
195.5769655
194.4513168
196.6564179
199.5667818
198.6654416
193.5956596
193.5956596
200.0076994
198.5448181
199.7274421
204.8536862
207.1193557
207.5274226
207.707588
203.8476345
204.7330627
206.470555
207.165552
209.1412117
209.8018181
209.0919357
211.6096314
214.8921318
214.0452005
216.3668188
219.610309
224.0610612
223.1920584
221.4781774
220.7169658
221.6583428
220.4854713
212.761458
217.2548134
217.1136582
216.7656464
215.8350486
216.4735834
218.8419113
222.8322409
221.5941813
218.7567049
220.0789443
226.6305994
228.623711
232.8373225
237.8295974
234.5583895
235.5531488
237.3065532
237.3065532
237.3065532
237.3065532
239.9520586
239.9520586
239.9520586
245.9498719
252.2299957
264.186099
260.8974392
260.094651
259.7794899
255.8918186
247.8428917
250.8856848
250.4704318
254.864722
256.5411326
259.2882697
260.406219
255.8353566
257.1052402
254.8867935
253.3171475
252.7540666
251.9487119
252.1571083
259.1969038
259.1666196
253.7195682
251.8265485
252.7766514
250.9539526
250.4976363
249.7307785
255.4914511
252.7438007
257.2546081
252.6678335
249.3447832
252.5620955
249.518789
251.7172173
254.2195143
256.4723515
259.7255943
258.9233194
256.9245615
258.1687806
257.6637016
260.4939919
260.5781718
257.3413544
256.3845787
258.4305593
257.5384584
254.5546938
252.4886948
252.4886948
252.8089888
257.4055158
262.2622818
260.624368
257.4188614
260.7342124
258.767792
259.1029714
259.9411768
259.2584988
260.1028637
260.1028637
260.1028637
263.4407995
262.6036208
263.5434578
261.4292094
261.8542149
269.5525636
268.9715174
268.0039626
270.3491923
273.8601075
268.7533685
269.3477603
269.6531688
268.5629373
268.2292977
272.0235498
273.6116743
271.244373
271.4989657
271.4989657
271.1986901
269.9467717
267.9182429
264.7897301
260.9338829
259.8205532
262.9737041
263.0245199
259.5444023
255.7978863
254.0619338
253.4249388
254.3514303
253.7426663
255.1280406
250.16451
250.1198536
248.3931404
243.417804
243.4373091
242.0709266
246.4236402
249.4628402
252.8741768
252.8741768
255.911837
258.2334553
254.7235668
256.3753394
252.9901807
249.634793
245.6383039
248.4737272
249.8714204
252.6657804
252.9552769
250.9945026
247.6273092
244.8940309
242.1864173
239.1805811
240.1938189
248.2673839
251.593514
256.9373938
255.1188014
256.4800509
257.4619779
255.8235508
255.7075469
252.7099235
254.0239502
254.5890843
254.8796074
255.0566931
251.9800227
248.0076583
245.9416593
243.0908372
237.1274144
239.8386211
238.636492
238.0000103
240.6968448
240.6968448
239.5609303
236.0053588
233.52462
234.5373445
234.814522
232.7957458
231.8461562
232.822437
233.8069305
233.9906889
233.4111826
232.6212267
231.7712156
232.5216481
236.405213
237.1756638
238.3967847
238.5954286
238.9419005
238.7986921
239.790885
243.0518271
240.6716935
239.8843041
238.4188563
236.6870101
235.727668
234.6148516
235.349372
232.8896782
231.3770076
226.1619641
222.3210024
220.1271937
222.3148429
224.3392653
226.1132013
229.0867001
229.359258
228.8526391
227.0468789
224.8433177
227.534506
228.2028118
231.8379435
231.9678063
231.55358
233.4866365
233.8921369
233.2145919
231.4924982
231.4724799
233.5158941
229.7575723
224.8017411
225.7692959
224.0564416
223.8187875
224.988066
224.988066
223.9096401
223.729988
221.7040257
224.3084678
226.7702147
226.072138
228.2125644
227.4682914
227.5996941
225.7857213
226.3077389
222.251708
224.4270382
225.1826035
231.5458806
238.3541815
243.7499038
240.4222337
241.7855365
240.7302088
239.1887938
238.8418086
241.5817597
241.2342612
242.0971045
236.7162678
237.0427213
239.9279338
242.8998927
240.1938189
236.8717951
231.6403262
231.569492
233.241283
235.6060178
236.700869
237.0996966
235.2456871
235.2333681
239.6312513
237.8311373
237.1756638
237.6889555
238.9280416
238.9280416
238.9280416
239.3982168
241.6910908
241.6910908
241.6910908
236.8456173
234.8966487
234.51168
235.4027543
239.7102982
243.5363744
244.8262764
244.1235801
243.9208299
244.470052
246.5596625
240.822088
236.4185586
235.1343028
234.819655
228.0349654
226.4355485
230.2451994
233.1930336
233.6190657
230.8211127
223.6016651
230.2400665
229.7642451
229.9392776
233.9213945
230.3386185
231.0869978
232.0822704
230.6168226
231.5581996
230.4269047
230.0234574
229.1662603
224.2052961
227.6792543
230.6445404
232.04634
229.3623377
226.5505259
230.9407097
234.9746691
240.4001622
239.5855683
240.0321321
238.3829259
234.3977292
234.6651542
237.9630533
236.8420242
236.2969084
232.3491821
237.3820071
237.3820071
246.1105322
248.4516556
249.6353063
247.9132126
249.392006
247.4153197
245.7522546
248.5830583
247.9476032
247.5415895
247.4717818
255.4483346
249.6116948
251.4698107
248.5804918
245.455572
244.3047721
247.8269796
248.105697
245.6721811
236.5165973
238.3526417
238.3351897
237.7069207
237.7069207
237.7069207
236.2229944
237.9589469
235.6244963
236.0474487
236.0474487
236.7060019
237.2500911
239.0419924
238.1529712
237.7264258
236.799421
235.7615452
233.8454273
236.9734269
240.8924089
241.7809168
239.067657
240.9103741
237.2690829
229.9849606
229.559955
226.0885633
226.2528167
219.4686404
220.7821539
223.7931229
219.1627186
219.5261291
222.6941654
222.6941654
224.5399623
223.9404376
224.0975049
222.2917447
223.3393731
222.4678038
221.0346934
221.6845207
218.9035063
215.9643981
214.2058608
211.7605392
208.2285791
206.750299
204.946592
203.7973319
203.82043
205.3556855
205.9469975
205.7139631
207.5931239
206.5855324
206.5988779
208.6161143
206.2169889
206.7841762
208.3450963
208.7629157
210.0476848
210.8104362
208.4400552
207.9231705
207.4945719
209.1201667
208.9630995
208.0160763
209.2140991
203.7896325
201.2272804
199.621704
202.0880706
205.5702414
206.0465761
207.5197232
207.5197232
206.294496
205.7935233
207.9847655
208.7978195
210.9438921
209.7684541
211.9350583
211.2523804
211.9904938
212.1804118
213.6704975
213.4010194
210.5861278
211.8365063
212.5874521
210.9284933
209.6360249
208.9554001
212.4021538
215.2873664
213.2942547
215.0876959
216.9360593
219.9716663
218.44719
219.2802624
218.681251
219.0000051
219.0913711
217.5258314
214.6693632
218.5175109
215.4690716
212.9683145
218.2967955
219.2889884
221.1188732
222.9318195
226.0028436
222.4878222
220.7369842
221.3590937
222.8804903
224.5707598
226.7635419
229.3679839
227.0586846
225.4787728
224.1816847
227.435954
226.6655032
219.9018586
219.8346174
221.5423389
220.1441323
225.0168103
228.2572207
231.1552656
234.4885818
234.4885818
235.6434881
238.6837148
238.6328989
238.1134477
239.7226172
241.3815759
240.8508323
242.3193598
242.124309
237.8398633
240.1789335
239.6666684
241.2886701
243.9603533
241.7485795
242.1971964
237.2331525
234.3140627
234.9284728
236.3697959
233.4301744
230.805714
223.1299501
229.3033092
228.6088255
232.0848369
233.4573788
230.1892506
229.913613
228.1992188
230.1384348
229.9834207
229.3181947
227.6843872
226.380113
226.3821662
218.6268421
216.4643442
216.6075526
216.6075526
216.6075526
217.7470601
217.5165922
221.0772966
221.0772966
222.3210024
216.4545917
219.8998055
218.3388854
215.7282839
215.5476052
212.9862797
215.9351405
215.6810611
216.3103567
215.3438284
217.2830444
217.3128154
218.4389773
218.3953475
217.9169597
225.382274
227.4754775
227.5791624
228.8505859
224.6975429
226.6526709
224.4429502
224.2966621
224.9197982
225.4433557
228.6750402
229.3797897
226.4560802
228.3208689
230.2205614
227.2409032
229.4506239
229.5409632
228.648349
230.2970419
228.479476
228.7746188
229.4993866
226.9139364
227.9959553
226.3313503
227.1151467
223.1971913
224.5261034
222.2363092
221.4740711
218.1084175
215.9946823
213.8434768
211.6691732
209.3937512
211.3976419
209.3644936
207.9031521
211.0588694
206.3057884
196.0502205
200.7950888
208.2065075
216.6183317
216.7286894
214.0518733
217.0248587
216.1430236
210.7914445
208.4754724
213.2845022
215.073837
218.459509
223.6550475
222.8224883
219.900832
219.900832
219.900832
220.9648857
222.5191329
217.391349
216.960184
217.2204228
217.2763716
217.8050621
217.9179863
220.5917227
225.1246016
223.7074032
224.4937661
225.8545023
226.1973812
226.1973812
228.7130238
229.5219715
233.5554175
234.6933852
235.9596758
233.3865446
233.8444008
236.7865887
239.0810026
239.7041387
244.6255794
245.9493586
240.6065055
240.3626919
240.5587693
243.3469698
242.5744658
243.0097371
245.3847378
245.3847378
249.5583125
249.6671303
247.8439183
246.6746398
244.6040211
241.5899723
242.5313493
243.6241473
248.2237541
249.580384
250.444254
251.2157314
249.4459016
250.6983333
247.231048
243.7283455
244.0209218
245.5181936
250.226105
249.4951776
250.4550331
249.2246729
248.6944426
245.2328034
247.7751372
249.4197237
246.5848138
248.4377967
249.1050759
248.4516556
246.2722191
247.8274929
250.5520452
246.4996073
249.9602199
245.020814
237.3101462
236.4380637
238.8659333
236.6870101
236.6130961
235.9945796
236.2768901
235.4227727
232.8891649
234.8386468
234.2755658
228.2218036
228.5056539
231.0300224
232.1412989
229.0487165
229.067195
228.0596034
228.3701449
230.2395532
227.3117374
228.0093008
230.0532283
229.7473065
229.6436216
228.0067344
223.2664856
222.6479692
222.7649997
221.8477474
223.1997577
224.1934904
220.7708615
216.9735295
213.7741825
205.0523301
208.7701018
204.6252714
200.4511834
199.6545547
190.2515643
184.5504335
180.6145128
183.3960405
184.363082
187.210311
190.1217015
194.757752
191.9089831
192.7071517
193.080828
198.0299865
200.2366275
196.1010363
194.5298505
197.3406358
202.1168149
202.5151293
202.5618388
206.158987
207.732226
207.2209875
203.6541235
204.4194414
209.3485815
208.6936213
205.8361265
207.1717115
203.044333
198.5976871
200.5820728
197.9160357
198.2075854
201.2170146
203.1367255
199.2470011
199.3763506
198.7095847
196.001971
199.120218
197.3257503
200.908013
200.9470232
203.0299608
207.7219602
209.4671519
209.4625323
209.7679408
210.7365222
210.1277583
208.3743539
208.7865271
211.4345989
211.1620411
212.8122738
217.2209361
218.265998
218.2218549
218.0057591
216.3616859
211.8601177
210.8458534
205.4588571
211.1440758
211.8965615
211.1076321
213.8347509
219.5728387
219.5728387
219.5728387
219.5728387
219.6303273
221.873412
223.4820682
223.4820682
220.115388
218.1592333
218.5801325
219.0118108
217.7260152
216.6948122
213.3928067
215.2827467
214.700674
216.6855729
217.7183158
219.7591635
213.0689197
210.8438002
211.7230689
212.001273
214.0975562
212.1465345
211.0552764
208.652558
196.2483511
199.338367
203.0664045
186.7770928
179.1192941
173.4099507
171.9809466
174.3636466
173.5469996
176.5415433
178.2543976
178.2328394
177.5866051
175.6437961
174.4719512
173.2795746
174.5792291
173.9489069
177.1035977
179.6700561
180.1427977
180.1756484
180.2731738
183.77177
183.5387356
181.4578511
181.6498221
181.5733417
183.0295502
184.0925773
184.9251364
184.1593052
184.5458138
185.9086033
188.0007802
187.1466628
186.9752234
189.823479
191.027148
187.7579932
188.5813131
190.069859
190.069859
190.069859
192.4284343
190.2751757
188.0562157
187.7236027
186.1395845
184.3836137
184.3307446
183.5264166
183.2133086
184.3882333
183.4448032
184.655145
183.2528321
185.2829007
187.4546378
186.9069556
186.9947285
185.3912053
186.2894657
187.0665893
187.0055076
186.4075228
188.0392771
189.6453668
189.6453668
186.9654709
189.5129375
191.1452051
191.6364252
192.067077
192.0234472
192.5685629
189.922031
189.9825994
190.8403098
187.8781035
188.6747322
189.6992624
188.3934483
189.9825994
188.9662819
190.3229118
189.2634778
189.2650176
189.2650176
187.6373697
188.0711012
188.3005425
185.3219109
186.256615
185.8162108
182.4192464
181.9665231
177.4793272
177.5209038
177.3925809
175.5673156
172.0630733
172.8217184
172.0825784
173.6455516
167.5035032
166.3609159
168.4931296
165.9148654
161.4651398
154.3170397
156.0483726
158.783704
158.2724655
160.1239086
157.9403658
154.1189092
156.6345517
153.0800068
152.5215454
154.5654729
155.8517819
153.3340862
150.1855549
146.7685722
138.1586174
141.914886
142.3881409
145.5335924
144.4361747
149.01371
149.6373594
149.9314756
147.5703338
150.1598904
150.900057
151.294265
151.9502518
152.6313898
156.7023062
157.3428942
160.9441487
159.9668414
159.2564457
156.9522793
158.0661222
159.0747404
157.7889447
158.6302298
158.1574882
155.9462276
154.0516679
155.542267
153.2437468
147.9193721
146.6720733
145.2020059
147.0724409
148.1944965
150.8589936
153.796562
149.7815944
147.3198474
148.3135802
151.0453185
145.8667187
143.7740285
144.1179339
140.1034796
136.6095031
136.6300347
141.1603472
139.3027446
132.8917314
133.742769
136.3995668
134.5932933
133.3018514
129.5589285
128.6350034
124.6374877
126.0485266
133.6965728
132.8948111
138.3249239
136.2137552
139.6610222
142.4456296
142.8146863
143.5451004
142.0950514
145.4550587
144.4833976
146.532458
143.208381
142.9450624
149.0034442
149.884766
155.9010579
152.9588699
150.8651531
150.2784607
148.8068535
148.5943507
151.4133487
151.3455942
150.2995057
150.8071512
152.1596748
151.6212318
149.6886886
151.426181
149.1014829
150.3174709
149.610155
151.0299198
152.1232311
154.268277
155.0243557
151.799344
151.7141376
147.7376669
146.2008716
142.9917719
144.0317009
146.8322203
142.3958403
138.5507722
139.2709205
138.8274365
136.1891172
136.906699
137.7084606
137.2254531
137.2254531
137.2254531
137.2254531
136.6048835
137.239312
136.3918674
136.3918674
140.9863413
143.0369416
144.3920317
144.6137737
143.7488772
143.8905457
145.2358832
144.6076142
144.4618393
141.7798903
141.7383136
140.2656798
140.9360387
140.357559
139.0378861
137.5293218
137.0139769
133.2459026
132.4764784
131.2722961
136.4929859
137.1351138
141.1326294
136.5853784
135.3365397
133.1324652
131.3508297
132.0797039
133.6519164
132.3994847
134.2283429
135.3622043
136.2383932
137.5442072
136.5756258
137.7911005
136.8882205
135.5998583
131.3980526
129.5430164
129.2309351
131.5366413
132.1341129
133.4789371
132.2454971
132.7557091
133.6827139
134.3864368
132.7336375
131.55358
134.2596537
136.0705468
136.1752583
138.2222656
139.4767505
138.7427433
142.3332187
140.8672576
138.7802136
141.1475149
140.0773017
137.8444829
136.2055425
138.0220818
137.6632909
138.8880049
139.8119299
141.1736928
140.2975039
141.3861955
139.7970445
140.7009511
141.4210994
143.4773459
145.5880013
144.70052
144.70052
144.70052
144.5090622
147.4204526
147.136089
146.2788919
147.2880234
148.2396662
147.8126075
146.9713224
149.9176167
149.9176167
153.2119227
152.5646619
150.7306707
150.5032825
150.8333291
150.1290929
148.989072
150.4996895
150.9108361
146.717243
146.8625046
146.3656382
148.9403093
149.062986
149.1410064
147.8002885
146.1587817
144.8832518
144.8878714
144.8878714
150.1722094
150.8723392
151.2357497
150.813824
149.5403473
146.6448689
145.5115208
147.2356676
148.0482084
149.6250404
152.7925634
150.9755109
148.4152119
149.2416115
147.7597384
147.8931943
149.2103007
145.6198254
144.9161025
145.7445553
145.1763414
145.6439501
145.8159028
145.6803938
147.2603056
146.162888
145.9560314
148.1965497
148.9279903
150.0418333
150.3015589
147.9979058
148.8463769
150.1860682
149.7235924
149.7549032
148.7621971
147.1145308
146.0515037
147.107858
146.3025033
147.6966035
148.7375591
149.0758183
148.6169355
146.9379584
145.2276705
147.5364565
146.8779033
147.5154116
147.1797188
147.6257693
148.2001427
148.2432592
148.7524446
150.3256836
150.1989005
151.3235226
151.2229174
152.8192546
151.1187192
152.2423147
152.8731502
154.3955734
154.8565093
152.6308765
153.0584485
153.1123442
154.8539429
155.8353566
154.9935582
153.3258735
152.2787585
152.3054496
153.3541045
154.9494151
158.4095144
158.2226762
156.5052022
157.6796136
155.526355
154.3001011
151.5216532
151.2121383
150.2255917
148.8345712
148.9562214
148.2329934
149.8755268
149.9771585
150.3164443
150.1953075
152.0539367
151.3250625
152.0395645
153.3063684
155.1696172
153.7365068
153.4203192
153.2221886
153.4367445
152.2695192
151.1946864
151.0217071
151.2285637
152.3921959
154.1163427
154.5634198
153.4742148
153.8735557
153.8407051
152.2125438
152.4830485
154.412512
153.8360854
154.0706597
153.923345
153.8099076
153.7621714
151.6160989
150.9806438
150.4298818
148.9726467
148.677504
149.0912171
149.8929787
150.2461234
150.620313
151.1259053
153.8612367
154.0106046
153.3967077
153.5275971
152.8110419
153.6661859
154.4402297
152.6924716
152.575441
152.7201893
153.907433
151.9548714
152.7299418
153.8391652
155.4000852
155.7260254
156.906083
156.906083
156.906083
156.906083
157.4758368
158.0348114
158.2108705
158.2108705
159.798995
161.4656531
160.7660365
161.5775507
163.7595536
164.8410592
166.0462681
166.3039405
170.6084046
171.4327511
170.2265156
170.0679085
169.9534444
170.1336098
172.1595721
171.0020994
170.3548385
169.5438377
167.0564262
167.7637421
166.7227866
165.5124448
165.8240128
166.2926481
165.4303181
165.7141684
167.8294434
166.0370289
165.6618126
164.5592621
164.0480236
164.1588946
164.3334137
168.1579501
171.4435302
168.5449721
170.8080751
165.0823063
164.9103536
164.8210409
165.28403
168.6958798
170.5319242
169.9277799
169.8738842
169.5376782
170.0627756
170.237808
168.9997485
166.5308155
166.5400547
165.8373584
165.8779084
168.2067128
169.1655417
170.575554
167.4922108
169.0110409
168.7117918
171.8592965
170.9266455
170.7382674
170.6674332
170.4287525
172.1544392
175.5303586
176.0415972
177.9233245
178.6609246
176.9342114
176.9342114
176.9342114
178.3108597
177.2750371
176.3731836
175.6566284
176.9609026
179.3071589
178.3123996
180.6761078
183.6916965
183.1008977
182.6214833
179.856381
179.6993137
175.9897547
175.9897547
175.3856104
173.6943143
173.2918936
175.2074982
169.3749647
172.6215346
169.9041684
173.0208756
171.8741819
171.6919634
172.8124791
174.7224375
171.6642456
172.0481878
171.8865009
171.1735388
174.0951951
174.2019597
172.5388947
174.2173585
174.5273867
175.2198172
176.2653923
177.6425539
177.6425539
178.3108597
177.4300512
177.264258
177.7339199
175.944585
176.8305265
176.8161543
177.3930942
177.9248644
177.4074663
178.8421166
178.973006
179.2732816
179.425216
182.5506491
182.5111256
183.2656644
182.0471099
182.3140216
181.2386755
180.9378866
181.7853312
182.7200353
182.8740228
182.5588617
181.4865954
181.6626544
180.9009296
181.075962
181.0497842
179.9405608
182.1256435
177.2991618
178.3811807
178.7127671
175.2593406
177.6440938
178.6465525
179.6828884
180.1402313
180.4815703
179.1192941
179.6479846
175.0350322
173.8370094
173.208227
176.3536785
178.6496322
177.538869
179.3518153
181.1899128
179.3856925
180.2988384
180.2967853
181.3069433
181.5040473
181.2438084
183.4329975
184.4544479
184.2296262
183.5751793
187.1913192
186.6795674
187.3745643
187.5470304
189.0740731
189.0268503
188.3878021
187.9273795
188.2738514
189.6710314
190.1211882
189.9964583
191.2719881
191.285847
191.6631164
191.101062
189.2547518
188.8898014
188.484301
188.7065563
189.9451291
188.097279
188.5695074
190.9491277
191.2263052
190.522069
189.7505916
188.0326043
188.8548976
188.2846305
187.4874885
186.3407949
185.7345974
186.1986131
187.4844088
186.1816745
186.7770928
189.5863382
188.0582689
188.0115593
189.5873648
192.0085617
189.8902069
191.5235011
192.3642728
194.0761006
192.8955297
195.9295969
197.5074556
198.1003075
199.2547005
199.2690726
201.2134216
204.9717433
201.8047336
202.2733689
202.1429928
199.7120434
199.8198346
199.6540414
199.223903
198.2599412
197.7995185
199.3255347
196.4059316
198.3184564
200.1006052
201.0507081
200.6292956
198.9498052
199.7146098
200.1929977
201.4243844
202.058813
203.0325273
203.1721426
203.7234179
203.2881466
202.4345425
201.6399669
202.4386488
201.8309115
201.8309115
201.8309115
201.8309115
204.0093214
204.1976994
204.3126768
204.3126768
207.6470196
206.2226351
207.2276603
208.9548868
210.2689135
209.5636507
210.3915902
211.2688057
210.6420766
212.9652348
212.8117605
213.9697466
213.5801582
212.0336103
210.6056329
211.6917581
211.3755704
212.0218046
210.4167415
207.8297514
211.4761756
211.5778073
213.0304228
215.0142952
215.4675317
214.5821036
216.0501178
216.536205
219.1637452
219.8192187
221.1486441
220.3787066
221.5433654
221.1938138
220.6789822
220.5634916
217.0962063
216.2821256
217.2389014
199.3178353
201.6753841
199.5123729
199.0396313
198.6469631
197.0162354
196.9074176
194.8147274
192.5706161
191.7442165
190.8228579
192.1471505
189.5247432
191.3161312
192.058351
192.1317517
192.1887271
191.8104311
193.3302878
193.3302878
193.3302878
192.4617983
191.4311086
187.7502939
189.3733222
189.2953018
190.4384024
192.4397267
191.8504679
192.6994523
192.5639433
192.2020727
194.305542
193.5843672
191.3515483
188.1450152
188.5756669
188.5638612
187.92122
187.5100733
187.0337387
186.7026655
183.3708892
181.7940571
183.6393407
183.6393407
186.1919403
188.5541086
191.7585887
190.8675143
190.0924438
189.8188594
189.124889
190.7838477
190.1268344
190.2371921
191.2535096
194.4749283
194.6674127
193.6475021
195.8608158
196.3386904
196.3700012
197.3965846
197.9293813
198.7829854
196.4711196
199.0950668
198.2625076
198.5227465
198.5227465
199.5714014
199.396369
198.1449638
199.1915656
200.6416146
201.5783719
200.8012483
201.4079591
203.6423178
202.5289881
202.9308955
203.4518866
204.5020814
204.6165454
203.8383952
204.1438038
205.2232562
206.2642118
206.8606567
206.2657516
205.0882605
205.817648
203.582776
205.3120557
207.2507584
206.4736348
207.1686317
207.5582201
207.4586415
208.5288547
211.5028667
210.3094636
212.2917961
213.4441359
212.4514298
212.2702378
213.3173529
212.847691
212.177332
213.3938333
213.7485179
212.3410721
209.8398017
209.9270613
210.2026989
210.5938272
211.8159747
211.2231228
210.0836152
208.5026768
209.4543196
208.5303946
207.5587334
207.4663409
207.5571935
207.4596681
206.072754
205.3454196
205.3279677
206.3052751
205.0523301
206.2144225
207.0485215
208.1592847
208.1895689
210.9931681
210.7144507
211.1887322
210.0112411
208.5883965
206.6958901
206.7954687
206.5485754
205.1000662
205.685732
206.8529573
204.6745474
202.5993091
204.832128
206.9130125
206.7143686
208.4128508
208.0073503
210.0122677
210.2406825
212.1321623
211.6342694
209.8495542
209.6555299
208.6063617
208.3091658
206.3735429
204.2166912
203.2640218
203.4257087
202.1743036
197.884725
197.7579419
195.0954979
198.4293274
200.1740059
200.6539336
197.5957417
197.9283547
201.3694622
203.5956083
205.0353915
206.6127368
204.2695603
206.5182911
206.593745
206.8791352
207.7825286
208.7434106
209.2223118
209.425062
208.3943723
207.9313832
209.6596363
210.1020937
211.4474312
212.4406506
211.0393643
211.5182655
211.5967991
210.850473
210.9007756
213.4677473
215.0938554
216.2046186
217.6207904
217.3323204
219.1627186
220.620467
220.9910636
219.8525826
218.7413061
219.5492272
222.5786748
221.2446297
219.3639289
220.9469205
219.8104927
222.7506275
222.7506275
222.7506275
223.8526648
224.5856453
224.2884494
224.2884494
227.3558805
229.0810539
228.442519
229.2155363
229.8145477
226.820004
229.3633643
230.9853661
230.5485548
231.3893266
231.4540014
229.3720903
228.4291734
227.0027358
226.6331658
227.6489701
227.9282008
229.186792
232.6063412
231.9667798
232.0509596
233.610853
233.6765544
235.4756417
235.2744314
233.0611176
230.9792066
233.3331622
233.0580379
233.7848589
234.4398191
236.1075038
238.0888097
239.2539819
240.7096771
240.9447647
243.2941007
244.9253417
244.9371474
245.4299075
243.5789776
242.6042367
241.4760216
239.0086284
240.8867627
239.9597579
238.5220279
242.0401291
243.0087106
245.4745638
244.1210136
245.8364345
244.732344
247.4784546
248.4270176
247.8947341
245.9565447
247.12377
249.3904661
248.1354679
245.710678
244.6974402
248.5065778
249.9171034
250.5915687
248.5204367
248.545588
248.4665411
245.6675615
246.3163622
242.9815061
242.238773
243.2376387
243.2376387
243.2376387
241.7665447
242.428691
242.7546312
245.6095595
242.9938251
245.3400814
246.9405249
246.1921456
247.3953013
247.3953013
246.8963818
245.6429235
244.8216568
246.606372
247.4112134
247.7299675
246.8424862
244.3319765
240.7086505
238.101642
242.8213591
237.8075259
235.9447903
235.6368153
230.1004512
235.279051
233.6570493
235.9786676
240.0993733
240.665534
238.089323
238.2027605
239.843754
240.9165336
240.9165336
227.8732785
227.8825178
224.1693657
227.8963767
223.9856073
216.0732159
218.718208
229.3033092
229.3772232
233.6262518
231.3092531
231.0223231
230.2847229
229.6307893
231.6305737
231.9708861
230.4002135
231.3575025
234.8104157
237.0031978
236.9282572
235.6039647
237.0134636
237.575518
239.6235519
236.2655977
236.7645172
233.2351235
226.9390877
223.8346995
223.5298043
230.7805627
233.2489824
229.6651798
232.2070003
230.0470688
230.1830911
232.9107232
234.0127604
233.9136951
235.2646789
239.9689972
238.2253453
242.4543555
238.7032199
240.5254054
242.5585537
239.7847255
238.0636584
239.8668521
241.9846936
243.5009573
244.3027189
243.2627899
243.9013248
244.6250661
243.438849
244.0399136
245.9709169
247.169453
249.8416495
250.1937676
251.9394726
252.9362851
254.6055097
254.8878201
253.4649755
250.7979119
248.8648554
247.523111
248.936203
250.3872786
251.2650074
252.402975
253.3520514
252.8018027
256.3743128
255.9729187
254.2328599
254.2872688
255.4462815
255.4935043
256.2716545
256.7161651
256.318364
254.5105507
256.9096761
257.7920245
256.6612429
259.2102494
260.5945971
259.1466012
261.590383
261.4492278
263.6327706
262.6354448
263.2852721
263.2775727
261.9527669
261.2074674
262.5610175
262.6795879
263.5080407
263.7133574
262.5748764
265.2491261
264.9565499
262.1067544
261.1022426
263.8432202
266.8829336
265.928211
266.1776708
266.1391739
264.8995745
264.4181069
267.0153628
269.0038548
270.0047736
269.9103279
273.5321141
274.0341134
272.7211132
271.8613496
267.2915137
263.1251251
266.4738401
265.4046535
262.5276536
265.1259361
267.1457389
272.148793
272.4085186
271.4779208
272.9592806
273.7759276
273.4771919
277.7929484
282.8658102
282.7698246
282.7472398
285.8264766
286.6169458
285.8413621
285.8413621
285.8413621
287.4382125
289.5791521
288.6162169
288.6162169
293.2230098
288.980654
287.3945827
288.2307349
284.7372716
285.3855591
282.9402374
282.2863038
282.9135463
284.9307826
281.1406368
280.3506809
279.9113032
283.8041074
282.7764974
281.561536
285.8156975
283.1091104
281.026686
281.4917283
280.6119464
278.7327855
282.7503195
287.8519256
289.0581611
290.4784392
290.2284661
290.8562219
294.926625
293.5114798
294.0956057
298.8712716
301.984899
301.6527992
303.2388706
304.2146381
303.4811442
301.7780424
300.5394696
299.9923006
288.8497647
283.9216512
279.5073426
279.671596
274.7434825
277.9566884
282.0809872
288.4837877
288.8851818
288.3493053
285.2012873
271.9265377
274.9118422
276.8854487
280.2659878
280.3973904
281.7037178
287.0614564
285.4451009
283.7794694
280.7089585
277.2000965
282.1276967
281.3428737
279.6921276
281.8243413
280.7392427
282.2216291
282.2216291
282.2216291
286.7201174
287.3114295
287.234949
288.9113597
291.8704862
291.1975608
288.5746403
287.6322368
290.9255162
290.2849282
286.4732241
285.3342299
287.0943071
281.9413718
282.2678253
283.3169935
289.9261373
296.2637498
296.7169864
296.7169864
291.9449135
288.2425406
286.8145631
289.2439727
288.9719281
290.279282
289.4338906
290.0000513
292.8729449
297.0465196
299.6504484
302.7497036
301.7246601
302.0156965
302.4335159
301.6117359
299.2074776
299.3599253
302.7676688
302.7676688
294.1705463
286.5676698
285.714579
284.8743205
288.9200856
287.1985053
285.7987589
291.7252247
296.4916513
295.9285703
295.1694119
297.5438993
292.0896618
289.1813511
288.327747
287.7615863
283.5941711
285.5518656
285.4476673
287.0753153
288.1455285
290.0313621
287.5521633
290.7119869
290.2664497
285.7541025
282.0722612
281.4660637
280.3881512
281.9583104
280.838308
279.5915225
280.6730281
275.7274626
275.2100646
268.9068427
264.8020491
256.6324985
253.5753333
250.595675
259.1383886
257.0220869
263.1779942
259.6208828
256.0319473
261.4245898
270.1433624
263.80421
252.7725451
257.9013556
254.3529702
253.3012355
243.2966672
244.8734993
245.5895412
247.3229272
250.8477012
252.2777319
251.4800766
253.9023001
246.7880773
249.9222363
251.3245492
254.1476535
254.9068119
257.0102812
250.7840531
249.6440322
245.6013469
241.3040689
245.147597
242.8439439
242.9281238
234.527592
225.4289835
227.7618943
238.8084447
234.145703
236.2389065
233.5235935
228.2669733
228.2608138
234.149296
236.7686235
241.0705211
248.5091443
252.0683089
252.802316
255.6392791
254.4402297
252.3644782
249.486965
244.6117205
239.3905174
236.9960117
235.2354212
237.2418784
234.5897003
232.6494577
228.3429404
231.4560545
230.9930654
233.7930716
236.4442232
237.2239132
235.2123231
237.9183969
232.2906668
227.5524712
223.1812792
220.6276531
214.4024515
210.6764671
213.2429256
215.015835
215.3212436
209.8670061
209.6991597
209.7022395
203.3969644
199.9825481
192.4936224
190.09809
198.89129
197.8164572
199.5821806
206.6820312
207.6049297
213.9276567
208.7731815
204.5416049
207.1701716
213.4785264
216.1835736
220.3294306
218.4820938
217.9462173
208.4770122
210.9582643
204.2505685
201.3694622
200.4260321
198.97239
203.2563225
205.4275463
205.4275463
205.4275463
202.6911883
203.6828679
203.3851587
203.3851587
204.5657296
206.5244506
206.6815179
202.8184847
204.1022272
198.365166
195.0508415
196.4511013
199.3932892
190.8079724
191.5111821
191.8212102
193.4380791
185.089903
192.255455
191.836609
202.8539018
201.6543391
198.3451476
200.6508539
201.8914799
198.1465037
204.6350239
206.5480621
196.7241724
195.0421156
191.109788
194.1161374
191.7770672
196.6615509
195.2700171
193.0474641
191.3946648
193.6120849
194.3286401
194.5668075
193.1403699
190.2659364
194.8054881
200.9177655
198.6664682
193.13883
189.4487761
185.0052099
182.0717479
187.625564
181.6349367
180.6381242
178.7769286
181.1349906
183.808727
177.9325637
175.7649329
167.7375642
174.6516033
173.4207298
184.975439
184.975439
184.975439
188.9139261
185.0514062
185.8121044
182.715929
183.4381304
190.4019587
195.6108428
188.3826692
189.6412604
191.1103013
189.2988949
186.0169078
185.070398
181.1714343
177.6276685
176.08882
181.7971369
181.9978339
186.9942152
185.188455
182.131803
183.0172312
181.2884648
183.9211379
187.9874346
187.9227599
188.7388937
188.7388937
192.6896998
192.6896998
189.5072913
191.1513646
191.7560222
190.4825455
191.9361876
187.6224842
188.1101113
188.9555027
189.6104629
190.5225823
186.1154598
180.7325699
180.81367
177.9956986
179.8635671
179.5632914
179.2763614
179.2183594
179.6495244
179.6495244
173.2492904
171.6893969
173.6260465
167.1611377
161.199768
161.3121789
157.4588982
159.0773069
160.2332397
159.338059
160.7224067
156.154624
157.7689263
157.0282464
155.3646681
152.2464211
156.6786948
150.9359874
153.722648
150.4740249
146.0776816
140.4011888
142.4035397
140.7533069
139.736476
132.3538017
137.2372588
135.0706546
125.5978565
128.2813454
123.2557065
125.9325227
133.5343726
141.1033718
147.2212954
140.7805113
149.2364786
141.9400373
139.52346
132.1074217
130.2528988
124.8422911
122.2280966
112.1686061
112.1136838
122.6012596
125.6661243
121.3991305
126.0623855
132.0483931
127.1089872
121.5120547
125.459781
128.3978627
126.4576201
119.580538
117.8599843
114.531801
118.3707095
117.551496
118.672525
120.3242977
124.806874
125.1949225
124.1493473
128.0883478
126.3898656
124.022051
118.1592333
128.8074694
127.9625913
122.707511
119.3685486
121.0044092
115.7216111
110.6128189
103.0433064
99.22646943
113.4359232
107.3323718
100.0877729
101.585558
104.0447385
102.9976235
86.24942896
96.76010286
100.2320078
107.0146442
112.3795689
98.84304053
89.38718105
81.92494649
81.53587139
77.10000462
78.0398417
80.02628053
74.41702897
72.14776641
71.12631595
73.18923525
77.62972164
71.61650951
71.06882728
68.79648498
66.04164849
65.41748579
70.78754344
73.19282829
81.58822714
80.65916919
81.49942768
82.05788904
72.17599745
72.8401969
73.74513015
73.21900616
71.15814004
69.65676185
69.58079468
66.44355588
62.68318097
61.89476494
59.13479553
59.56390738
63.43515329
64.08292741
64.50280001
65.89228061
66.31061333
65.38668829
65.51141817
63.99926086
64.293377
63.42488746
67.71087306
69.72502964
69.26871333
68.13382541
64.92729223
65.85891665
64.27284533
65.9790269
62.29769891
59.32881979
59.33754575
58.94282444
58.70003747
58.70003747
58.70003747
58.85197181
58.65127476
58.31814845
58.31814845
60.38568737
62.64314422
67.04410715
66.82698477
67.47527217
68.63274493
66.43688309
66.60832251
62.18939437
61.78286735
60.35591646
55.37698708
54.16613199
53.11799036
55.58435692
57.20687195
58.43517896
59.71276197
63.14668337
59.32368687
59.28878304
59.36013058
58.94693077
61.23364524
60.59254392
62.72321772
62.77198043
61.83368323
60.64643955
59.72610756
59.09475878
55.83176352
54.41610504
53.7513923
53.47010846
50.38265895
49.94482114
50.18709482
50.82768285
50.8985171
52.32803445
48.85048326
48.86382885
53.30174878
50.48531729
47.77719034
45.97964285
47.46716216
47.16637323
48.72267363
49.4720795
51.55399059
51.44568604
52.38346995
51.552964
52.18739253
52.85929135
52.21203053
53.5599345
54.67223759
53.81709364
52.98350794
54.66761797
56.92507481
57.50766088
54.77797568
52.75919947
51.66999451
52.84029956
54.65016605
54.65016605
54.65016605
55.13984632
53.53375663
55.92672248
57.28335241
54.27340995
54.98483223
56.59708142
55.58948984
55.06747219
55.94520098
55.92723577
59.06909419
62.32233691
62.32233691
62.32233691
63.01168765
60.02022369
56.63095867
59.92423815
57.81717577
58.34175987
56.2465032
57.66626801
59.31034129
59.20922283
61.40405808
60.46165454
59.53003013
58.95309027
58.42593971
58.96694915
58.77343818
56.70179293
57.13501111
57.13501111
59.14095503
59.0624214
59.57827955
59.49974592
58.36075166
59.08295307
59.86931594
59.5074453
60.17677766
59.39503442
59.08757269
58.0435374
58.06252919
59.38066225
56.44155404
55.63311963
56.27062791
55.20503436
55.08081778
55.41240421
55.11315515
54.27494983
54.79388772
56.20082024
53.56506742
55.62798672
56.60529409
56.29321274
54.58651788
54.84573018
54.89346631
54.36631575
54.72561993
56.19055441
57.67448068
58.37923017
57.88082394
59.80515448
59.13992845
58.53219109
57.58311476
57.96089744
58.29607691
57.370612
59.56236751
60.86150877
58.86429081
58.51525246
58.78113756
58.42850617
58.70722355
59.81542031
61.1438192
60.28046258
58.64973488
59.04086315
59.42121229
61.00882348
61.97689161
61.17256353
61.88809215
59.57827955
60.00379836
59.43815092
59.70711576
58.96284281
57.48969567
57.37009871
58.74982676
59.32625333
62.08622274
63.09073457
62.92802111
62.95522557
63.36380575
64.02287228
65.07717341
65.20652291
66.52670913
64.98375432
64.54129688
64.37447708
63.0332459
62.51379471
62.62363914
62.99320915
62.65546322
62.02308786
60.35437658
60.84457014
61.71459956
62.79045893
64.66448689
63.63123072
64.6573008
63.04145857
64.84978519
65.19112416
63.2493417
64.08292741
63.12717828
62.77711335
61.396872
60.19576945
59.0069859
59.41248633
55.83638314
57.37317846
55.30974587
56.56731051
56.31579758
58.0127399
58.91202694
57.64060343
58.96592256
57.96551706
57.71451743
57.56412296
58.33560037
58.62663676
57.84951314
57.89570939
57.37215187
57.61596542
58.86583069
57.92907335
57.57798184
55.82149768
57.04980469
56.44617367
57.80331689
58.55066959
58.91715985
61.33425041
60.60126988
58.7226223
58.38230992
59.88163494
61.37531375
61.74847681
61.18796228
61.71973247
61.34451625
61.69047485
63.05634403
64.56542159
63.76571314
62.94290657
62.94290657
62.94290657
64.94063782
63.76519985
62.1011082
62.1011082
64.7194091
63.06763645
62.49172317
61.62015388
62.01384861
62.77608677
62.20427983
63.16875491
63.42129442
63.00963448
63.27705945
63.43053367
63.00450157
62.32644325
62.20633299
61.83778956
62.30745146
60.7609036
60.23067328
61.26649591
60.79580743
61.39841188
61.88039277
60.6248813
58.95309027
59.34011221
59.04907582
59.71378855
58.86942373
59.45406296
58.87147689
59.57314663
61.23107879
61.54008038
61.29113391
61.7120331
61.29113391
61.06271911
59.87239569
59.94990273
60.83019798
61.07349824
61.41689038
61.44512142
61.92915548
62.8417881
63.09997382
62.61901951
63.21905749
63.66100164
62.67804805
62.85872673
65.10643103
64.60032543
65.28864958
64.69117806
66.02624974
64.99196699
65.37488258
65.92153823
65.01968474
64.89033523
64.69066476
66.12223528
66.12223528
66.12223528
66.63604026
65.23680712
65.10078482
66.9547944
66.88806648
66.54621422
67.03640778
66.74383152
67.74988323
67.70933318
68.393551
69.91648744
68.89760344
71.94398961
72.71495373
68.61939935
66.47640655
69.76917273
71.10321783
71.10321783
67.22170608
65.4421238
63.43566659
60.78092197
66.61961493
65.90870594
66.51439013
66.45074196
62.74272281
62.73964306
64.56644818
61.78954014
60.06026044
59.96170844
60.18704349
58.00093419
59.52900355
63.15489603
61.70741347
61.76284897
62.81766339
63.04453832
64.428886
62.74169622
62.74169622
60.66389147
63.15797578
65.13363549
63.9535779
63.23548283
64.10705211
64.0588027
64.10910528
64.27541179
64.45198413
62.72578418
60.7978606
59.89190077
58.84991864
60.01919711
56.78699935
57.24742199
55.25328378
56.48877688
55.68239563
57.72786301
55.60540188
55.83586985
55.52686825
56.21724557
58.13387674
57.90289548
56.44720025
55.07876461
54.49412538
54.73691235
55.80866539
57.493802
57.20687195
58.09845961
58.43363908
57.6113458
57.64624963
57.543078
58.69336468
58.45519733
58.60918484
59.04548278
57.84540681
59.36475021
58.68720518
56.77622022
55.77889447
54.78002885
54.6224483
55.65159813
55.36004845
53.78475626
52.5969993
53.13903532
48.21451486
48.63798051
48.96648719
48.98188594
48.81506614
49.88887235
50.85745377
50.80150497
52.34497308
52.67296647
51.89327639
50.81074422
51.27168016
51.17466803
52.03751136
51.41283537
51.38152458
50.91032281
49.96945914
50.37598616
51.19776615
50.32311712
49.72615888
49.62914676
49.26573624
48.66005205
48.61231592
49.26162991
48.92645043
49.3853332
49.97151231
51.09356794
50.51611479
50.5838693
50.55923129
50.0710909
50.34980829
49.62555371
49.34632303
49.12868736
48.86434214
48.92542385
51.35791316
50.56949713
50.43347483
50.02078831
49.47413267
49.36428824
49.34940279
49.14049307
49.44692821
50.08135673
51.43901325
50.58540917
51.13206482
52.34240662
50.76814101
49.65635121
49.54240046
50.33954245
49.52443525
50.4103767
52.71967601
53.26684495
52.27003249
49.94995406
50.00846931
49.39303258
49.76003614
48.96802706
48.38338783
49.32733124
51.27014028
51.1269319
51.24139595
52.78024443
52.93679839
53.81760693
53.15700053
53.95208935
54.26725045
53.48037429
53.62974217
52.75303997
53.07744032
54.43201708
54.39659996
54.30574733
54.01009131
54.01009131
54.01009131
53.94592985
53.64000801
53.32895324
53.32895324
52.94911739
52.41991366
52.34138004
52.68682534
52.88598252
53.32484691
53.89768043
53.48704708
54.14919336
54.09889078
53.98391344
52.93423194
52.3495927
52.63908922
53.86996268
55.11110199
55.27946166
54.89654606
54.14816678
53.42545208
54.72459334
54.28008274
55.29999333
56.40767679
57.12628515
56.98256348
55.79993943
56.11766699
56.86450639
56.9255881
56.62890551
56.97281094
56.24958295
57.34392083
56.42923504
55.73526468
54.9376094
54.68712305
55.97189215
56.5616643
55.58384363
54.68917622
55.10802224
54.66351163
54.77951556
54.82417193
53.85353735
53.58405921
53.20781641
52.91678002
51.552964
50.71886501
52.67861268
52.9732421
53.34178554
52.84491918
53.26017216
54.18974341
54.93042331
55.95957315
55.332844
55.07260511
54.24415232
55.97548519
56.15308411
55.89643827
56.76133476
56.60991372
56.54421238
55.44012196
54.90681189
55.83432997
55.77992106
55.80096601
54.63990022
55.11469503
55.40111179
56.05607198
56.05607198
56.05607198
56.94817294
56.80701772
56.85578043
57.45838488
57.45838488
56.85578043
56.05299223
55.49555746
57.26744037
56.92404823
57.65086926
57.86183214
57.36907212
57.23099666
56.74747589
56.36917991
55.87847306
56.64738401
55.92261615
54.77900226
54.89500619
54.7579573
54.55777355
55.55304613
55.08903044
55.56690501
55.08184436
54.61885526
54.23029345
54.23029345
54.25441816
53.58765226
54.76822314
53.77141068
54.43304367
54.94017585
54.11531611
54.05526098
54.22670041
53.94592985
55.21273374
54.5854913
53.68261122
53.95670898
54.28110933
54.71997372
55.96111302
57.03851228
58.01684623
57.84386693
57.37163858
56.72489105
56.82036331
55.49761063
54.9376094
54.7086813
55.11880136
54.90219227
54.53313554
54.59935017
55.23223882
55.74963685
55.98831748
56.41742933
56.39125146
55.05874623
54.7394788
53.91256589
53.35975075
51.68539326
50.95446589
49.49209787
48.08619194
47.66015984
45.62239184
47.539023
45.76303376
46.61561125
48.19654965
48.79761422
48.82892501
49.23339886
46.90254131
46.0325119
46.21473044
45.87852439
47.00673952
46.28402482
46.11771832
47.00622623
47.22026886
49.44538833
50.30617849
47.97480764
45.98734223
46.38103695
48.16677874
48.20989524
45.85029335
44.05993194
44.35815441
45.95911118
46.49498771
46.67823284
46.20754436
47.47229508
46.28915774
44.4392545
44.89043789
46.2239697
48.28791557
48.24377249
48.52454304
48.55842029
48.89000672
46.90100143
48.21297499
50.30515191
50.63879151
51.33789479
50.46427233
51.17261486
50.30823166
50.85437402
50.45246662
51.34148783
51.92458719
51.59146088
52.1642944
53.80888097
52.70119751
52.68682534
53.9613286
54.16664528
52.65294809
50.18760811
50.40678366
52.09448673
51.85323964
51.35124037
52.14530261
51.59556721
51.87377131
52.93936485
53.01584531
51.86915168
52.32238824
51.52883929
51.07560273
49.88271285
49.87706664
48.97315998
49.03937461
49.2375052
51.5098475
52.21665016
55.33335729
54.45152217
54.85034981
55.61207467
55.0792779
55.57511767
54.26468399
54.39249362
54.21078836
54.88114731
53.64616751
54.42893733
55.03667469
56.06839098
57.08676169
58.53681071
58.82425406
59.14557466
59.14557466
59.14557466
59.12196324
59.69582335
61.3783935
61.3783935
62.35467429
61.02370894
60.56995909
59.50590542
60.27019674
61.84702881
61.27470858
60.55250717
61.06015265
60.99599119
61.21824649
61.29575354
63.10202699
62.40446358
62.22686466
61.41997013
61.24339779
61.6560843
60.7547441
60.13571432
60.36977533
61.93018206
61.18231607
62.50814851
62.68882718
62.43064146
61.52108859
61.31628521
60.45292859
60.4893723
60.57714517
61.62580009
61.66121722
62.66008285
63.45773813
62.02360115
62.04977903
62.29051283
62.77660006
62.82228302
61.97945807
62.62004609
63.35713296
64.07574132
63.04248515
61.04270074
60.98418548
63.08149532
64.08446728
63.43258684
64.25436683
64.52589813
66.35937604
67.6277198
66.86394177
66.11710237
66.64117318
65.79064885
65.31174771
65.32560658
65.36615663
65.13414878
63.84937969
64.71838252
65.70954877
64.60340518
63.29964429
63.5152268
63.5152268
63.5152268
62.13344557
62.49890926
63.397683
62.81407035
62.60259418
63.92483357
63.31606962
62.66778222
63.61685855
61.80545218
62.45117313
63.12101878
63.06609657
64.27130545
63.79497077
64.54129688
64.45557717
63.85707906
61.44306825
61.44306825
60.41597158
60.65105918
60.74345168
61.93685486
60.13674091
60.18293716
60.21322137
59.14865441
59.58443905
59.68196447
61.17769645
60.57252555
60.48013305
62.51995421
62.48197063
63.8421936
62.97883698
61.88860544
60.03562244
60.03562244
58.77292489
60.52684259
59.94374323
60.72035356
60.8409771
61.10378245
61.24596424
60.47397354
62.21967858
62.07852336
62.34594833
62.35672746
61.85318831
61.1315002
60.70033518
61.44050179
62.70063289
63.14719666
64.72967493
64.58595326
64.7563661
65.81374698
65.287623
64.41348725
64.8364396
65.03816324
65.38206867
64.98837394
65.37334271
66.49129201
66.33525133
66.41378496
66.09759728
64.90573398
63.71746372
61.62374693
61.03910769
61.95789982
62.96754457
63.81396256
62.59694797
61.67096976
61.83111677
62.08622274
63.22932333
62.26074191
62.95625215
64.63009634
64.71735593
64.33854667
62.54869855
62.01076886
61.85832123
62.55947767
61.94814727
62.58052263
61.28754087
61.29626683
61.32501116
61.92504915
61.48875121
61.16794391
60.30612716
60.63155409
60.4955318
60.08849149
60.30561387
61.42715621
61.84600223
62.07441703
61.79775281
61.93890802
62.18426145
62.66162272
62.21505895
61.9281289
62.26484825
63.46492421
63.88787656
63.62455793
63.09432761
62.52354726
62.35775404
62.50609534
62.53586626
62.69447339
62.8602666
62.52868017
63.52241288
62.43064146
61.44101509
60.70598139
60.81787898
60.5879243
60.78297514
60.80453339
61.26392945
61.14946541
60.60588951
60.34257087
59.48383388
59.8842014
60.52170967
60.80555998
60.58227809
61.44974104
61.61194122
62.02514103
62.62055939
62.9901294
62.85924002
61.35734854
60.1310947
60.88152715
60.18755678
60.87742081
59.87650202
59.18458482
58.93974469
59.89446723
59.7420196
59.87342227
60.00995786
60.26814358
59.79026902
59.5936783
59.79386206
60.26865687
60.11107632
60.12852824
60.10902315
59.94784956
60.8656151
61.05347986
61.36864096
61.77568127
61.50466325
61.31474533
61.04526719
60.77732893
61.00677032
62.84486785
63.20776508
63.0702029
62.21454566
62.21454566
62.21454566
62.65187018
62.32028375
62.75247535
62.75247535
64.26155291
64.30056308
64.38166317
63.5953003
62.88182485
62.71705822
62.06620436
61.62939314
61.25776995
60.7732226
60.80863973
61.0878704
61.05399315
61.19566166
61.81879777
61.45025434
62.72783735
63.01836044
63.09278774
62.95727873
63.10972636
63.67999343
63.6815333
62.70063289
62.38547179
61.39738529
62.09084236
63.06506999
62.86796598
63.99104819
65.40106046
65.56172076
64.77946423
64.81693452
65.02019803
65.01352524
63.63533705
65.81631344
66.6334738
68.01474174
67.72883827
68.48235047
68.42948142
69.49764142
71.08781907
69.29848425
69.4807028
69.30926338
69.95652419
70.09921928
70.14592883
71.93731682
70.84246565
71.44609667
71.6113766
72.46087434
71.50666509
71.10373112
71.203823
71.10835074
70.85375807
71.79359515
71.79359515
71.79359515
72.1795905
70.95128349
70.25577325
68.10508107
67.91670302
67.98291765
69.68191314
69.40216917
68.65173672
68.35505413
67.39725184
66.45638817
66.6278276
66.9486349
67.57895709
70.34149296
70.21265675
70.11718449
69.46633063
69.9744894
68.9617649
68.77851977
68.92891423
70.04737682
70.04737682
70.69617752
69.33749442
69.04389157
69.30310387
69.45863126
69.61775168
70.02684516
69.95857736
70.44774434
71.30802121
71.2469395
70.62585656
70.5427033
70.394362
71.01595824
71.74226598
70.20701054
70.69617752
69.87747727
69.87747727
69.9934812
69.06185678
68.13639187
69.36777863
68.81496348
67.53276084
66.60318959
66.06782636
67.12315407
67.12828699
67.43420884
67.22581241
66.38966025
65.82760585
64.68758501
66.25466454
67.76425539
68.25136921
68.26676796
69.30823679
68.89195723
67.90643719
70.31069546
69.1655417
69.97038307
70.58787297
70.48008172
69.92367353
70.37383034
70.69925727
69.32671529
69.31490958
70.74596681
70.18083266
69.84000698
69.73478218
71.03187028
71.3829618
71.08576591
71.29364904
71.31931363
71.72481406
73.14765862
74.13420524
74.17167554
74.35748713
74.16397616
75.08071512
76.52460464
76.48867422
76.93677786
77.07998624
75.60119289
75.54729726
75.43745284
74.47759738
74.78403252
75.82755452
75.82960769
75.8167754
73.98175761
73.48694443
75.12229174
75.0201467
76.12834345
75.47235668
75.35583946
77.16108633
77.17905154
77.18675091
77.5024253
77.18675091
76.67448581
76.21662962
77.16057304
76.51177234
76.85054486
77.6877236
77.60200389
76.98451399
77.1754585
77.15492683
76.9342114
76.60775789
76.3172348
77.16108633
76.88955503
76.30748225
76.72530169
77.24475288
76.18583212
75.60889227
77.181618
77.19804333
77.97773341
79.26660884
80.34246821
80.19771996
80.51904056
80.58268872
80.8747517
79.9359412
79.6952074
79.53814014
79.59665539
79.58176993
80.07452995
81.46247068
80.67610781
81.84589957
81.81869511
82.43413184
82.51471864
82.62918269
83.25026563
84.47343972
84.03046899
84.70185452
84.40157889
83.91087203
83.45096268
83.83798461
83.5669666
83.81129344
84.32253197
83.65165973
84.28814142
84.72751911
85.04524666
84.59457656
82.56399464
81.91878699
81.18529317
81.86951099
82.23702784
82.08765995
81.15911529
80.41073601
80.55497097
81.8623249
81.76685265
81.39728263
82.52549776
83.17840479
83.09679141
82.77187777
82.77187777
82.77187777
84.10694946
82.84989811
83.42119176
83.42119176
83.65679265
84.80861919
85.26390892
87.24983446
88.06648154
89.6869434
89.37229559
91.088743
91.051786
91.08976958
90.86135478
91.05281258
90.70788057
90.88855924
90.73200528
89.76291057
88.2173893
86.07131675
88.55102889
89.82193911
88.99451291
87.78314453
87.39920234
87.6922919
87.69075202
89.25731826
91.18010892
90.45328789
91.67235565
92.76156061
92.84471387
93.06953563
94.32658697
94.15925388
94.15925388
94.33993255
95.18121763
