100
99.81056357
99.58373838
98.18913732
98.4496124
96.92913582
96.88925447
96.67115332
97.24070889
97.40397318
96.71103467
97.49121364
95.08213066
94.7045041
94.90889603
93.30117899
91.53144395
92.83631197
91.93648895
92.0399312
95.48717565
101.6525836
101.8096164
100.9334729
101.0493781
97.91993818
97.87881054
98.56427129
98.69887086
99.17246193
100.6879533
100.7402976
101.296144
98.94189785
98.91572572
96.39572272
95.18308034
92.49108901
91.10645829
91.26349111
90.2963683
89.71061093
89.76295521
92.39387821
92.35898203
91.9925721
93.05441312
94.32313866
96.31720631
96.22996585
96.77210299
98.01839527
98.5306214
98.54183803
98.3848052
101.7497944
100.2380418
99.00171988
99.29833745
99.20486553
98.41222363
99.42172038
100.5608315
101.1216631
101.0718114
96.54278521
96.8518657
97.04753359
97.1422518
96.87928413
97.71679254
99.51768489
99.78314514
100.0236796
100.0236796
101.4182806
100.9646302
101.2899125
101.5653431
101.6301503
102.8963833
104.0504499
105.4076622
107.0614921
106.9219073
108.0772203
108.370099
107.9750243
107.8566265
108.0099205
106.0432713
106.860839
107.9750243
109.0418505
109.2051148
109.2175777
109.3434532
108.208081
105.8214312
105.8388793
106.6327675
107.9862409
109.6388245
110.9997757
111.0508737
110.5785289
110.7056507
110.2270745
111.2278472
111.1580548
111.0571051
112.5003116
114.2015005
114.1541414
113.9958623
112.9739026
113.8924201
116.4199008
116.8548568
116.8934919
115.260849
116.3974675
117.1078541
117.0193674
117.1601984
115.2209676
115.3069618
115.5587128
114.7398988
114.6090381
114.0880879
113.8562776
114.0806102
114.8807298
115.0277923
117.0455395
117.6961041
118.6582417
118.7990728
118.9112391
118.2432264
117.5552731
115.785538
114.8819761
114.8832224
114.8533114
116.1295147
116.3688028
116.0323039
116.3027493
117.1577058
118.2207931
118.3167576
119.0096962
119.2626935
118.7729006
119.7774122
120.3170568
120.8105885
120.6971759
123.1635883
123.2657843
124.7463795
125.5153419
125.4891697
127.1654328
125.460505
127.1255515
125.9303572
125.8979536
124.1095242
124.9682195
124.7164685
124.6778334
124.5918393
124.1494055
128.3618734
127.9306563
127.5418131
127.7449587
128.2011017
128.1524963
126.1958174
126.108577
125.9178943
126.1708916
127.1803883
127.2364715
126.4500611
126.0761734
125.9340961
125.7895262
125.1102969
124.8572995
124.9358159
123.5449538
123.0526683
122.9080984
122.5167626
122.2500561
121.5920138
119.0445923
119.8796082
120.8130811
120.8990753
120.7345647
120.9863157
120.5364042
119.5219223
118.791595
117.3558663
116.5644707
117.6799023
117.9266682
117.738478
117.7945612
118.7155712
117.7322466
117.8606147
117.3022757
115.0003739
115.6609088
115.2969915
116.9059548
116.3177048
115.6908198
114.4569905
114.5043496
115.5437573
115.5786535
119.1766993
117.9117127
117.9104664
118.7666692
118.5847105
120.4965228
120.9850694
120.6734963
120.6523094
120.5800244
120.7968793
121.6281562
121.6269099
120.846731
121.4711234
123.4178319
123.7854882
125.562701
126.2755801
126.2082804
125.997657
125.2324335
127.5592612
128.2708941
127.7337421
127.7337421
128.6946335
128.6734465
127.6502405
127.6377776
127.6377776
129.9571275
130.3148134
130.6425883
131.1859717
129.7976021
128.6410429
126.3877465
126.8089932
126.4662629
125.8069743
125.2610982
126.1372417
126.3702984
126.1484583
127.2913084
127.0507739
127.5804482
128.5189063
128.4354047
126.9012189
125.7583689
126.0076273
127.9281637
128.1562352
127.5330891
127.9568284
127.6813978
126.390239
126.8139784
126.492435
124.8523144
123.9038859
125.0567063
125.0567063
123.6807996
124.7276851
125.8343927
128.7419926
128.4740397
129.2965926
128.2060869
129.8187891
129.8474538
129.6505396
128.4540991
128.2073332
126.2045415
126.6743937
125.3857275
124.3014532
124.7538573
124.02353
123.5823425
123.3580099
121.1632892
121.9958125
120.9314789
119.7150976
120.0378873
119.4409133
119.4758095
119.8509434
119.652783
119.6515367
119.1355717
120.1550388
121.0037638
120.744535
120.744535
119.7786585
119.8160473
119.9307061
118.7866098
118.7367581
117.8282111
118.7729006
120.3955732
123.0588998
123.4140931
124.1107705
124.5058451
124.437299
126.7728508
127.8982527
128.9563548
129.1333283
129.093447
129.4536255
129.528403
128.0503004
127.4608041
125.6499414
124.4684563
124.3837085
123.8777138
125.9141554
126.6145716
125.3558164
125.5614547
127.1180737
127.8135048
129.204367
129.1096488
129.2193225
131.3654378
131.5336873
131.4900671
126.1945712
126.330417
128.5276303
128.3980159
129.4573643
130.1876916
130.0692939
127.1205663
127.3448989
126.7217528
125.724719
125.4505347
126.6719011
126.0562327
124.3450734
124.5743912
125.3246591
122.9342705
122.5130238
120.3918343
119.7549789
120.045365
120.5189561
121.3290461
121.3190757
120.4703507
119.9020414
117.4331364
117.1041153
115.938832
113.4612029
113.5372268
109.2113462
103.632942
103.7787582
107.9563299
107.6584661
103.0671253
103.1643361
102.0002991
102.7979262
102.9150776
107.3331838
105.6058227
106.528079
107.3705725
108.4411376
109.5628007
111.3823874
109.2125925
109.3484384
109.1851741
106.6576934
105.4936564
107.0241033
106.9044592
106.8433909
106.3037464
105.7404222
105.9223809
106.7274857
106.7324709
107.3917595
108.5258855
111.2253546
111.7039308
111.5518831
112.3482639
111.3113487
113.2742591
113.4798973
113.7266632
116.3152122
116.3725417
115.0552107
116.493432
116.6080909
119.2253047
119.8060769
120.6161669
119.9743264
120.1238815
120.1126648
121.4686308
120.8753957
116.4834617
116.5333134
115.9488023
114.9293352
114.9692166
113.4761584
113.2991849
115.482689
115.3019766
114.6364565
112.224881
112.1887385
110.817817
113.3415589
115.6172886
117.2162816
117.6562227
117.9353922
116.3800194
115.9326005
116.3214437
115.968743
113.8450609
112.8143772
113.8201351
114.1292156
113.6631023
113.9235774
114.2874947
115.7219771
117.0455395
117.1265485
117.0804357
117.3434034
118.4625738
119.0657793
118.962337
118.5373514
119.7799048
120.390588
120.9900546
121.0910043
119.5568185
119.0720108
120.2522496
120.1600239
120.6311224
120.1213889
121.7590169
122.5753384
123.6533812
123.7019866
123.1810364
124.0721354
123.1822827
123.6845385
123.9898801
122.6015105
120.7669683
121.089758
122.5691069
122.4295222
123.5362297
124.1880406
124.1880406
123.7443605
123.7156958
124.1543907
126.2556395
126.2556395
127.9231785
128.2958199
134.3390912
136.8079962
137.2828336
135.9069269
135.9343453
140.8522147
140.2689499
141.9364889
143.160348
143.2949475
145.4410628
146.3857524
145.3450983
145.5071163
145.2366709
143.147885
143.2625439
145.1456916
145.8411227
146.145218
153.2765024
152.4153144
154.7782846
153.2951968
153.389915
152.895137
152.0576286
151.2500312
150.8823749
150.9770931
157.5836885
160.4252349
158.9733044
158.4835116
158.1033924
154.3009547
150.5172113
152.1997059
151.598993
151.4955507
148.5555472
152.8565019
153.2951968
153.743862
154.2024976
153.6678382
151.4083103
149.3332336
146.8580972
146.9366136
147.1547147
143.7722775
143.0805853
144.9475311
144.5350084
143.7560757
144.5786286
144.3044443
144.606047
144.606047
144.5773823
144.5985693
146.7945363
146.7683641
147.5547745
149.8504449
150.3265286
148.3823126
149.7794063
149.1313343
150.7901493
151.3696752
150.1769735
147.6868815
147.7653979
146.7883048
146.7534086
147.4102046
148.2539445
147.7903238
147.9274159
147.9909768
149.211097
150.2081308
150.5209502
152.3567387
152.2445724
151.2774496
152.6708044
153.176799
153.2316359
154.3271268
153.9582243
155.1633889
155.1035669
153.8585209
154.9602433
155.7217279
156.6763877
156.8807797
158.4099803
158.8711085
160.898826
161.0421496
161.2540193
164.9231038
166.5619781
166.7451831
167.9453625
167.7347392
172.0930233
172.0693437
172.0232309
170.7507665
170.9688676
174.7451332
174.2927291
175.6075675
176.6394975
176.8339191
175.8393779
173.2308881
172.3210947
171.7153967
171.2629926
171.8138538
174.2279219
175.7421671
175.8780129
175.8780129
179.5109549
180.9616391
180.9416984
178.8155238
179.8487001
181.3043695
181.6383758
179.6443082
180.9117874
180.0543383
178.475286
177.3573618
177.9792617
179.537127
179.4536255
181.2694733
181.7318478
180.9815798
183.0628879
182.9220569
185.5255615
185.3722675
185.9393305
185.5043745
185.5853835
181.5885241
181.2632419
178.3780752
179.9384332
180.1665046
176.129764
176.9386076
177.6726738
176.8339191
176.6046013
172.9080984
171.4711234
172.0842992
171.614447
171.4985418
167.5365787
169.8322491
172.1553379
170.5563449
171.1558115
172.4432314
175.6063212
174.2889903
172.2076821
172.5067923
172.1179491
171.170767
170.2472644
169.0308831
169.8983025
171.0498766
172.4818664
171.3913607
171.6269099
172.1964655
175.7820484
177.7349884
178.2858496
178.1948703
177.8907749
180.6550512
180.5565941
181.2794437
181.0862684
181.1398589
181.5822927
182.1132132
181.4327376
181.1311349
180.3322615
183.2772502
183.0903063
183.4454996
182.4609287
181.2557641
171.1570578
157.36808
168.9847703
163.8064259
163.8874349
169.9494005
169.5119519
169.4022782
168.1260749
167.3284479
164.0070789
163.5783544
158.4174581
158.9820285
160.2445225
163.9572272
162.5090356
161.657818
164.2575837
163.8712331
162.8579975
165.0128368
165.8179416
167.6375284
167.3234627
168.8738503
168.2718911
167.8257185
167.8456592
167.9702884
169.2190733
169.8870859
167.2374685
164.0768713
162.7159201
162.6997183
162.4355044
162.4193026
161.0645829
161.3699245
160.0650565
160.2594781
158.5445799
158.5445799
158.9197139
161.4098058
164.4283257
167.0667265
167.0667265
168.0525437
167.4119495
167.7870834
164.7012637
163.478651
162.6124779
153.2391136
156.4433311
156.3884942
153.2902116
153.9183429
157.1188215
159.2798923
158.9097435
156.0781675
156.0395324
153.0085496
153.470924
154.1651088
155.837633
155.0350208
159.2861238
159.0755004
156.6041028
158.4498617
158.630574
156.7972781
155.496149
152.0302101
152.1286672
152.3143648
151.14285
152.1797652
153.7039807
154.4305691
154.9477804
158.9720581
159.521673
160.8290336
161.1518233
161.2864229
164.7112341
162.9975822
162.5289763
161.3238117
162.1887385
165.3593061
166.2391884
167.9154515
167.68738
167.7172911
167.68738
167.8331962
167.9590718
168.0687455
168.3952741
169.6029313
168.7903487
169.3835838
173.3729654
172.3098781
172.3547446
173.3929061
173.7942122
174.0210374
174.0285152
177.9767691
177.8321992
175.7608614
178.6397966
178.6397966
180.3796206
179.3601535
178.9588474
178.8878088
178.9027643
181.2420549
181.8203345
180.296119
179.1943967
179.1158803
174.7027593
175.9627608
176.5360552
177.3262045
177.1866198
183.1476358
182.6129764
181.5648446
182.108228
182.513273
183.9066278
185.6040779
186.0851467
185.7760662
185.29749
184.6967771
183.6648471
185.2276976
188.5428351
189.1373165
192.8998729
192.034946
187.4249109
187.4535756
187.5968992
186.4690047
189.7031332
191.9202871
190.7338169
190.9544106
194.8391037
195.2703208
193.8208829
192.2555398
192.0847977
184.3316134
185.5143448
185.8333956
185.4420599
185.3959471
185.4295969
184.9472818
187.412448
186.8939904
187.664199
186.704554
185.7673422
184.3814651
185.9617638
185.9617638
185.6290037
182.7749944
180.7086418
180.8606894
180.8058526
181.0875146
181.0800369
180.4693537
179.2130911
178.8092924
179.4336848
181.2919066
180.8183155
182.1493557
181.784192
182.5544007
182.5531544
182.1393853
181.622174
181.127396
178.4391435
177.4259079
174.1008001
177.1180737
178.1437723
187.237967
182.0122635
183.8293577
180.2001545
179.9820534
179.8063262
181.9088213
181.1498293
180.539146
180.458137
175.4268551
176.1148084
172.2438246
166.2092774
165.755627
164.4058925
163.295446
163.3951494
160.6582916
160.1161544
165.2371694
169.0832274
167.7634039
164.5716493
164.5367532
169.6802014
168.1771729
169.5543259
164.3498093
164.5866049
163.4076124
164.5579401
166.1855978
164.0905805
163.802687
161.8734266
161.4783519
160.8452354
155.0499763
155.445051
154.2099753
151.9541863
149.6360827
141.6735213
139.5124505
140.2814128
145.9046836
146.5689574
150.3290212
150.5944814
152.5312196
155.445051
154.6249907
156.3909868
156.101847
158.5296244
162.344525
163.9422717
163.6568708
164.876991
164.0083252
164.5841123
166.0372891
165.9213839
166.0023929
162.1912311
160.0002493
160.9860665
158.8910491
158.8611381
161.8335452
166.2977642
167.6724245
168.3192502
168.6607343
170.0191929
170.147561
171.6767616
174.2353997
174.7139759
173.5835888
170.7582442
171.6879783
171.9696403
173.8577731
176.1758768
176.999676
177.1679254
176.2556395
176.0300606
172.29243
171.8200852
172.3834094
171.6381266
170.4977691
175.6262619
175.5539769
175.6997931
177.950597
177.950597
177.3349286
175.5664398
175.7571226
176.2232359
176.2232359
180.9554077
182.2029462
185.4333358
183.1438969
184.5011092
186.1723871
183.7570727
176.7703582
177.5866796
178.7706573
180.3659114
181.4850819
184.2942247
180.3646651
179.9808071
177.3212194
177.545552
177.1517236
177.1043645
178.7469777
180.9180189
179.0585508
178.3282235
174.9719584
174.2852514
173.4938558
173.2022234
170.4018046
171.0660784
170.3295197
171.8724295
174.0659039
172.0805603
172.667564
173.840325
179.669234
180.5229442
181.6234203
180.8856153
180.6974252
181.1136868
181.3978414
183.9676961
187.7015878
188.0941698
194.0128119
192.9385079
192.3689524
192.5222463
192.5172611
193.3834343
192.8886562
192.8998729
190.7138762
190.853461
191.7470525
191.1899599
190.994292
194.5611805
194.7207059
198.0246267
198.3910367
199.0091976
199.2559635
199.2559635
201.5017822
201.326055
201.3983399
203.3039208
204.443032
201.2786959
204.5352576
206.3124704
208.1557367
208.7439866
211.2116454
210.3903387
211.0733069
212.5451781
212.63865
212.6635759
209.0767467
205.6806002
206.0681971
205.3964456
210.4476682
211.7051771
209.5266582
213.3203719
214.7000174
214.6028067
216.2479125
216.778833
217.5552731
217.6599616
218.8190134
217.4119495
217.8356888
217.8207333
217.7571724
211.922032
206.8209577
208.9209601
211.4397168
211.7263641
209.9379346
209.5989431
204.796979
203.897156
204.7695606
206.911937
208.2292679
211.8298063
211.5955034
211.2303397
213.7416187
211.1468382
213.538473
217.5029288
218.3416835
221.0810339
219.3100526
214.7698098
213.0324784
213.3029238
215.5175852
215.4278521
215.6982976
221.0748025
220.7308258
218.5884494
219.6639996
219.469578
220.7071462
220.8778883
221.5733194
218.9274409
218.8077968
222.4282759
222.7099379
225.0155787
222.3921334
220.3756325
219.3574117
218.8900521
216.0896333
215.2645879
215.1511753
212.2871956
212.2647623
206.5106309
207.9463596
204.097809
199.0690197
199.270919
202.5835639
197.4999377
198.6128767
200.3826117
201.002019
204.3059398
203.2902116
202.033949
197.4239139
197.4301453
201.4120492
201.3148384
197.3304419
197.2569107
197.4426082
198.9269423
196.3122211
198.2589297
197.8813031
199.1325806
201.7173908
200.3178045
200.0124629
201.9691418
203.1057604
204.3969192
206.7661208
206.9530646
207.5699793
208.6841646
209.146539
206.4208978
207.3481393
204.8979287
204.2548418
202.9262943
201.0493781
201.193948
202.0813081
201.6002393
204.93781
207.6347865
206.7785837
207.4553204
206.0021436
206.353598
205.4624991
204.4878985
205.1496797
203.522022
197.9087216
199.697151
201.1378649
201.0842743
203.116977
204.2199457
206.0245769
204.2884917
207.8740746
211.4883222
217.1938483
217.9017423
220.219846
221.2019243
224.3600289
221.554625
225.3620479
226.4700017
228.5313692
226.6095865
226.8339191
230.0219347
228.2659089
227.9144545
229.1819337
232.8634811
230.7173658
233.6461527
235.0606944
238.7447344
236.9338717
235.6078167
236.542536
242.0212368
244.162367
247.117326
247.134774
250.5396446
259.4232159
260.46387
268.5660161
265.0639348
264.2700466
262.1201924
262.9913507
261.2727137
262.8555049
263.1234577
265.9263691
265.9263691
266.6566963
266.5844114
270.5688078
275.1127895
276.5547496
287.8486503
273.2371196
268.5585383
264.8495725
266.6990703
283.2485855
280.6812234
278.5625265
282.3824123
293.2725143
298.6066452
300.2766769
298.9007702
304.524041
305.4699768
304.7197089
303.146888
301.0929983
289.9847952
282.9419976
274.4360527
283.9789127
293.44201
304.5215484
302.0688452
307.0290885
308.4735412
310.7417932
325.0978339
323.2670306
321.4561679
324.7064982
328.5812209
335.5641965
341.0117401
342.4723946
338.5042
344.9151275
346.0118647
351.304868
345.1581545
346.1128144
355.4413121
357.9089708
363.7079688
369.3835838
371.7627558
381.3878711
384.5023555
388.5714998
373.8490491
364.3385927
343.5292505
351.5516339
358.792592
340.4222438
351.7846905
347.1846257
344.4066402
343.7760164
337.5931603
333.4442533
314.6912934
311.6054737
311.8971061
286.3132182
296.5427852
289.3853286
304.93781
314.6601361
317.7933149
307.9027394
304.1165034
302.2956704
289.9661008
281.2707196
295.2341783
289.9100177
288.8232508
288.8232508
282.4584362
296.5128742
296.5353075
305.7491463
304.1750791
309.2811386
306.1554376
299.8566764
307.8778135
307.5076647
311.7076697
303.7999452
299.4429074
305.3989382
304.3944266
309.6649966
317.4929584
317.5552731
314.8022134
307.7469528
303.3936539
296.4929335
290.7375558
299.910267
300.9073008
303.4771555
321.5097585
323.0863182
334.8575488
353.0235051
341.5252125
337.2466911
343.1491313
345.6230215
345.9009447
343.9330492
351.1266482
347.4862285
342.6942347
344.0738802
345.9944166
345.7975024
350.5097335
345.2815374
343.3148882
346.0679479
345.5619532
344.4215958
339.3753583
341.3631945
349.4105038
350.6854608
346.7272365
349.8666467
354.9876617
348.3972681
345.2890152
358.024876
361.6017348
361.2415564
372.4295222
365.7369326
350.9932949
357.6235699
359.8494479
355.7628555
355.0587004
357.70084
353.4036242
340.2664573
345.8149505
341.702186
342.9696652
338.1652085
344.8615369
357.1973379
359.5378748
361.3437523
357.7768638
353.7089658
361.7724769
364.1466637
365.3979411
365.4801964
366.1070814
369.2228121
371.3215683
375.0916025
380.8806301
379.8661482
384.943543
390.12438
387.7028341
390.862185
393.6090132
394.444029
398.3436776
388.5926868
396.5004113
389.254468
380.3322615
382.0334505
388.9503726
394.9612403
391.6785064
387.5931603
392.0573793
397.6881278
387.2828336
388.0443182
395.1556619
389.9075251
389.6395723
398.04706
401.6264114
408.8225031
397.2818365
390.8310277
394.6409432
391.8816521
394.3904384
376.6743937
367.0131359
335.8682918
346.5552481
356.4620255
360.787906
373.0414517
383.5352327
383.9527406
375.1763504
368.4825145
356.9829756
345.2229617
354.8156734
343.9928712
358.3414342
354.6274832
364.3460704
365.7032827
376.9523169
379.7003913
373.0701164
367.4618011
351.2600015
344.0651562
348.2265261
352.682021
342.8487749
346.0355443
326.219497
330.4681074
307.8890301
307.5363294
320.4753359
333.4367756
316.0435205
312.284703
308.2068347
310.7168673
317.5390713
343.6999925
351.0419003
347.0413021
365.8166953
364.3871981
353.90588
354.6125277
346.102844
347.5709763
357.397991
338.5615294
326.6021087
320.258481
343.7610608
347.7629054
343.8158977
338.7871084
345.9657519
339.2656846
337.7564246
310.5909918
337.9034871
336.4303697
317.3920088
306.0881378
311.3175802
317.5315935
321.6294025
321.9559311
324.7700591
321.443705
329.8000947
340.1156559
350.3464693
341.2198709
343.0319799
340.1393355
337.8810539
348.6577432
353.7700341
352.5823176
342.0673496
345.2528727
331.0264463
336.1075799
337.2678781
332.705202
328.2858496
318.9249483
322.9006207
320.9800842
329.5770084
338.4842593
331.2607493
328.7793813
328.2596775
317.9902291
302.5324659
309.7173409
315.2271991
305.0175727
291.4604053
299.4429074
289.932451
282.9282883
292.3053915
296.0018944
287.7302525
287.4261572
276.2431765
282.2802164
274.7887535
269.3736135
261.4484409
258.0709888
249.6298512
249.6286049
250.3115731
251.1827314
252.3866497
255.7080186
248.4471198
236.1611705
239.6146464
235.6240185
223.9662006
225.8306538
239.2818864
237.0497769
243.0780927
256.3037464
263.9173459
265.9163987
265.9163987
264.3086817
265.0103442
278.6684613
290.4995139
283.3669832
280.1079289
265.8977043
269.2502306
264.2949725
267.6612079
269.1517735
273.3206212
281.7044293
275.238665
274.7438869
272.1129639
276.8575986
269.3137915
267.1988335
262.4591839
257.3817892
256.9156759
254.0454647
262.101498
260.7143747
270.0341484
273.3791969
266.9321269
270.9913009
268.8252449
268.8252449
265.3443506
256.2651113
256.3074852
258.046063
251.0855206
249.6385752
252.6334156
255.9834492
254.3557915
246.9839727
244.3605274
242.9908522
243.4008824
243.8607642
242.3315636
245.0248012
247.9972083
247.2269997
247.5959022
247.1484833
250.3676562
254.6873053
253.5805977
254.7932401
257.1661806
246.9578005
247.0014208
246.6050998
244.2184501
244.8229019
243.1715646
238.1128642
249.4703258
245.962013
244.5487176
247.8813031
241.2099005
243.5691318
237.2167801
239.638326
240.5755378
243.9766694
251.377153
255.0026172
254.2648122
256.0333009
259.6924151
258.8586455
255.4674842
255.8824996
253.0733568
250.6829682
250.2205937
248.2526982
251.0144819
248.7873576
245.1020713
244.7281837
241.6261622
239.7766644
239.5971983
240.3063386
236.0016451
238.879334
239.9486528
236.2833072
233.0267454
229.6256138
230.3509559
228.8890551
224.9632344
225.2137391
224.2279219
224.6703557
225.379496
221.7054264
216.9433436
219.3623969
219.3623969
215.1661308
213.1683242
209.5503377
196.7023106
194.5524564
196.8905008
193.301179
189.7392757
188.372093
190.4297216
190.5543508
193.5541763
198.4147162
201.3447494
200.545876
203.0484309
201.1453426
205.283033
213.0200155
212.9863656
207.6397717
214.2064857
209.3534236
211.423515
208.7751439
210.404048
210.1834542
212.3407862
212.6885017
210.9274907
208.3638675
204.7645754
204.5801241
204.818166
204.8979287
212.0778185
214.0519455
213.0299858
213.6032802
216.3999601
218.4201999
227.11932
224.398664
222.9891074
221.6917171
227.9181934
220.8267903
220.9613899
222.3547446
222.4606795
226.4363519
226.7927914
224.1843017
227.4632967
225.1439468
218.7542062
223.5399686
229.1270969
229.0386101
227.1604477
227.5044243
229.2442484
231.754281
228.3394402
225.8306538
232.7563
235.5990927
233.1588524
226.9921982
229.3526758
236.056482
237.7639024
240.7799297
240.8061018
242.3764301
243.1665794
245.3725168
250.8636806
255.5098582
259.3172811
265.5412647
261.6715272
261.2976395
259.240011
259.4979935
255.9684937
245.7675914
237.9633092
236.4366011
238.0044368
236.7382038
236.0776689
234.5210499
238.8008176
236.1025948
235.3049677
233.6149954
228.8130312
237.451083
236.3182033
233.2012264
228.3394402
227.6614572
225.3234128
228.3057903
222.5379496
220.795633
223.0352202
220.8355143
219.1218625
216.3625714
212.1762756
211.8946135
208.9957377
210.3741369
212.5588873
214.2613226
214.0656547
210.2195967
214.7785339
222.4781276
221.2841796
218.4924849
220.3220419
223.1224607
224.9707121
219.2602009
216.1332536
217.4680326
215.4565169
221.9858421
220.8616865
215.1574067
218.1672026
215.6098108
216.4373489
213.0424487
213.2680276
212.3794212
212.3794212
203.2303896
200.1670032
198.9493756
188.1091254
188.5191555
190.5319175
187.8611132
189.5523318
188.6051497
189.2444976
190.1804631
190.8584461
189.4102545
190.8235499
190.4110272
188.6014108
185.6476981
183.050425
183.3046686
180.863182
178.7980757
180.0904808
180.2612229
181.5087614
180.8307784
182.1605723
184.760338
188.9752985
186.2907849
184.6257384
186.1611705
192.512276
191.1413545
192.3228396
193.160348
194.2271742
194.4577382
191.7956579
193.2052145
193.0257484
193.3934046
193.5280042
190.8148259
190.8422443
189.4825394
190.9980309
193.190259
191.7595154
190.2689499
189.8564271
186.0427728
182.5506618
180.5266831
181.5249632
181.7293552
183.3707221
183.9739276
181.6707794
177.9418729
177.0570054
173.3904135
174.5706523
171.2791944
176.684364
176.7890526
174.2864977
172.6202049
175.3408609
175.9527904
176.2643635
176.5098831
176.4238889
174.6217503
168.3753334
168.5622772
175.2424038
174.9520177
178.223535
177.8920212
177.5218724
175.370772
171.098482
170.0204392
169.5082131
170.6622797
180.0680476
181.9811062
180.3696503
179.255465
179.1432987
173.8951619
176.5684588
178.1275705
180.3758818
179.822528
178.8180164
177.9356415
181.0738054
182.5257359
183.0554102
186.1935741
184.7964805
187.4074628
186.1337521
185.6975498
187.2130412
185.8047309
182.5868043
181.4202747
180.1540417
180.2188489
176.8438894
178.8728533
178.1861462
180.1802139
182.8996236
185.0183205
185.7037813
183.0379621
183.4205738
182.0895336
184.9971335
182.2926793
178.7756425
178.3456716
176.1733842
175.2349261
176.9348688
176.5634737
175.0916025
171.8799073
171.5309454
171.0959894
170.8392532
170.8105885
167.2250056
165.9812059
165.0938458
167.9166978
169.9419228
169.5642962
172.7236471
169.601685
173.0476831
167.0804357
167.8419203
167.5951544
168.2083302
170.0441187
171.1109449
168.2070839
167.8444129
174.6043022
173.3530248
174.6379521
178.5226451
178.7395
181.6707794
179.4237144
178.5724968
175.1227598
173.8789601
173.32436
176.8750467
178.0415763
181.2059124
179.1208654
182.018495
187.2217652
186.5786784
186.5026546
186.5911414
190.397318
192.2380917
192.1184476
194.5325158
189.527406
187.7813505
188.0517959
187.4598071
184.1558862
185.6364815
185.3747601
186.2396869
184.7628306
185.6801017
183.9963608
183.0242528
183.809417
184.4076373
178.0752262
177.3473915
175.9241257
176.5672125
176.1708916
174.5070914
174.6641242
176.0051347
178.8067998
179.9920237
182.543184
181.3517286
182.0384357
182.2926793
182.3437773
179.6679877
180.0543383
179.5446048
179.3265037
177.4558189
176.9635335
176.6133254
176.492435
178.7282834
177.2838306
176.3528503
176.5933847
177.2950472
175.5813953
175.1888133
174.7862609
171.9646552
169.7325457
168.3242354
168.1908821
167.6499913
169.9892819
169.8945637
166.1020963
167.1352726
173.9998504
176.957302
175.4791994
175.3209203
175.3209203
173.9624617
172.9342705
171.8412722
175.4580124
175.8007428
176.6644233
175.6462025
173.4315412
174.7438869
174.7426406
172.3559909
171.6368803
171.6381266
174.4385453
174.3525512
179.7365338
180.7771879
185.0457389
184.7877564
184.922356
183.4355293
184.6332162
191.1700192
190.5319175
189.3367232
185.0706648
186.9899549
193.1104963
195.6479474
195.06219
197.0437947
196.639996
198.2277724
197.1509758
197.2868217
199.8915726
203.3188763
203.2378673
204.3844562
204.3844562
206.3548443
206.6651711
206.7050525
205.3864752
204.0242778
204.929086
207.0926494
207.0677235
207.1562103
209.4967472
210.46387
210.4663626
211.1381141
210.5884992
211.6515865
216.9969341
214.4682071
214.4220943
215.0003739
214.6327177
209.3459458
206.6252898
204.5689075
207.5213739
207.7170418
215.6297515
217.5066677
223.7618086
223.7281587
224.155637
226.0313069
224.4734415
221.9970588
223.0738553
223.6683367
223.2570602
223.6272091
225.2124928
228.9164735
227.2788454
238.3035469
240.7275854
239.689424
242.2667564
241.7969042
236.6297764
232.7164187
235.165383
237.0996286
237.8698372
241.8155986
241.480346
243.9293103
242.6904958
242.6904958
244.7294299
241.8567262
243.4656896
241.4853311
241.9352427
241.8991002
240.8285351
242.6593385
240.3312645
240.6166654
231.2719659
230.4843092
227.6951071
228.0178968
228.6535058
234.8326229
238.606396
236.1025948
234.8076971
234.0275181
230.9691169
231.2196216
225.9353424
226.2369451
225.4891697
224.3276253
224.5432339
228.3992622
229.0859692
228.901518
232.0309579
233.8829482
231.4676338
231.7879309
231.9437174
234.2406341
233.8667464
234.5247888
236.7793315
237.6741693
236.5051472
239.9187417
246.3010045
248.7873576
248.2651611
247.4313916
246.9253969
243.544206
242.0586256
241.8006431
242.9696652
242.593285
243.1117426
245.0796381
244.7194596
243.4644433
243.6576186
243.8358384
240.2789202
239.1784441
237.3289464
235.6402203
239.1074055
241.1027194
243.169072
243.5791022
239.6969017
238.4294225
239.9997507
240.3599292
241.6847379
242.1608216
246.2636157
247.0936464
245.8947132
244.8877091
246.5228445
242.7353623
240.192926
239.5386226
241.8928687
248.5056956
253.6229717
249.816795
249.1176251
254.8119345
254.1003016
255.0985817
254.4255839
254.4854059
253.8871856
251.2163813
254.5452279
256.5355567
255.1235076
253.2341285
254.7957327
253.9295596
250.0859942
250.6580423
252.4115756
253.8423191
256.4096812
259.5590618
259.8182906
260.9411999
260.4077868
261.7114086
257.1724121
256.0744286
251.2699718
252.3417832
249.5538274
253.9856427
253.5444552
253.5893218
253.035968
252.1685486
252.6583414
251.6937112
250.4586356
248.1567337
248.8010668
248.4707994
248.533114
253.7800045
253.227897
255.0163264
255.0163264
255.4176325
263.7054762
266.0684464
264.0893342
266.1257758
266.3214437
267.6138488
270.3843565
270.9289863
270.9850694
273.933797
277.7312495
281.3978414
275.157656
274.4235898
274.4846581
281.8714325
282.5631247
281.6745183
278.8990254
278.9924973
280.3609262
280.935467
282.6092375
286.2708442
289.3217677
293.7635534
293.4769062
295.6304993
294.989905
294.1972631
296.277325
298.3773275
291.6909694
293.6426631
292.7079439
290.0545876
288.3259802
290.5393953
290.3300182
290.6042025
295.0721603
296.4044468
293.301179
293.8757197
293.3248585
293.1840275
290.4347067
288.5490665
283.5551734
284.163364
285.1167776
284.2904858
286.7593908
286.8865126
286.478975
281.7044293
281.3903637
279.5458511
282.7762407
282.8684663
285.6850869
285.2513772
288.9167227
289.5436078
290.1792168
294.3754829
293.2126922
293.9243251
295.019816
295.019816
295.7090157
294.414118
288.018146
288.7970787
286.7992722
293.1291907
297.4052195
299.1637379
300.2280715
301.6563224
299.2970912
299.808071
301.5242155
297.0737057
294.4278272
289.041352
292.4811187
292.0374386
290.8185648
291.1712655
284.0786161
287.8673446
287.7987986
288.3558912
286.713278
285.9231287
287.9234278
291.4990404
288.798325
288.819512
293.6052743
294.2558389
294.6297266
295.8635559
295.7065231
294.8602906
296.0504998
298.3686034
296.9415987
297.2145368
299.7856377
300.5508612
299.3868242
299.2509783
299.2509783
297.7716294
298.7836187
301.7560258
302.2184003
302.2906852
305.1347242
305.8226775
306.8533613
307.1238067
307.7693861
305.0138338
306.1940726
307.9663003
305.5435081
304.8941898
303.4360278
301.1229093
301.9816047
300.8138289
301.3160846
297.3715696
294.9948902
294.4465216
292.4038486
291.9439667
287.6218251
290.994292
291.1737581
286.6709041
285.1828311
278.4852564
279.9496498
269.2539694
273.6733219
273.9861412
272.9803834
269.6303497
266.808744
271.017473
269.4932576
262.911588
260.6371046
253.1157307
250.3826117
250.6580423
251.7161445
258.0809591
257.5936589
261.0645829
261.1655325
260.8439891
262.7059498
263.0262469
264.8919465
265.4216207
263.6070191
259.9491513
256.1030933
255.2431516
254.1264737
256.2676039
259.2125925
261.8684414
262.1650589
263.8637553
264.5492161
264.6015604
263.6207283
264.1454174
264.1092749
266.4423341
266.65545
264.8121838
256.8919963
255.7740721
256.1043396
254.1713403
254.4392931
254.7521125
257.5849348
263.7291558
262.4666617
262.9178195
262.2074329
261.0284404
255.253122
252.3417832
253.1855231
251.4058177
250.677983
251.7622573
251.9728807
251.9180438
255.9086717
254.3333583
253.956978
256.1292654
258.9371619
259.2948478
258.9234527
262.9215584
256.3336574
258.6492684
260.8801316
261.7463047
260.2270745
262.7445849
263.9622124
269.2240584
269.9531394
276.1035918
276.159675
278.5500636
280.995289
279.8387298
277.2775991
276.9722575
277.2177771
280.1515491
279.9047833
277.7748698
276.7317231
279.0411027
281.1236571
281.2931529
287.4959496
287.0647324
286.1998056
287.2815873
287.1669284
293.9293103
294.4726937
294.3792218
292.9920985
292.8550064
293.8632568
292.1732845
293.6127521
294.9076497
294.9076497
297.266881
296.1190458
296.9266432
297.9199382
298.15798
300.324036
295.5544754
288.3396894
289.8339939
290.2764276
293.706224
293.8109125
295.9483038
294.0115656
294.8553055
289.071263
289.8825993
291.9913258
293.250081
293.7797552
292.290436
290.1218874
292.4674095
290.5132232
289.4501358
297.9398789
298.6714524
301.923029
303.927067
305.0861188
304.7658217
305.4300955
303.1394103
301.3734141
302.1336524
306.2975149
298.584212
297.8800568
296.1664049
296.5490167
292.3215933
288.8930432
290.5057454
291.9514445
291.9776166
303.7413694
303.9195892
301.6475984
303.3151375
303.2141878
304.5851093
305.5235674
305.1932999
307.2708692
306.8832723
308.8312271
305.4924101
301.1677759
302.0800618
301.8195867
300.7402976
299.1151325
294.8353648
295.7675914
295.7675914
302.0027917
301.2064109
298.9481293
302.6570951
302.8988758
300.1595254
304.1364441
306.4445774
309.0730078
308.3638675
311.0645829
311.6166903
310.8489743
310.4190035
308.306538
306.5866547
308.7950846
306.5941325
308.408734
307.6522346
307.0976345
304.4766819
302.7057005
302.8340686
303.7127047
306.9904534
302.9524664
307.5674867
310.4750866
310.6757397
313.4836362
314.1541414
315.0714125
314.5367532
314.9218575
317.9528403
318.7255415
319.4022782
320.0216855
320.126374
317.0667265
318.3815648
322.0506493
324.8797328
324.8697625
324.7563499
322.6575937
323.6234702
325.9864403
325.247389
317.5727212
318.2482116
320.2534958
319.4683317
318.9075002
319.2464917
318.7330193
318.3229891
318.0699918
317.68738
312.1339016
313.2804905
313.2730128
308.6966275
307.6098607
302.925048
306.4994142
308.1856477
306.0831526
306.2414317
305.9734789
304.2660585
306.3772776
302.0775692
301.9354919
310.1336025
308.3863008
307.9500985
307.9451133
307.9451133
306.2750816
311.8671951
316.5981206
316.2965179
316.1257758
324.0559336
321.0261971
322.6276826
321.716643
321.3701737
319.2390139
326.5310701
325.3234128
324.8610384
324.8186645
323.7530846
321.5969989
323.6770607
323.2495825
323.3517785
327.7511902
325.682345
328.1225853
332.1518483
332.0795633
331.6483462
328.2085795
324.5158154
324.6317206
323.9013934
324.2815125
326.138488
326.2992597
329.0735063
328.8092924
331.6259129
336.3543458
334.7615843
335.1217628
335.5754131
336.6771355
337.6230714
338.6163663
337.766395
338.4306688
337.0285899
337.9034871
335.6152945
334.1471622
334.5995663
335.4457987
337.0422992
340.0284155
343.2139385
344.8802313
346.0243276
345.7900247
344.3642663
344.7244448
344.0215359
347.2544181
344.1386874
342.734116
342.6954809
343.9941175
342.4001097
342.3303173
341.6361325
349.4453999
349.8716319
357.4154391
357.8940153
360.6221491
357.4677833
358.2554401
358.481019
362.6573444
362.062863
363.8487998
364.5417383
364.5579401
362.9016177
368.0213864
367.1527207
366.7389516
369.7674419
370.2971161
367.9902291
373.4701762
373.9138563
372.2762282
374.9981306
380.5914903
380.2749321
380.5154665
380.8743987
381.0625888
380.7908971
379.7976021
379.7814003
383.6349361
385.459508
387.7801042
392.0449164
391.9227797
393.6887759
391.5763105
391.8305541
397.3815399
396.1576809
392.8899025
391.9738777
398.2477131
399.3195244
399.3768539
398.4084848
397.82522
391.9738777
393.4744136
392.3490117
398.7836187
398.976794
399.8529375
390.8696628
392.6094868
395.8697874
396.2013011
398.4558439
400.4087839
400.1009497
402.1249283
396.6499664
396.1639124
399.232284
397.5273561
395.9931703
394.0078267
395.4236147
396.4131708
397.4114509
392.3739375
394.7718039
397.1833794
394.6883023
394.5861063
386.2384406
382.5157656
381.217129
383.45547
383.5227698
387.318976
383.9303073
382.6167153
383.0267454
382.9133328
383.101523
380.5478701
380.4743388
383.0155288
383.5177846
390.8285351
386.9712605
391.7358359
394.5013585
394.58486
390.6154191
385.0557093
384.2331564
383.6299509
383.9602184
387.8162467
388.4730427
388.9590967
392.1358957
392.5372018
394.6471747
392.6655699
394.435305
393.9866397
393.4818914
391.9701388
391.2659837
387.1931005
382.6628281
382.300157
385.0868666
387.9844961
386.9936938
385.7511404
385.5243152
379.2118448
376.726738
376.6295272
376.8551061
376.8551061
379.9758219
380.7348139
380.8731524
380.1203918
380.0169496
379.2517261
379.4299459
381.370423
383.0454398
382.8796829
388.4668112
388.5901942
388.2798674
395.0634363
395.4173833
397.1796406
396.3707969
380.620155
378.3394402
377.9904783
373.2932027
375.5215733
373.2956953
373.2171789
373.6259628
358.7601884
363.9422717
360.1261248
356.8994741
357.0253496
368.7118323
362.5713502
359.2250555
358.3214936
358.2541938
357.8852913
348.7948354
352.5873028
351.5665894
351.2786959
347.0550113
343.3585084
344.5524564
344.8291333
344.6982726
341.6112067
339.971086
336.44034
322.3385428
322.0618659
325.490416
324.2565867
320.9863157
321.3689274
320.5177098
325.1102969
329.9284628
324.8959346
327.1691717
326.8538598
326.765373
323.9711857
315.0502256
306.882026
306.6003639
309.3098033
310.5884992
311.6054737
313.1596002
313.0486802
305.1895611
312.6212019
313.9833994
318.5822179
318.9872629
322.4195518
320.5114784
328.2958199
328.547571
328.6472744
327.2140382
332.3325606
330.1640121
324.2640644
324.1057853
328.5899449
329.852439
330.3659114
336.4864528
336.640993
331.6271592
331.9237768
332.5606321
332.7986739
332.8422942
332.7338667
333.1488821
332.9756474
333.5601585
334.1222363
333.6361824
333.4716718
331.2457938
328.9513697
329.6231212
328.8541589
332.9120865
337.9620629
338.1103716
337.9022408
338.0642588
337.2616466
338.2424786
330.7086418
329.8063262
332.4758842
333.7919689
331.7443107
332.5755876
332.3076348
331.7268626
333.6237194
338.0455644
342.0125128
342.1832548
347.0375632
346.7135273
347.390264
348.2826092
348.695132
350.5807722
348.8945387
345.799995
347.3030235
345.6865824
343.7336424
340.0583265
341.8604651
344.4801715
343.3285974
342.0810588
339.7031332
343.2725143
338.3870485
338.3982652
345.7638525
345.245395
343.7211795
342.0661033
342.6406441
340.5144695
341.2173783
337.6754156
341.5950049
341.4167851
341.540168
344.7817742
347.7728757
345.8710337
345.5083626
347.4675341
347.8476532
348.3212443
344.9500237
343.9554824
343.3560159
344.95127
343.7847404
344.0315063
343.9816546
342.4424836
340.8135796
340.9805828
342.0511478
342.290436
345.1070565
341.9265186
343.0569057
343.1815349
342.7976769
338.1863955
340.6316209
341.4018296
338.1190957
337.9695406
339.7642015
341.1338767
343.6626038
341.59999
341.0553603
345.5831402
345.1070565
341.9103168
345.164386
345.475959
348.7661706
347.7417184
349.6709788
351.3011291
351.3908622
354.6249907
356.4121738
359.7011391
354.7284329
355.1309853
358.0560333
358.7988235
359.0755004
362.254792
363.3253571
364.4420349
363.3540218
363.3340811
362.8106384
362.1550886
360.7480246
372.1191954
377.2888158
378.4030011
377.7225255
375.0155787
372.4369999
375.5427603
375.9652534
376.0811586
372.5441811
363.1733094
359.5652933
354.6411925
354.2162068
352.0601211
357.4603056
357.6023829
360.0987063
359.9067773
362.5314689
359.6787059
355.2718163
356.2626187
356.3274259
356.638999
358.4286747
359.3633939
362.9664249
363.6032802
364.9031631
367.1851243
363.6593634
366.1295147
366.028565
368.881328
369.1318328
376.0300606
375.3770034
375.3770034
375.2050151
376.8513672
375.7621077
372.4270296
372.5092849
375.3084573
375.0691692
374.6043022
374.5320172
374.5569431
375.0716618
375.4131459
375.3159351
382.513273
382.138139
380.1926768
383.5115531
389.5298986
387.7015878
387.826217
387.280341
385.3947008
387.5919141
389.1447942
389.2893641
395.0048605
394.8204093
396.2922805
394.8266407
394.8752461
392.8836711
392.9522172
392.7291308
394.495127
394.8515666
398.3872978
398.3062888
395.3002318
395.5557217
396.0480072
398.7138264
400.737805
398.4545976
397.1123408
397.4563175
397.9585732
396.3221915
396.3595802
399.1338269
399.4778035
402.8390538
402.3106259
401.5877764
401.8370348
401.8258182
405.0761485
405.7366834
405.9473068
408.0809591
407.8167452
409.3397143
412.0192428
411.099479
411.5955034
411.3774022
414.2874947
410.9237518
412.2223884
419.0396072
419.1742067
425.268576
425.3346295
427.4171839
426.927391
426.5323164
424.9183679
426.7130287
429.4349311
423.0713627
421.8051297
414.7423914
421.2704704
411.6565717
416.4921857
414.7498691
405.6220245
408.73277
413.661856
408.4473691
409.0717615
410.5349086
408.8611381
404.4205987
393.7174406
394.0913283
393.1753035
390.4209975
395.0210623
395.2466412
395.2852763
399.5014831
397.7292555
398.3137665
398.1031431
398.3436776
401.5541265
405.121015
405.1484334
404.0205389
403.441013
399.3743613
400.8886064
401.0356689
400.9521673
400.5732944
401.4631471
404.7359107
412.4591839
410.5398938
410.3118223
414.9255964
417.5951544
417.8655998
418.3504075
418.2070839
421.5047733
423.963708
423.7991974
424.3238864
424.7488721
425.1987836
427.8459084
426.1920786
429.4162367
430.014457
429.4100052
433.0940452
433.6411675
430.6176625
429.6081657
426.8326728
428.4640694
426.7242454
427.7050774
428.3307161
434.568409
428.5874523
429.8499464
426.219497
426.2307136
425.8805055
429.1482839
424.4647175
420.3257808
418.9261946
416.1457165
418.4214462
417.2237593
414.7461303
414.7349136
412.1787682
409.9965104
403.0185199
401.1553129
401.2986366
401.6625539
397.9934694
403.5120516
404.7321718
404.8954361
410.5822678
409.8033351
413.376455
416.7177647
416.5457763
421.2081557
419.8073232
423.3629951
422.2712431
421.9397293
412.6374037
411.0670755
412.1538423
413.7877315
415.0851218
428.3481642
429.4037738
428.0503004
428.5650191
428.4690546
423.3081582
427.2962935
427.8745731
427.2576585
426.3042449
422.2188988
427.494454
430.1079289
416.0647075
415.8017398
416.8411476
408.3775767
408.6692091
408.8337197
408.4635709
404.4878985
396.9316284
382.6279319
382.735113
382.1954685
377.677659
383.668586
383.2498318
381.9325008
382.2889404
387.6442583
386.8129814
387.3414093
383.2460929
383.6723248
383.6660934
388.6512625
395.0596974
394.3767292
394.2234353
393.5479449
396.4680077
397.104863
401.1166779
401.2861736
407.2608988
411.6403699
411.4210225
408.519654
407.5787034
400.1607717
396.7160198
401.9429697
398.5829657
398.5430843
388.7646751
386.3618236
387.9620629
376.5098831
376.249408
353.2416062
362.7944366
368.49747
366.7127795
366.7127795
375.5452529
377.3075102
374.3338568
371.7303522
371.7939131
369.9905282
375.196291
384.9211097
383.1189711
383.1438969
389.8015903
386.0739301
387.6255639
388.6537551
388.0767218
384.2605748
386.9164236
388.9055061
393.2575588
394.3256312
395.7725766
395.8972058
395.7688377
397.2058127
397.2905606
390.8011167
387.9134575
391.2597522
391.2585059
391.1974376
395.0846232
390.7201077
390.2465166
390.4396919
390.670256
386.6758892
386.4951768
391.9015928
392.0212368
391.9526907
395.5021312
389.4090082
389.5161893
387.856128
387.6255639
382.8834218
387.9894813
388.4344076
387.1133378
386.7868092
387.6180862
389.3504325
388.5042
395.5283033
395.1095491
395.1245046
385.8371345
388.6350607
386.1736334
387.1806376
391.5252125
399.5725217
398.1417782
398.49074
398.1143598
397.3940028
395.8224283
395.3488372
391.7969042
391.8405244
391.4030758
391.5065181
386.2309629
375.6661432
375.6661432
366.0485057
364.3460704
367.2050649
371.1832299
371.0698173
357.994965
352.9213091
352.6271841
358.7215534
358.613126
369.3424562
368.9461352
373.5250131
374.0945687
374.3164087
376.7965303
371.5533787
372.7872081
376.5098831
376.036292
370.6622797
375.5851342
376.2780727
377.6602109
378.0577781
377.2775991
375.1451931
374.5469728
381.1959421
381.2333308
386.32942
383.0155288
386.7519131
379.6231212
379.5981954
379.0710137
380.9853187
382.1717889
379.8835963
379.6455545
375.6275082
376.987213
371.6306488
372.2076821
372.6501159
373.9811561
366.3251826
363.742865
358.7639273
358.9571026
353.9968593
338.1527456
330.9043097
331.5199781
332.0322042
338.5353573
331.9399786
333.9340462
340.9818291
340.8995738
339.5136968
340.6415913
340.4072883
330.782173
330.1864453
305.3166829
311.0670755
311.5132481
310.6408435
309.999003
312.3918841
311.7625065
302.5586381
290.7263391
290.8908497
291.8118597
290.7338169
303.338817
303.1518732
302.6658192
288.6761883
285.8047309
293.6563723
295.9395798
295.9283631
309.8307535
317.1228096
312.8442882
300.2841546
300.9783394
316.049752
308.4710486
306.9144296
298.9344201
298.187891
296.3284229
299.9725816
299.2597024
289.6482963
290.8771405
286.2907849
291.9128094
288.0642588
287.9757721
288.1577308
292.99833
292.8562526
290.9581495
294.5287769
295.143199
307.4017299
306.528079
302.2919315
299.8716319
300.0735312
287.6093621
291.8305541
294.8341185
295.7302026
295.7127546
291.3345298
287.8660984
283.0579027
282.7450834
282.7887036
282.8024128
282.4310177
287.5732197
289.9798101
290.7026596
296.0031407
303.330093
298.3337072
295.3164336
295.1880655
302.0663526
301.9566789
294.384207
297.6307984
297.8239737
297.5198784
298.0233804
297.0014208
294.0738802
293.9504973
295.6728732
297.0612428
302.5922879
299.513946
299.6385752
299.3706224
305.0138338
310.2270745
309.7036317
310.6121788
314.4744385
313.9622124
312.9190658
314.7274359
315.0140831
317.7334929
319.3972931
329.5994417
330.7497694
330.6251402
326.4139186
323.2533214
327.0507739
326.8389043
327.1429996
316.1868441
317.9142052
318.5809716
316.0011466
315.8254194
319.5630499
320.4703507
317.7521872
318.5448291
318.5473217
324.1082779
323.8266158
322.9903537
314.4520053
314.3385927
322.4955757
325.7346893
333.9165981
339.9885341
339.0737556
334.9659762
335.6987961
335.7984995
346.2935268
346.1713901
339.4389192
341.6099604
342.1944714
342.8126324
342.8126324
351.0680725
351.3123458
351.1278945
350.8599417
351.1254019
342.8163713
338.3845559
340.597971
342.1608216
342.6144719
347.6283058
347.3541215
347.053765
344.84035
345.4186296
351.9192901
350.5782796
351.5815449
351.5566191
351.5316932
348.0582766
352.609736
349.3369725
351.1515741
351.0954909
353.3824372
357.5251128
357.5350831
352.9449887
352.7904484
353.1805379
351.2799422
355.5609562
355.9423216
356.0133603
360.5847603
361.981854
357.884045
359.440664
359.9803086
364.5242902
367.6001396
365.7942621
365.3343802
365.5898701
361.1580548
360.8626835
355.2244572
352.7019617
352.7468282
352.1336524
350.6592886
355.4787009
353.1431491
353.1319325
362.5501633
361.1007253
362.0267205
362.5775817
362.5775817
359.5827413
360.9137815
361.8322989
359.4244622
359.4431566
361.1829806
363.1047633
366.928388
366.4236397
366.4896932
368.356639
371.1819836
371.1121912
371.7353374
371.7926668
378.0777188
384.5459757
390.1854483
390.2639647
390.2789202
393.6289539
396.3720432
403.2004786
401.9903288
402.2645131
389.3055659
385.8907251
386.0116154
392.6668162
392.0174979
377.9418729
383.56639
381.289414
386.137491
386.2222388
393.8158977
399.2559635
395.9146539
389.3105511
389.4725691
383.3956479
386.0166006
381.2794437
383.9539869
384.619507
382.8734515
386.6684115
387.1295396
388.048057
387.8536354
379.498492
382.4048456
384.9211097
384.9659762
384.6606346
383.4430071
386.5500137
383.2286448
384.7042548
384.6681124
384.9173708
389.160996
382.9569531
384.8176674
385.2289439
385.7698347
389.749246
391.2285949
392.8163713
393.079339
394.0502007
390.5655674
391.8467559
391.6797527
391.4766071
388.28236
391.2921558
392.8849174
392.1309105
392.2281213
392.866223
391.9165483
387.3576111
386.5176101
386.2297166
386.5574915
382.9233032
389.2806401
392.3041452
392.2954211
400.4474189
404.0192926
406.4931828
404.0217852
404.3358508
407.5076647
410.6931878
408.4922356
409.5503377
409.2773997
413.9784142
416.5320671
415.8752711
411.0620903
410.4015554
413.1471373
415.3244099
417.0617413
421.7577706
422.2575338
424.8149256
421.5072659
416.3488621
419.6490441
419.8584212
422.4133204
421.7079189
421.776465
417.9129589
418.0762232
420.6049503
427.5480446
433.9490017
438.0331015
438.0331015
435.5118522
433.9514943
432.7214038
436.1786186
436.1786186
440.4135198
446.3608265
443.2525736
442.5334629
442.2704953
447.9772676
439.9598694
440.6677634
441.0179715
441.2622448
442.2680027
441.2684763
438.2125676
441.3382687
441.2111468
431.1859717
430.1702435
428.8765921
431.4289987
430.176475
424.428575
427.1317829
432.0247264
431.8764177
431.7729754
425.5913657
428.9413993
431.643361
431.7168922
431.5723223
442.5446796
440.7687131
437.7987986
437.4485904
437.6567213
443.3884195
447.279344
447.9523418
445.1070565
445.1232583
453.3487874
453.8884319
455.6494429
459.0854707
459.2387647
461.0409033
455.8127072
460.4701014
457.9887335
458.0360926
456.7760911
453.6366809
455.7715796
462.7944366
462.689748
468.1584785
471.6667913
473.3218674
470.7819238
470.6710038
469.6241182
469.7437623
467.6749171
466.3550936
466.3550936
466.9159251
469.8247713
467.3259553
462.4990653
462.6735462
462.941499
460.9038112
464.2401356
456.8708093
456.609088
453.4086094
453.6640993
456.7524116
454.9365637
455.2157332
449.7320472
448.1255764
443.9392806
434.8338692
434.6992697
439.7330442
437.6018844
429.003714
437.4062165
437.0747028
437.5993918
431.9910765
434.8263915
430.1191455
429.8063262
424.9993769
424.6853112
424.5718986
416.3039956
416.3039956
412.8467808
418.2432264
413.8986515
409.0680226
409.0680226
401.8544829
402.3754331
403.4459982
408.3538972
408.3538972
399.5613051
395.1307361
393.6601112
395.7451582
395.7451582
402.1137117
400.0473591
399.7220768
403.3400633
403.3400633
407.1350233
401.0182208
399.6385752
394.2707944
394.2707944
395.8909744
390.3611755
395.5494903
391.6386251
391.6386251
400.7315736
403.0135347
400.5197039
403.0895586
403.0895586
410.8128318
408.711583
409.3883197
413.8213814
413.8213814
403.4422593
403.4422593
409.7534834
412.9427453
412.9427453
394.222189
395.6479474
389.1086518
381.3130935
381.3130935
389.263192
391.2921558
392.7179142
388.3160099
388.3160099
394.4515068
393.6439094
394.1461652
390.0533413
390.0533413
393.049428
397.5809467
396.0866422
395.7414193
395.7414193
396.9191655
392.977143
389.6545278
391.0802861
391.0802861
392.947232
393.0294873
397.6357835
397.3030235
397.3030235
403.6142476
401.9205364
401.9205364
401.9205364
401.9205364
413.5322416
413.6020339
411.5518831
403.6229717
403.6229717
413.5048232
419.8472046
419.8472046
419.8472046
419.8472046
413.0760986
410.1784691
410.1784691
410.1784691
410.1784691
406.3984646
408.165707
401.9890825
403.9831501
403.9831501
406.5243401
404.9652284
411.6291533
411.8048805
411.8048805
413.5035769
412.4579376
413.8201351
412.4479673
412.4479673
411.4820908
408.5371021
406.9181684
408.0535407
408.0535407
406.7449338
400.891099
406.4383459
405.283033
405.283033
403.7837434
407.0303348
407.3581096
400.4175079
400.4175079
408.4211969
404.9689673
403.5469478
407.6808993
407.6808993
404.5950796
400.7153718
401.7597647
401.4843341
401.4843341
405.7665944
404.7807772
404.0641591
402.1274209
402.1274209
400.9347192
402.9611905
400.567063
414.9417982
414.9417982
421.089758
421.0822802
414.3635185
414.6052992
414.6052992
412.5501633
410.5436327
411.7201326
408.4959745
408.4959745
414.4943792
410.7106359
416.9084474
416.1768738
416.1768738
418.0438196
417.2237593
417.4580623
418.0375882
418.0375882
423.0040629
424.9507715
422.1802637
426.3752835
426.3752835
422.4145667
424.803709
425.5901194
425.9864403
425.9864403
421.4586605
422.1453675
427.6003888
433.8443132
433.8443132
424.0048356
424.35629
429.5308956
427.0059074
427.0059074
429.0062065
419.2302899
416.0460131
413.3839328
413.3839328
413.9534884
414.1902839
416.757646
417.1901094
417.1901094
415.7618585
411.38488
407.3207209
400.5870037
400.5870037
402.5374511
397.7791072
396.8780378
400.3140657
400.3140657
398.0919265
391.2261023
389.6395723
391.4616516
391.4616516
384.5497146
382.5930357
381.5611057
385.6290037
385.6290037
388.2424786
387.5333383
390.1443206
396.7147735
396.7147735
401.1777462
398.3823126
397.8538847
396.4729928
396.4729928
403.2366211
397.4637952
400.8960841
398.622847
398.622847
399.4703258
391.480346
390.1380892
391.1637877
391.1637877
393.4170842
393.4170842
391.0005234
388.5901942
388.5901942
388.5901942
378.061517
378.1998554
372.5466736
372.5466736
374.5881004
370.6784815
370.9501732
370.4653655
370.4653655
372.7373564
372.7373564
377.5916648
382.8410479
382.8410479
389.5348837
388.5503128
388.9466338
387.6380269
387.6380269
383.2859742
378.6298263
374.0384855
375.8593185
375.8593185
380.6513123
386.3468681
379.1619931
373.4190782
373.4190782
373.6234702
373.6234702
373.6234702
369.0470849
369.0470849
367.1228096
369.1555124
363.793963
369.3636432
369.3636432
360.5548493
362.0728333
363.7104614
361.7001919
361.7001919
360.3591814
363.8737257
366.7040554
364.7810264
364.7810264
371.5296991
371.9447145
369.7138513
374.4597323
374.4597323
372.2737356
375.3857275
375.2424038
374.3824622
374.3824622
367.000673
367.8581221
369.5343852
368.0936713
368.0936713
367.4107032
364.7473766
364.6476732
358.2965677
358.2965677
343.6974999
344.8715073
337.9620629
333.5526808
333.5526808
318.3155114
318.3155114
309.0468357
309.2449961
309.2449961
312.4429821
315.2770508
318.8402004
309.3110496
309.3110496
318.1460156
315.8553304
319.9107655
313.7391261
313.7391261
320.9240011
321.7403225
325.6549266
329.3925571
329.3925571
311.0920013
307.5026795
316.8050051
314.2862484
314.2862484
296.2897879
299.616142
305.7491463
307.1811361
307.1811361
300.6630275
303.2976894
303.8286099
294.2358982
294.2358982
296.0330517
297.4338842
297.4338842
297.4338842
297.4338842
302.136145
287.9271667
290.2726888
299.2995837
299.2995837
300.6916922
303.9843964
303.9843964
303.9843964
303.9843964
315.7232234
314.9941424
314.9941424
314.9941424
314.9941424
315.2359231
318.2644134
317.7147985
330.6774845
330.6774845
323.5723722
315.8403749
310.1784691
319.3412099
319.3412099
323.4464967
328.2247813
320.3432289
322.9454872
322.9454872
322.5317181
318.9511204
317.456816
318.1684489
318.1684489
304.6200055
300.9259952
299.565044
293.2176774
293.2176774
302.7804781
301.3310402
311.6254144
313.7852389
313.7852389
315.8889803
312.6149705
309.9279643
309.3721179
309.3721179
309.299833
314.7398988
314.966724
322.5803235
322.5803235
328.0652559
324.872255
320.2534958
322.7448341
322.7448341
326.2917819
326.0013958
325.0018694
315.4639946
315.4639946
326.8276876
327.6739201
334.0898327
336.419153
336.419153
335.7075201
342.7079439
341.2609985
339.6320945
339.6320945
339.3479399
343.0980334
341.5451532
342.815125
342.815125
343.0556594
342.785214
341.6672898
342.226875
342.226875
334.436302
336.7058002
338.7285326
341.6909694
341.6909694
337.8922705
336.1175503
336.1175503
336.1175503
336.1175503
332.6017598
330.2176026
335.1703682
336.5313193
336.5313193
333.7047284
334.5933348
335.9966599
331.5648446
331.5648446
329.4748124
326.3628206
330.9890576
333.869239
333.869239
335.0719111
331.694459
332.6204541
332.6204541
332.6204541
329.9683442
329.912261
331.2632419
328.9339216
328.9339216
328.100152
326.411426
326.4961739
327.2252549
327.2252549
333.0853212
333.3034223
334.2580822
331.1298886
331.1298886
339.6993943
341.591266
337.9944665
339.1983848
339.1983848
336.8428924
336.461527
333.4467459
333.4467459
333.4467459
333.5028291
338.9129839
341.8143523
338.9964855
338.9964855
336.581171
340.4384456
340.4384456
340.4384456
340.4384456
340.6353598
343.4457489
344.9575014
345.0883621
345.0883621
334.7117326
336.1237817
328.7395
324.8809791
324.8809791
317.3234627
312.3968693
313.154615
310.0787657
310.0787657
300.2455196
298.4720457
297.2095516
300.4187542
300.4187542
298.2103243
297.6756649
293.1765498
307.3531245
307.3531245
302.1523468
300.5246891
303.7127047
307.7619083
307.7619083
304.7994716
303.4185797
298.8284853
295.3999352
295.3999352
292.3415339
294.8465814
294.4826641
292.9185673
292.9185673
307.3381689
303.7102121
303.4135946
297.7666442
297.7666442
304.5315187
304.4629727
306.4632718
306.3847554
306.3847554
305.717989
304.6760886
306.7175154
306.3386425
306.3386425
311.3200728
316.3949749
319.7412697
317.6624542
317.6624542
313.0100451
314.0918268
315.8914729
315.9101673
315.9101673
321.0623395
316.4149156
313.9086218
310.2370448
310.2370448
303.1319325
313.610758
312.5501633
312.2111718
312.2111718
314.0855954
315.8029861
313.2667813
315.3082081
315.3082081
314.03699
316.8461328
315.7780603
314.4544979
314.4544979
314.5242902
311.1941973
311.9170468
310.0189436
310.0189436
309.8307535
308.4747875
308.570752
308.1881403
308.1881403
312.9975822
311.2004287
312.1513497
309.7036317
309.7036317
309.7036317
309.7036317
308.4573394
306.8446372
306.8446372
308.8025624
308.8025624
308.8025624
314.8582966
314.8582966
314.8582966
320.7781849
321.8923702
318.6196067
318.6196067
318.6196067
311.5431591
310.3093297
311.4621501
311.4621501
310.4713477
311.039657
314.1416785
314.4968718
314.4968718
311.7699843
308.054787
310.4190035
312.9340213
312.9340213
309.7123557
313.6356838
314.5654179
315.6010868
315.6010868
321.6393729
318.9349186
316.0136095
316.1494554
316.1494554
313.5235175
312.8879085
311.2103991
306.5916399
306.5916399
308.3887933
308.5296244
311.2490341
309.1752038
309.1752038
312.7296294
313.5683841
315.9849448
312.2298661
312.2298661
310.472594
311.2278472
314.8321244
313.619482
313.619482
319.7138513
321.6917171
314.117999
306.2252299
306.2252299
297.1958424
298.4683068
300.3614248
295.313941
295.313941
290.589247
288.1377901
288.7933398
286.2745831
286.2745831
286.359331
291.2024228
291.2834318
287.7215285
287.7215285
293.2488347
292.1720382
293.6127521
297.5996411
297.5996411
294.7069967
294.0850968
292.8250953
291.3033725
291.3033725
290.0159525
290.0159525
291.2909095
291.4641442
291.4641442
291.2709689
289.6482963
287.4585608
286.8354146
286.8354146
288.9229542
292.2642638
290.9830754
290.2901368
290.2901368
296.3820135
296.5552481
297.2494329
295.9059299
295.9059299
292.6468755
295.2516264
299.1874174
294.2969665
294.2969665
295.556968
293.5379745
292.6618311
292.0374386
292.0374386
290.7799297
293.8570253
296.7596401
301.9055809
301.9055809
303.1630898
305.2493831
305.7591166
308.3352028
308.3352028
305.2892644
304.4829133
302.690745
301.8831476
301.8831476
302.2346021
302.2346021
299.6011865
297.3416586
297.3416586
297.3416586
298.5144196
298.9880107
297.6220743
297.6220743
296.5839129
294.3393405
293.4582118
294.1760762
294.1760762
293.727411
293.727411
290.6154191
288.5017074
288.5017074
285.7673422
286.5799247
286.8553553
288.0729829
288.0729829
285.4806949
288.252449
282.6565966
281.6857349
281.6857349
283.9614646
284.3440764
283.4405145
282.3475161
282.3475161
284.2867469
284.2867469
284.2867469
291.9414741
291.9414741
296.264862
296.1140607
296.6935866
290.7437872
290.7437872
292.7191605
296.2897879
292.6219497
290.9033126
290.9033126
289.9237269
290.7736982
289.1161295
287.4922107
287.4922107
293.1428999
292.644383
291.0715621
287.037314
287.037314
287.4498367
287.7763653
287.4922107
284.7403973
284.7403973
281.0800369
279.7651985
282.1792667
282.0322042
282.0322042
283.4355293
285.1691219
282.129415
283.4106035
283.4106035
287.1021212
286.1512002
285.003365
285.6938109
285.6938109
287.1532192
287.1532192
286.2421795
289.4476433
289.4476433
289.5236671
292.3764301
293.8221292
291.194945
291.194945
286.3518532
278.2459682
279.4025275
277.8745731
277.8745731
274.5868541
273.0601461
274.9806825
276.2257285
276.2257285
279.2891149
279.7265635
281.0526185
279.8973055
279.8973055
283.080336
279.2891149
275.1003265
273.4116005
273.4116005
273.5524315
272.4532017
273.6496423
274.3612752
274.3612752
273.3729654
272.6102346
272.6102346
272.6102346
272.6102346
271.4536753
272.4232907
273.7393754
272.0518956
272.0518956
274.8298811
274.4435305
274.4435305
274.4435305
274.4435305
276.8102395
277.3935043
277.3935043
277.3935043
277.3935043
276.4650166
277.9393803
277.4894688
278.2958199
278.2958199
282.8921459
285.8072235
287.0647324
290.0196914
290.0196914
292.1396346
290.0570802
289.3018271
288.2686508
288.2686508
291.7645006
290.5032528
287.3414093
287.3002817
287.3002817
290.1380892
290.6565468
279.9297091
276.6619308
276.6619308
274.8747476
275.6574192
275.8069743
278.1911314
278.1911314
276.8825245
278.4129714
279.2916075
280.773449
280.773449
283.8006929
285.8234253
293.3934046
291.8716817
291.8716817
294.5325158
292.4474688
293.8707346
293.0357187
293.0357187
295.4036741
294.0838505
293.4021287
292.7777362
292.7777362
289.041352
293.5192801
292.2156584
286.4017049
286.4017049
287.4037239
286.2895386
286.9301329
286.8129814
286.8129814
288.2698971
286.3182033
288.3446746
288.6712032
288.6712032
286.4515566
287.7763653
290.2041427
289.1086518
289.1086518
287.7190359
290.1991575
292.2941748
292.4487151
292.4487151
295.962013
293.1516239
306.1579302
305.6481966
305.6481966
305.2867719
309.0543134
306.5866547
301.9978065
301.9978065
298.5468232
303.0795882
305.4114011
303.5544256
303.5544256
302.8178668
303.6167402
304.0330018
307.5949052
307.5949052
304.7745457
302.123682
304.2062364
302.946235
302.946235
305.4001845
309.3147885
312.8530123
319.6639996
319.6639996
