100
101.8471322
102.2165587
101.3192744
101.3192744
99.11900307
97.59502644
98.34294842
98.23078788
101.1647298
106.3937057
105.0089118
106.8647429
105.919337
106.8708507
107.1608763
107.297838
105.0770225
105.8478948
105.3696393
105.1499453
105.7625713
107.0015195
106.922674
107.9406327
107.7557343
108.1631029
107.7470354
108.2602717
107.6866982
106.2086223
106.6424578
106.6196925
104.430156
104.7181458
103.6674274
101.9009915
100.7040572
99.50323618
99.3348103
98.31796216
100.2713322
102.1638099
101.1315998
99.2400476
100.2028514
99.38108115
98.56245732
97.20283474
96.87819847
95.2533514
96.89485598
94.87022878
96.69033883
93.36716658
94.00848052
97.15304731
95.62610934
94.45527182
96.04347239
97.84655477
97.4628769
96.59002364
97.75956557
95.9798037
95.32645934
96.53560912
95.89540568
96.06272106
96.14212183
96.08159956
96.05457739
96.57632746
97.84137243
99.2222796
99.2222796
99.14195341
99.41254532
100.3666502
100.6496427
100.0242459
100.0242459
101.9659558
103.3235424
104.7377646
104.7377646
105.8369748
104.9376547
106.2826557
105.3229983
104.0520306
105.036119
106.8379058
105.9561686
106.0675888
106.9891189
107.3850123
107.7338945
105.8523368
104.4005427
103.977442
101.9526298
102.9069197
101.205263
100.5572861
100.6165128
101.9535552
102.3923879
101.7360822
101.5254573
101.351664
101.6546455
100.7841983
101.0283233
100.27744
98.42327461
98.36700926
98.29445657
99.14139816
98.76401313
99.40107015
100.0660748
101.6837036
102.783284
102.6711235
101.7270131
101.1704674
99.68073115
99.62742714
99.12122407
99.23745644
101.0956937
100.6228056
100.7532894
102.5713635
102.8906324
103.2145283
103.875276
103.0988512
102.725538
103.6963004
101.7375629
101.6396537
101.0851439
103.3859155
104.0538815
103.9404254
104.5193662
104.2334124
103.995025
103.4767915
103.8401102
105.9254447
105.7673835
106.6396815
107.5347448
106.9065718
106.565278
107.5826814
107.4501617
107.4501617
107.4501617
107.6596761
107.4148107
107.5099436
109.1608874
107.4871783
106.4562639
105.9160055
105.7014938
104.5693387
104.5519409
104.7466486
103.216009
104.8214223
103.2878213
104.1425364
105.0949755
105.3352138
105.0642517
104.1007076
104.5354685
106.4222085
105.020572
106.1286663
106.3213381
105.9935554
105.8532622
104.80532
102.3735094
101.7967895
103.2143432
101.7457065
100.6440902
101.4038575
100.7175683
100.494913
100.0523786
99.99352208
99.99907458
98.34794567
97.0673537
97.44399839
98.1358401
97.84748018
95.79509048
94.68958739
96.36570257
95.1574782
92.48672489
90.53705647
92.49005639
92.5167084
94.28369952
93.81303246
93.92167641
95.41418886
95.41418886
96.43973592
95.09714102
94.41325789
94.71309298
95.44565304
93.42861426
92.8476375
92.43638221
91.57648479
92.24667174
93.3758655
93.50782995
93.43527726
92.92814878
92.91112111
92.46303422
91.71418683
92.48283814
91.22390093
90.07508833
90.28034581
91.40047048
91.00457711
90.52909789
91.71474208
92.74898806
92.74898806
93.3803075
94.60463412
93.71530843
94.36939313
96.61593531
95.7591843
95.33256709
93.6009269
94.68329456
96.44140167
96.44140167
96.44140167
97.4138298
97.71570081
98.0055414
98.0055414
99.08309689
99.30056987
98.50545163
96.84118179
97.65018129
97.45806473
96.65628349
96.40531041
96.64036632
95.048279
96.71199359
97.58336619
99.65296865
102.3033628
101.1312297
101.9270882
102.0390637
101.1038373
100.2309841
100.6028166
102.3094705
102.8241874
104.0707241
104.7279552
103.176031
103.0135277
103.1421607
104.8519611
104.7246237
101.9050633
103.5002971
99.81399119
99.40958399
97.93298871
96.07216031
95.82026182
96.3653324
96.3620009
97.65018129
96.22874086
96.94205224
99.01202487
99.3336998
100.0903207
100.980942
101.5931978
99.84082829
99.53470036
97.81212925
96.66572274
96.34848981
96.15544784
96.5815098
96.02811047
96.38347057
96.83877571
96.95519316
96.98054959
96.14971025
95.31702008
93.70994101
94.504504
94.69365923
96.09288965
95.86412658
96.50229411
95.98739212
97.47934932
96.53394337
96.53394337
97.81657126
100.3364816
99.5978138
100.7118307
101.1460363
100.8846986
100.2565256
101.4453162
102.8715688
108.6519081
108.1571802
108.436286
108.436286
109.6711623
107.6213638
108.7224249
108.7224249
109.1775449
108.8020107
108.0194782
108.5569603
106.9263757
107.4840319
107.6892894
107.8982486
108.3418934
107.972467
106.9528426
108.9537791
108.6269219
108.2358407
107.6056317
107.2993187
106.458855
106.8151406
106.6670739
107.3063519
106.0562987
106.8171765
104.3335425
105.5317723
105.3929598
106.188078
104.9489447
105.5119684
104.660955
105.2437826
105.0287157
104.5993222
105.3204071
107.2041858
107.2215837
107.0905446
106.7566542
105.8358643
106.6578197
105.9343287
105.2156499
106.0446384
105.3870371
105.0971965
105.5264049
106.3402166
105.8495605
105.1192215
104.9370994
104.9559779
104.4849407
103.0986661
99.79196627
97.73013731
98.44733545
99.79918452
99.53525561
99.10401131
99.2389371
97.2555835
96.35478265
96.20671594
95.20041755
95.37013902
97.27594268
98.13176827
98.88746375
98.27668856
97.66443271
97.32776602
97.48082999
96.11250849
96.20986235
96.40586566
96.70810684
96.70810684
97.6288967
96.32776047
96.9079969
96.96000533
97.9141102
98.14416886
96.65628349
97.33350361
96.84728955
96.60446014
95.61148776
94.99886174
93.67921717
94.00588935
93.26351988
94.30479903
94.95036989
95.09214377
94.27759177
94.78120367
96.73605443
96.94723458
96.05994481
95.3803186
96.39420541
96.92298865
96.92298865
96.19450043
98.09826817
99.3392523
102.3831337
102.4719737
101.6254023
102.0324007
103.0766412
101.6507587
100.5719077
100.8089995
100.2522687
99.72404067
98.98481761
98.42253427
99.94447498
98.88931458
99.32851746
100.3470314
100.4888052
100.767911
99.5119351
98.92781193
98.74883629
98.01016848
97.05439786
95.86264592
96.2996278
96.2996278
96.5792888
99.41717241
101.1262324
101.3603629
100.5667253
99.65648523
101.127528
101.8972898
103.2587632
103.1575226
102.6585378
103.6737202
103.7501596
103.7614497
104.558974
103.5434215
102.8006818
101.7762453
102.7729193
103.6640959
103.2010172
103.9985415
103.3524154
103.8902678
101.8339913
102.4999213
102.0644201
101.0447957
100.2550449
99.65389406
102.3883161
101.9430054
102.9635552
103.7588586
103.8452925
103.648919
103.648919
103.648919
103.648919
103.7475685
104.58322
104.1205115
104.1205115
103.384805
104.121622
104.121622
104.1567878
105.2863518
109.1320144
112.7274444
115.5569992
119.4278332
117.822605
120.0724787
121.7280496
122.0971059
120.5581375
122.7280551
124.3616011
122.3421563
121.2712638
122.5020683
119.8483427
119.9582822
121.7608093
120.27533
121.3369684
123.9740365
123.4798639
125.6610716
124.3408718
122.7746961
121.8550168
122.010857
121.4119271
120.2660759
119.0808019
118.6799112
120.3092003
120.1796419
119.6066238
119.9442159
117.4267116
115.8064916
114.1488848
115.834069
117.3902502
116.1009593
117.243479
118.5966237
117.3780347
117.4733526
114.9910142
114.9634368
115.9047709
113.4785127
112.1805229
114.3608053
113.8755166
114.486662
113.3972611
115.0041551
116.8188978
117.1004096
115.3339737
115.3339737
113.621027
113.1279648
112.9560223
113.2036639
115.7196875
115.5159107
117.3239903
116.6051264
117.3091837
117.5744081
120.6739997
120.9858652
120.8572322
119.9745695
120.437278
119.948843
120.1772359
118.8999754
118.8999754
117.6018005
118.4815018
119.855746
119.855746
120.4472725
120.1803823
121.2257333
120.2588576
119.6884306
119.7731988
120.2645952
120.3615789
121.3264186
121.2932887
122.2757113
121.1953796
121.083034
121.9577381
120.7606187
120.7321159
118.905713
119.6621488
118.4481868
118.4700267
116.9601164
118.1117052
118.652704
118.9716027
118.8202044
119.1968491
118.6491874
118.4426343
119.2442305
122.0053045
125.1313629
125.1102634
124.1228435
126.3741979
127.6829225
129.0912221
130.0977055
130.0149732
131.6468535
130.5184001
130.072164
128.6122262
131.397176
132.380524
132.8828404
132.9898186
134.71313
134.3797948
135.7455251
134.8090032
136.3698114
136.965965
136.9400533
139.5243727
143.5427182
141.8281057
142.30377
145.5817819
148.4170743
146.6473069
147.1407393
146.629724
142.94749
144.1107391
143.0809351
142.0052305
140.1851204
139.4632952
142.9289817
145.2353058
142.1188717
139.7596137
141.888813
140.4270244
140.4601543
140.4608947
137.0337055
138.2308249
140.6100719
139.4758809
137.3074439
138.066841
136.9374622
137.1982447
135.4562398
136.7540445
138.6831687
141.8604952
142.0931451
141.8429123
142.4488753
142.8690146
141.9419319
140.7529562
139.5128975
139.1058992
144.0742777
145.1522033
145.0417085
146.5938178
147.9465923
154.3051322
154.04509
154.6854785
153.9212692
155.2938476
153.0870984
153.2825465
148.5525554
148.3287895
150.777998
149.5590388
149.9264294
149.3906129
145.5121905
145.9186336
151.3963616
154.7909761
154.9297886
154.338077
151.1300266
151.5161106
153.6893597
153.3380715
150.6341882
150.7681886
146.2527092
137.30985
143.469055
140.4636709
140.883255
143.8693904
143.1766232
143.9027054
144.2408527
141.174021
141.358364
141.3864967
140.2461979
141.471635
142.3137645
145.3704166
144.880686
144.5891797
147.1303746
147.5914173
144.7007849
145.5890001
146.916048
146.2684412
147.4463119
149.8109373
149.9027387
149.4407705
151.0707999
151.0337833
151.0337833
151.412649
150.3417565
148.327494
149.1387144
151.1031895
155.2599774
155.8770454
155.5474119
153.2890244
154.9888302
156.1059936
156.1059936
156.1059936
156.1059936
160.3320026
161.3079473
161.7686199
161.7686199
165.0120212
170.6415175
170.6415175
171.5088183
169.0411015
168.846949
167.1769416
169.3133591
170.3466797
170.7105536
173.3959285
172.5365864
174.3537351
172.9532091
173.5749042
171.4151661
172.1097841
173.5797163
175.8020126
177.0794581
179.8701455
181.072077
179.1475799
181.7009904
183.8983004
184.854071
183.5359071
185.621982
186.7641316
184.099486
183.4163432
184.9323613
187.8474247
186.9034994
183.6650953
181.3709867
179.7459545
180.24642
184.6615843
185.4339373
185.8548169
190.0547292
191.3902909
189.5814709
190.6421838
194.3029482
196.4384403
197.6977477
197.8284166
197.2881582
200.1823071
204.2587688
205.3864819
205.6837258
206.7398116
210.6117561
213.3532113
219.0845035
222.5742508
222.2827445
221.1017274
223.7858067
226.356615
232.4658475
236.6957433
237.8952687
244.5417983
240.2920986
231.3135183
227.9977494
231.1052995
231.1052995
235.2221093
239.9487689
233.7105333
236.3596318
234.699804
235.7840225
235.128272
227.4598971
218.9406937
203.2909677
212.9347377
206.6206179
215.3556285
215.3556285
225.733069
223.1648519
221.6697483
220.8452018
223.875202
229.779177
227.0680755
224.9662686
222.6381046
223.4132338
215.7976076
222.6949252
221.742301
225.8674396
227.1387774
232.7951108
233.4008888
226.5196734
224.5809249
224.385662
219.3978497
223.6281156
225.6014747
225.7586105
228.722721
231.0925287
228.0579015
229.7316106
223.6277455
218.0426691
214.0224728
216.7881739
222.7637762
218.8155774
215.7600357
211.2169788
213.8335027
211.2665812
216.5603363
214.4096673
218.0985643
215.5712506
222.3269794
224.7195524
226.5328144
230.3868058
232.4053252
235.1462251
234.2903995
233.7958567
235.454389
239.4879113
240.4420162
241.4462786
246.3706073
248.5212763
246.0502279
243.7611166
242.8340339
240.4303559
237.2554354
238.1229213
233.243753
235.6861134
233.9244897
229.2609435
230.0466225
224.3756675
223.1048849
226.0882441
221.7967155
215.509988
219.0806168
219.7041627
223.2564682
225.0617716
230.0606888
229.2366976
226.8332047
218.2718024
218.9614231
224.6257151
219.0554454
209.5023663
203.1554867
199.2509675
194.0155137
199.3995895
194.3755009
193.8206209
199.9461407
205.919522
200.5400733
188.2050058
184.4901971
192.4617386
190.8837177
194.6166645
184.0313753
182.2784506
176.4203762
180.7938967
183.5492331
181.553664
178.1853314
185.3027131
184.6162388
180.06874
172.2730276
169.8632419
166.3446216
173.7940429
171.2389667
164.2176433
162.3564447
174.2069639
174.5073543
182.2031216
182.2247764
186.6334627
187.6534573
193.0954642
188.1770582
186.2690335
189.8415131
190.9403532
194.912983
187.9627316
187.588493
189.9297979
193.8265435
193.5330013
199.8349056
196.8352591
199.0812461
195.6211121
193.9159388
196.9477898
197.7984331
198.1241798
201.9733591
201.4308797
199.9454004
204.0037239
207.284512
212.78445
211.0089451
212.9332571
218.2579211
219.9771607
213.925119
204.6389301
203.9391298
207.3600261
208.8510578
209.7407537
209.7407537
209.0426192
208.8930718
205.5158552
206.0712904
207.3903797
208.784798
210.8362623
209.7146569
217.4381868
217.7282124
221.8714892
221.8714892
221.8714892
228.0282881
227.3475514
227.794898
227.794898
227.794898
242.2317725
244.5397624
244.5397624
244.4797954
243.7788846
237.1371672
231.807691
219.7659806
220.1962994
225.8607766
231.3631207
227.393082
228.0627137
222.9494149
217.3445346
217.749312
218.8070635
219.3438054
222.3036589
223.0249289
227.3840129
223.3342032
220.8918428
220.6806627
219.8879505
215.8170414
210.2750894
212.8390496
216.1975728
217.6306735
220.6895467
218.128918
216.9429036
217.3008549
221.3341921
228.24317
228.3508885
231.401618
226.5207839
227.1337801
222.9799536
224.4737617
220.6356874
226.3906703
232.296126
229.961114
233.8397215
236.9454208
237.7314699
234.4971377
238.1327307
236.193612
235.2139657
237.5713728
238.9983657
236.7421992
232.4782481
229.3449714
234.2902145
230.6255633
236.5898756
236.1664048
239.6541162
238.0183492
238.0183492
238.0183492
240.2126978
240.1766066
240.3576181
237.7779258
236.5784004
238.3824082
236.9543048
235.3792451
234.5550688
236.2820819
234.5993037
235.66742
235.5400826
235.3296428
233.0919846
237.3533445
235.6835222
235.1882391
236.974849
237.1330953
236.7547849
234.6688951
234.7038758
233.6881382
233.0074015
230.6627651
228.3051729
229.344231
224.6740219
220.2533051
223.7365745
229.215413
230.2483634
232.7090471
229.9377935
229.1178741
228.3140569
225.7291823
225.8302378
227.2564904
224.9444287
224.5844415
228.5498531
228.3027668
228.582798
230.3879163
230.2583579
227.6570109
227.881517
224.2735014
224.90297
227.6181434
227.6207345
228.6007511
229.5200603
227.9205696
228.3892008
227.5343006
225.819503
225.7512072
226.2320539
224.2983026
226.6114748
226.1693106
230.9065199
232.4384551
232.5968865
231.900973
231.9642715
231.4795381
228.2378025
228.9772107
229.861354
228.1569211
227.9224204
223.6270051
218.3737833
217.8022458
214.7069112
209.7563007
211.1292493
209.1223901
204.5713746
208.9221299
211.8238672
210.1690367
209.5297586
204.1562326
202.9744751
206.7298171
203.491228
205.0575887
209.47738
212.1255532
212.9488041
215.365623
213.4955404
211.1190697
212.7646461
216.7130301
217.4446647
219.2185039
220.9027627
221.376206
220.2460869
216.1253903
216.3852474
212.4242778
217.5172174
219.3832281
217.7287677
218.9186688
220.2251725
222.8011631
221.5557369
220.6434609
219.6306846
220.1146777
221.8576079
222.0445422
221.1805729
221.7212015
223.1446778
223.1376447
222.5374192
221.8215167
218.6397481
218.4785405
218.5159274
220.2362775
219.1435451
218.9443954
219.383043
218.2966035
217.2184928
213.2902829
211.9643455
210.0405888
206.2584097
203.7721846
207.4773689
206.911569
206.9184171
210.4668358
207.5873085
208.6691209
208.409819
212.6946846
214.3019487
214.3019487
212.7263338
211.9767461
214.992865
214.211443
214.1536969
216.3071422
217.5871789
219.1400285
218.1490921
219.9791966
221.0425007
219.356391
222.7661823
223.7767376
223.3880625
223.2722003
223.4543223
227.3453304
227.8132212
230.7316161
228.7743593
231.9774124
232.5659776
235.1610318
236.8114204
239.1584628
242.4901489
242.8260753
240.8081111
245.2312339
247.6095555
242.9965371
245.6299036
247.0272831
252.1574245
247.5910471
253.2466403
256.3077344
256.3077344
258.1898474
261.1278612
261.1528474
262.9083634
262.9083634
254.3821269
248.0482031
243.2719412
238.9478379
246.5421796
244.3815161
244.3030407
247.783904
251.1427974
258.0621399
257.5022626
253.1600212
255.0110402
255.7861695
255.3316047
258.1339523
252.4728066
253.5890445
259.0799135
259.2022536
255.2838531
259.4088066
265.0729136
271.3779643
272.6122855
268.9315321
277.8719852
278.2813897
279.6883936
284.4170891
289.5052166
282.2843732
282.4494676
281.6078934
280.9804607
275.8364381
275.1238671
284.8181648
283.2503234
290.5279874
286.8753667
290.9040768
292.7262228
296.6979273
295.4221474
300.9252319
293.1731992
294.3107217
295.9751766
294.8232176
286.1242983
284.4839042
273.7333356
281.0400576
285.4039538
280.6078879
279.7163412
275.6239624
274.491252
282.7289435
284.1233618
283.3439756
281.238467
274.4575669
273.9678362
267.6464981
272.1219996
265.6133571
272.2086186
272.9341455
272.498089
265.9798222
267.320011
267.2928038
259.4654422
256.4941134
258.5141135
257.5733347
264.6370422
264.6370422
264.6370422
266.6755507
266.7903024
263.091781
268.5515559
268.5515559
276.7687031
271.8377115
276.4274094
276.2317762
274.1394085
269.1393807
267.8462031
271.8734326
274.7290842
274.6694873
280.3702408
273.1786406
275.6023076
265.1850741
260.162096
266.0966098
265.9983305
271.9258112
272.1573505
275.0874056
277.0883422
275.07482
279.6349045
282.8755296
280.8821815
277.840336
280.7783497
280.3500667
281.4729676
280.3935613
282.0395079
285.5699736
285.1044888
281.4718571
279.254188
280.4337244
278.0896433
275.4729343
278.4057657
280.0787345
280.008773
284.2660611
279.5238545
283.8518444
285.0282345
282.9682563
284.1933233
286.5007579
291.4743188
290.6568054
293.064
291.6151672
294.1193455
292.802107
292.9559113
291.1957683
292.1195194
294.9033587
291.8350463
290.1870638
290.2242655
286.867223
281.2723373
277.9922894
280.9602867
280.4292824
280.146475
276.8220072
277.9967314
283.2514339
285.4083958
288.1770582
289.561667
288.3713957
290.1180277
290.1180277
291.6031368
288.8072671
286.7972615
287.1130138
285.2442268
286.1404006
284.7361729
286.0952402
286.6819546
285.8046593
285.8933142
288.6432832
291.2536994
293.9129775
291.0147567
290.3858433
292.7058636
289.3813958
290.0225246
289.1927958
285.9519857
287.3232685
284.1165137
280.6758135
280.4985036
275.2412099
272.0250159
274.8808526
277.0618752
274.5029123
275.7463025
274.8608636
273.5340007
278.4420421
278.734844
277.7455733
277.9243638
274.8036728
271.2186075
274.1240466
268.7545924
267.774946
270.9528278
271.5885892
270.7507167
270.6740922
275.6335867
277.4448128
281.3167573
286.0274997
285.3058596
284.9466127
288.7397117
289.9644085
291.1770748
293.1987407
293.4374983
293.9625798
296.1156549
296.8178613
295.8691238
296.1417517
292.6818028
287.5377801
295.1369339
297.7397616
296.1160251
295.9868369
290.9477565
292.8518944
288.0502761
290.1642985
295.2396552
294.6383193
293.1665362
295.4149292
288.6651231
287.6367998
280.2889892
284.5407248
282.0002702
280.0878036
281.5351557
282.4231858
282.6404737
281.3369314
276.1940192
271.8978636
270.1095879
275.5519649
269.2622761
267.6596391
270.3551935
270.3551935
270.3551935
274.280257
275.5273488
273.1179333
273.1179333
270.5800699
265.1286237
269.3429725
270.1012591
270.2602458
269.7516366
270.8462198
274.1655053
277.4505503
277.2510305
274.5589926
278.6828356
279.0415272
277.5867717
278.3913292
276.2371436
279.6658134
280.0059967
279.6506366
277.7975817
279.3737518
280.5462551
278.057994
275.1444113
273.6733685
273.4459011
270.0020544
270.7353548
267.6687081
271.1917705
269.5411968
266.4469727
267.0266539
262.6796003
262.3436739
258.6129481
257.2849747
255.6432851
252.3708257
256.0199298
254.4041518
255.2096347
251.7687494
248.7317161
248.4018975
253.0154711
254.238132
254.160397
250.8018738
244.3097037
244.4794252
241.7966415
242.7015142
239.5112318
239.3357727
242.4464693
241.3559579
230.4702784
235.3659191
241.1329324
247.0704076
244.3863283
247.2656705
248.7668819
249.9249487
243.639887
246.2628887
250.207571
249.8833049
253.0471204
255.6299591
252.8115092
253.6129203
253.6129203
253.6129203
253.8970233
258.4682129
257.7010422
255.6062684
251.8583298
255.0040071
255.938308
255.052684
257.0571371
260.4278758
260.4278758
260.1111981
254.8955482
254.8006004
255.9384931
254.1191234
251.774487
254.4676354
254.2644138
255.776175
254.7517384
253.1870434
253.3264112
253.8226198
251.8822055
254.6771498
254.3837926
255.9532998
253.6993542
254.7993048
252.8538933
248.8372136
247.4705579
246.9301144
245.2995297
246.904943
244.8792053
246.4648147
248.003598
247.6669313
244.6761688
245.9040121
241.9434126
239.904534
234.8280668
234.9176471
232.8184313
230.6018727
231.9483543
234.0288767
231.0599541
232.575787
234.0679293
235.3953474
239.6655913
238.8839842
237.8658405
238.024642
233.0048103
233.8058512
232.1930346
229.9129923
229.7797323
229.7604836
229.7943538
225.8755832
222.8413262
226.6133256
225.7747128
227.4880297
226.8076632
224.6623616
225.7650885
228.1726532
231.641301
232.6261297
232.6070661
231.9109675
231.0125727
232.8652574
233.3357394
231.9261443
229.6438811
226.1846725
227.0545644
228.8720833
228.8720833
226.8483815
222.6392151
222.1267192
223.165037
224.1846614
225.1128546
228.3523692
227.8406136
225.1659735
226.8726275
223.2766423
221.7739503
219.2903163
219.1944431
213.9127184
207.2917303
205.9907791
204.0577682
190.5079984
189.4156362
191.8309744
180.6350951
181.3867188
177.5349484
173.4692216
166.1848946
158.5985116
169.6861171
174.3211604
179.0755825
182.2667903
190.7271371
186.2281301
188.8007892
191.0475165
195.0654918
191.2031716
193.3849346
192.7963694
198.2733571
200.7664303
197.8978229
194.3566224
197.4110536
200.9935276
199.8687759
195.0951051
199.4288327
205.1617906
206.0124339
200.9224556
205.8547429
202.6392891
195.3264593
198.9957375
199.2008099
197.678314
202.0947738
198.8869085
200.3316694
203.8956352
203.0168592
196.9013339
202.5521149
202.1521497
202.9602237
205.1597547
210.5107006
207.8121848
207.319863
208.7133558
209.339678
207.1247851
203.5813636
203.0890418
204.1712243
203.8443671
202.8138228
205.2013985
211.9267736
212.5456925
211.747798
207.6637479
207.6485711
204.4297858
199.7701264
198.6157613
204.8019885
203.4804931
201.2241415
199.2028458
203.8240079
203.8240079
203.8240079
203.8240079
207.2787745
207.6313583
207.6313583
207.6313583
205.3592746
209.4429545
208.5412283
206.5267806
207.8484611
208.232139
204.0986717
205.752947
200.8532344
203.4059045
200.7553253
203.4747556
204.254697
202.3744348
203.8499196
204.4753164
205.4579241
206.5998886
208.9347155
207.2700755
206.1845615
207.1238597
206.8512318
203.6827893
200.184158
197.0223784
197.6899742
198.6163166
198.1230693
196.4167856
199.7027561
201.9093202
199.4545593
198.5976232
194.5985264
194.1239726
196.5600401
195.6357337
197.9128146
198.8600714
205.1651221
205.6670683
206.6158058
210.8481076
209.9263923
211.5579024
210.7770356
213.0035888
211.6552563
210.1925422
211.8146131
212.6730298
213.953992
212.8818039
214.9103178
213.5040543
214.2560481
215.0358044
212.8170247
213.7879722
213.3071255
216.8925609
216.8925609
216.8925609
216.0313679
217.0519177
214.6747067
214.8079667
210.5282835
211.5908473
213.9613953
211.0611386
212.1368433
212.90642
217.9421688
216.7185826
216.5768087
217.9710419
215.8399917
215.2960316
215.2177414
212.2334568
211.1990257
211.2210506
210.589361
210.589361
206.6087726
205.4390456
205.5095623
204.4993772
208.0150362
205.4170206
202.8969252
205.8762125
209.0553899
209.0818568
208.7374166
207.7296376
203.3931338
203.7682978
202.2135973
201.7027672
200.8835881
201.4336559
201.2446858
201.0488676
198.1436136
196.7021842
194.7467782
190.3499372
190.2344451
189.2590557
188.3414122
189.6094185
194.5365234
191.3832577
187.9773532
184.3319508
190.3967633
190.7876594
189.03566
184.6171643
184.0097206
179.0154304
181.4696361
180.7293026
179.7937061
185.10708
186.1807487
180.7404076
177.2800885
178.6289763
185.3536111
184.7953996
184.1165137
180.6088133
174.968397
173.2386077
165.3409143
165.9159684
168.2939198
171.0735022
164.6140919
157.9075953
155.6158927
154.548887
157.6086856
158.6046193
165.9100458
166.5237823
167.5833847
162.8378466
162.3018451
159.3577236
165.0858694
163.4064228
168.2902182
170.5021497
167.5021331
169.6420672
164.7591973
164.7591973
170.1423476
175.1349721
173.452379
174.5806473
176.4583183
174.9080598
174.2663757
178.6554432
172.5774898
168.296511
169.8747171
167.3847902
161.4278813
163.4721274
162.4710113
166.5039784
163.2509527
167.9415211
170.398503
165.1874802
162.683487
163.0952976
161.5059865
156.8235619
154.2634884
152.0619215
144.9797056
145.0748385
147.268817
151.8620314
151.2360794
145.3404331
146.3904112
149.3602593
149.3843201
145.4625882
145.3631984
142.8027548
141.3104274
145.2160571
149.5784726
147.6697076
155.958297
153.7696859
156.7030726
155.640879
157.0278939
155.9590373
152.2497811
155.8505785
155.0434298
155.9196146
150.9425372
155.6125612
157.0675018
154.8935123
161.2862925
161.8641229
160.3183064
156.3962043
155.4158176
153.6560447
155.5525942
155.1611429
159.263146
159.1319219
161.6792246
161.515981
161.6894042
165.7549459
166.1615741
166.7431061
164.4806468
169.3359393
170.6731668
170.917847
170.675943
166.4421605
166.7592084
163.2768644
162.7695508
158.9721949
161.1782038
162.4915556
160.8304322
158.8398603
162.6448046
161.6792246
158.5853706
157.4041684
160.4828455
160.8650427
160.8650427
160.8650427
160.8650427
157.2244525
158.5494645
158.5494645
158.5494645
164.1598972
164.4460362
165.9126369
163.7656696
162.1332341
163.8859738
163.1741431
163.7082938
163.7580812
162.4053067
163.3031462
158.2344525
156.0658305
153.8370563
151.579224
150.9573438
149.3735853
146.7274481
146.9747195
148.7783571
151.5420223
152.6419728
154.1326345
149.8744209
152.2255352
150.340646
150.3798837
149.8638712
153.8901752
152.4089529
152.0682143
154.1013554
155.5351964
157.6575476
154.4811465
154.0343552
157.016974
156.8330011
152.922004
152.7837467
156.1161731
156.757302
154.994938
152.4587403
150.4154197
146.0248715
143.5347596
140.1503247
140.2548968
133.7179366
139.1908524
144.2551041
147.8901419
146.0009957
148.4920331
146.172383
150.5544173
145.7866692
148.5497791
148.3639554
146.0578163
147.0711479
142.6198924
143.988399
148.1844245
149.8720148
150.6639867
154.537782
154.9673605
154.0593414
152.6836166
153.6715917
154.302541
155.8261475
154.0156618
155.8300342
155.8300342
155.8300342
156.7967248
158.3873314
157.4595084
154.5957131
158.2107619
157.8302304
158.2440769
158.2440769
158.3177401
159.6214675
161.839877
161.3575496
159.1324771
159.334218
159.1300711
158.961275
159.7347385
161.6325836
161.7736171
156.9275787
157.1754054
155.9943883
158.6275697
159.4735858
159.4819146
161.6657135
163.9566757
165.0388583
165.8626644
167.5571029
165.9198552
166.3020524
165.5483928
167.0288749
165.3560912
166.4625197
168.3388951
169.3389006
168.0377644
170.2663535
170.8880486
172.338362
170.7124045
171.8606618
166.953731
168.0653418
168.5578487
167.4380942
167.3011325
164.4253068
161.3225689
162.545785
161.7552938
162.4804506
166.1669415
166.425503
165.3577569
164.1989498
165.7734542
167.3057596
166.8452721
166.0936485
165.6688821
166.3973703
165.2128366
165.7295895
165.2257925
167.0719993
165.7738244
167.3275994
165.5694923
165.7971449
167.3261188
165.8208356
164.8261974
165.28687
163.8387776
164.0742036
165.3988454
166.9037585
167.6155892
167.7088712
169.7114735
169.7114735
170.9456095
170.7025951
169.5028845
169.0475794
169.4691993
167.9653968
166.4801026
167.1723145
167.5156442
165.9833388
167.8574932
168.1969361
170.28079
169.9282062
169.3411216
170.8214186
169.4753071
168.3710996
168.4445777
167.9431868
167.9354133
169.4490253
169.6679789
171.9996594
171.8797254
167.9548471
167.6961005
167.881369
166.4776965
165.3720084
165.0568113
162.4817462
164.9157778
164.2644694
167.4939894
166.4937988
166.0405296
166.0888363
168.0638612
167.1019828
168.7386752
168.8406562
170.893416
170.833449
169.8538026
170.1399416
170.1084774
167.7123878
166.5504343
166.8265787
167.8943248
168.6753767
169.1745466
170.2458092
170.7285067
173.0579663
173.3368869
172.7435096
173.6132164
175.6931836
175.2127071
173.7794213
174.5473323
175.6489486
176.5305008
173.6580066
174.6704128
174.2680415
173.8615983
173.8205098
177.0703891
177.4644316
177.5173654
178.4981223
178.7892585
180.8666345
180.9950823
182.1557403
183.3584121
182.2257018
181.3998597
181.5821668
180.2745527
181.5296032
180.6319487
181.7318993
181.520349
181.964179
182.687855
181.2417985
178.1336931
177.898082
177.898082
177.898082
177.898082
178.83701
177.8418166
177.8418166
177.8418166
181.1727624
182.1568508
183.1409392
180.0246901
182.1798011
181.7914962
181.7831674
181.4450201
183.0471019
183.9340215
184.3965449
186.1907432
185.7195209
186.3284453
186.1305911
186.2558926
186.1117126
187.1592846
187.5875676
186.0817291
184.2540307
184.6747252
183.6108659
183.8529549
182.8435101
183.3411994
185.4968656
185.5459127
185.6338273
185.6608495
183.6971147
184.3610089
185.5564625
185.5394348
186.552026
185.3943294
186.2732904
185.0656213
185.2666219
185.8614799
186.2440473
188.0573092
188.356404
187.9318227
188.5246448
188.877969
189.4885591
189.1996439
189.4280368
185.4048792
184.1067043
179.7135649
180.1696104
181.5395977
179.2614062
179.4601858
177.021527
177.0618752
177.3420915
179.8310929
180.0928008
182.512581
182.1694364
181.857756
183.5314651
186.6306865
187.9764278
187.6530871
186.7398857
187.4222881
187.4222881
187.4222881
190.6397778
189.4672745
189.3915754
190.5344653
190.4496971
191.5927721
190.3812163
191.324031
191.7562008
192.1885556
192.1687516
190.6438496
189.486153
188.9086928
190.2886746
189.9297979
190.9035216
186.8811043
186.345658
182.2751191
184.6797224
182.8740489
184.9312508
184.157232
181.9578861
182.6395482
185.5572028
184.9912178
184.5857001
182.5712525
181.7085788
183.4531748
184.1633398
183.806499
183.862024
183.2007211
184.1698177
184.1581575
185.5629404
187.2694092
187.6949159
187.4169207
188.5076171
188.3062464
187.095801
189.3262409
190.0345551
190.664764
191.0149418
189.3517824
188.2183318
188.944599
189.6919657
189.9601515
190.8180131
190.3166222
189.1761383
188.1703952
188.1557736
188.3167961
187.5657277
187.4387605
188.1620664
188.7450791
187.4868822
187.6719656
186.7898582
185.4816888
185.4370837
184.7857752
185.1431713
185.8226124
183.5436806
183.5546005
182.0037868
183.6093852
183.4278184
185.542026
186.5057552
185.8675876
186.4735507
184.8970103
183.990657
180.9384468
179.2702902
180.3319286
178.5449484
178.1436876
177.796101
179.4579648
179.3974425
179.6371255
179.7763082
179.2038453
181.1357457
181.3010252
181.9506679
182.6823025
183.8701677
183.4156029
182.9549303
184.6221615
186.2044394
188.2270307
188.1424476
187.9708753
187.7706151
186.6719601
187.2479396
188.7856124
188.3506664
188.1542929
188.3232741
189.588319
189.2755281
190.4530286
189.9103641
189.5190978
190.041033
189.1470802
190.1955776
190.748977
189.2150058
192.7519494
193.9079802
194.7501097
194.5095013
195.0473536
194.6142585
194.7293803
193.4882111
193.9089057
193.4408298
193.3205256
193.0081048
194.3364483
193.208365
194.1683926
194.6364685
192.4117661
192.6919824
194.7900877
196.0177458
195.4473188
197.3903242
198.2570697
198.4876836
199.1874839
199.988895
200.7314496
200.1610225
200.4107
202.5117667
202.5363828
201.9592928
200.5298937
203.3575978
203.8045742
202.7199855
201.2265476
200.9113506
201.6155929
202.7745851
202.2663461
201.7259026
201.2352465
203.602278
204.0288952
203.6679826
204.3920288
205.5067861
206.5954466
205.278023
206.5715708
207.4768137
208.1951223
208.0098538
208.3961229
207.7066872
209.1011055
209.5047724
211.1810726
211.8229418
211.8229418
211.6163888
212.160719
212.1077852
212.1860754
212.1860754
212.8771768
213.4764768
212.7392897
213.4194711
213.9525113
213.8057402
211.4164987
211.0740944
212.735588
214.2321723
214.6308419
214.5036896
215.2566089
214.8671934
215.5458942
214.3813495
215.65861
215.048205
214.6685989
213.9158648
216.13594
217.3795153
218.0406332
217.9103345
220.1344816
220.852235
221.6558671
221.1333766
221.4221067
222.7162098
222.6406958
223.1367192
221.5820188
221.5148335
220.3143826
217.7326544
216.4294823
215.7705854
216.1918352
218.3639739
218.9808568
219.6390134
219.427463
219.2842085
221.0223266
221.3599187
220.0423101
219.4085845
217.671762
217.514071
217.7909557
219.7626491
217.116882
217.5216594
219.1192992
219.902387
220.124302
219.8879505
221.438209
221.438209
221.438209
222.1098766
222.2912583
223.0410311
224.430082
223.6183062
224.5688945
224.7584199
227.2187334
226.6264666
226.9194536
225.5999941
225.6919805
224.9355447
219.760243
213.8105523
214.0898432
213.7992623
214.7535522
215.7724363
215.9044007
215.527756
213.1879318
212.7894473
213.4226176
215.10373
215.4705653
215.6245546
216.5738473
216.4726067
216.0221138
213.9985971
214.6756321
216.0633874
216.0702354
215.6869277
213.7489196
216.9567849
217.4911206
217.8718372
217.7259914
217.3567501
217.398764
218.6336404
218.0876444
219.3071588
218.1896253
220.6144028
220.8313206
219.6395686
219.0080641
220.9177545
221.0463874
221.5085407
222.1455977
223.7561934
224.1435729
223.948495
224.640892
224.6725412
221.4169244
222.2386946
221.9834646
221.9166495
219.8422349
217.7182179
219.7376628
220.8252128
222.0223322
223.2052001
224.0056858
223.2392554
224.3208828
220.6201404
224.2994131
225.7004944
224.7202927
226.565204
227.8234008
227.0258765
227.5877897
229.9076249
228.7608482
228.802492
229.0852994
229.6518396
229.8417352
230.4880464
231.2033937
230.6459225
230.0952994
232.2104324
232.0856862
229.5050685
228.2635291
229.5402344
230.9350228
232.5748616
231.9650118
231.159714
231.159714
229.956672
229.1115812
227.386604
230.6005771
230.6333368
228.6164832
230.087711
228.3814273
226.2329793
227.0745534
226.5561349
229.0506888
230.3205459
230.3294299
231.2259739
232.5352538
232.9709401
233.4715906
233.7186769
234.0003739
232.6250192
234.5215687
234.2230292
235.9341251
235.7508926
235.9898352
235.4018253
233.7790141
234.3847921
237.4640244
236.8301138
238.7477628
238.1656755
238.1007113
238.3622341
236.752934
233.5450687
231.7240333
230.0003517
230.1424957
229.8061992
228.5742841
226.2729573
227.1517332
227.0971336
224.5535326
220.6293946
221.0095559
221.8187404
222.89426
222.1765066
223.1396806
218.2164624
218.8205746
222.7602596
222.4632008
223.6410715
226.5548393
226.6355356
227.2881397
226.4830269
226.6109195
226.5798255
229.361814
228.7726935
228.6768203
228.6620137
230.2431811
231.306115
231.6222374
231.9614953
233.4754774
232.9211526
233.2768829
232.0777276
232.5495052
230.975371
233.9411472
234.7470003
234.1532527
235.4294027
235.7721772
236.2830073
235.7991993
236.1986093
236.6639089
237.0220453
237.0089044
238.5691573
238.7999563
240.2611897
242.0400261
242.2177062
241.8136691
241.8136691
242.3552231
242.4960716
243.1142501
241.4024139
243.0731616
244.1122198
245.7561304
244.4048366
245.9989598
244.7490917
244.1642282
246.5355166
247.1718333
244.5042264
246.8584871
244.971747
243.047435
243.1721812
240.6572681
241.2715599
240.1183053
242.1714353
245.7305889
246.9836035
246.7596526
246.713937
248.738194
245.5356961
245.1627531
248.3663615
247.5510691
247.5875306
250.0730154
247.8375782
249.4391048
249.0770817
249.4289252
251.1502007
252.2048059
253.4713315
254.2170325
256.7254677
256.0032723
256.877236
257.7402799
253.5387019
254.4659696
251.1470543
251.7746721
254.3049471
253.5714616
252.5085277
254.8492773
256.7680368
258.5433567
259.4365691
260.173016
260.4213979
259.4088066
260.2392758
260.9264904
260.4878428
258.3025632
257.8853853
254.6680807
252.9941865
254.6321745
257.8222718
255.8328105
258.05122
256.5107709
259.1972563
258.7887773
256.3262428
259.711418
254.1742782
254.413406
253.8063324
253.8063324
253.8063324
252.9168217
256.606274
258.5579783
259.3902983
255.4713426
255.6436552
257.5879563
256.2168585
254.096173
254.096173
256.5814728
254.9521837
256.4230414
258.2446321
259.1439523
260.8568991
260.1626513
259.4963511
255.5488926
252.5262957
252.97975
245.9963687
245.8979043
246.8962441
238.5937734
241.7720254
240.3257838
243.7540834
246.3787509
246.0826175
241.1991923
245.6545196
246.9954488
246.640829
246.0855789
242.206231
244.4327842
239.540475
242.6261852
240.2313913
236.9048875
236.109214
240.12867
238.2321205
237.2943029
238.4495935
239.5376987
240.1201561
240.8164398
239.9161942
238.7762656
239.4470078
242.7901691
245.2747285
246.7920422
247.2988005
244.2267864
246.1721979
245.3748586
246.5686465
244.1392419
244.6163869
241.2813693
239.1527253
238.1395788
237.3851789
242.4163007
241.8721555
240.3409606
244.0174571
242.9228739
243.8120145
245.972678
247.5092403
246.8768103
244.703191
247.5643951
245.7676056
248.576246
246.1431398
246.958247
248.4925883
247.0146975
246.9552857
248.5014723
248.5014723
251.2540325
252.3882235
252.8916503
252.1448389
253.1689053
251.2482949
254.4976189
254.7615478
255.1267173
255.0767448
256.5135472
256.3016267
257.7898822
258.2498145
257.6799427
255.7249069
254.671042
255.8159679
254.8387276
256.3610385
256.4774559
255.9203549
255.3832429
255.3162427
253.638832
256.2301845
257.4756106
254.937377
254.7363765
256.6921526
257.3529003
258.0847201
258.6153541
258.401953
258.1730048
260.1273004
261.7669541
261.729012
262.5356054
264.3355414
265.977046
266.7558769
265.9059739
266.123632
263.0603168
265.3416547
264.900601
265.0153527
264.3897708
263.9820321
264.8413743
263.9844382
264.2578064
264.8646948
266.0534854
267.4034836
266.1789719
267.6881419
270.1793643
270.9759632
271.2467402
270.4488457
271.6165368
272.2356408
271.6951973
273.8495679
273.7605428
272.875474
273.0361264
273.3109753
273.5576914
273.596744
272.0492618
268.0960657
268.6613104
271.6800204
269.6098627
267.1858256
268.5883875
270.0429579
270.5075172
271.6626226
271.5732273
272.9920766
272.9933722
274.016143
274.0572315
275.8405099
275.6567221
274.7809075
275.0376182
274.7690622
272.0005849
272.0005849
272.0005849
275.5932385
276.1555219
276.5377191
276.5377191
279.6634073
280.0755881
278.892535
277.3060002
276.5110671
277.112403
275.2314005
279.1312926
280.2306879
281.7265319
280.6462001
278.2943455
278.1346186
280.8261012
280.0518974
280.6821063
283.5851393
282.7629989
280.8175874
280.9125351
281.2804809
280.4514924
282.0522787
283.1607431
283.7885459
283.1909117
284.5836642
282.1990498
283.8631345
282.2902959
283.6204902
285.1681575
285.1185552
285.1664918
285.91719
283.415788
280.9427037
281.9451154
281.7966785
283.9634497
276.1109168
272.9097145
269.7690344
268.9641068
266.3612791
267.6490893
267.6577882
270.9826262
270.5236194
269.1671433
266.9180099
260.5389258
264.829714
264.3807017
268.3377846
268.4680833
269.7893936
275.2016021
276.8155292
273.7907114
273.6639293
272.6874293
276.3476384
276.3791026
278.4272354
281.0048918
281.0600466
281.3861635
281.3861635
281.3861635
284.0310052
283.3784011
282.7779906
284.4052438
287.1718703
287.3726858
286.2553373
284.2033178
287.8862922
286.5387
285.27347
288.3247547
289.1298675
287.7708001
288.5529625
288.5529625
289.1117293
287.9934555
289.7697007
289.9149912
287.9732814
289.4274816
286.6464185
288.0580496
288.1918648
290.782292
289.426186
290.6451452
293.0538204
287.4280257
286.2703291
288.1109834
283.9802923
284.3560116
285.3471332
283.9712232
283.9308751
284.5096308
284.0944888
282.2234808
283.3343513
279.4342741
276.9602644
275.4620144
276.1814335
275.1768009
276.9128831
281.4390974
284.6924932
281.8968086
282.8283333
282.5347911
280.0426432
278.1438727
277.8460735
274.7031725
273.4288734
274.9569218
276.5097715
276.837184
279.3881883
279.476103
277.1527512
278.5405064
280.3132351
276.9784026
275.2138176
277.3430169
278.5960314
279.283061
277.7165152
275.5682523
277.9191815
273.8460513
275.4634951
270.4351496
267.6944347
262.0327338
261.1593253
260.6298018
264.9911067
259.6085116
261.7177219
259.5985171
257.9999519
262.7103241
267.557473
263.6514732
256.5659258
260.2603753
258.0323415
258.0323415
250.0263744
255.0267723
256.2355519
256.5070693
260.8533825
261.8526477
263.3966133
263.3649641
258.2748007
260.2931351
262.5207987
264.9133717
265.5543155
265.8519296
259.4785831
260.2007785
254.1901954
253.9469958
256.7717385
257.9807032
260.6755174
258.6923488
256.315693
260.5596552
266.2844695
264.1199192
263.9999852
264.3135165
262.4593511
264.8413743
264.7647498
263.4497323
266.9385542
267.1277094
266.9818637
267.9067254
269.3376051
268.509542
271.0914553
269.8669436
270.7164763
271.4929011
267.7777223
266.911532
265.7453216
263.7036667
263.7632635
259.5566883
260.5435529
259.2624057
262.5957575
264.4058731
265.3098203
265.433456
267.6170699
262.4388068
262.2916655
260.6505311
260.5996332
259.7791585
255.1102449
250.3560079
252.6810254
254.4804061
255.4419144
254.5942324
255.6356967
249.8849707
251.9973274
248.3643255
248.6400998
252.7552439
250.7295062
250.5386852
255.4369171
256.1600379
258.8350481
257.7476832
255.800791
259.9907088
260.188563
261.5618817
262.7234651
261.7384513
261.917612
257.6817935
258.0891621
254.1169024
254.0974686
252.3151156
251.4450386
253.2697757
253.2697757
253.2697757
253.2697757
254.6614177
256.0674962
256.0674962
256.0674962
252.8405673
253.0821011
249.0317362
250.3708146
250.1722201
248.5766162
248.394124
249.0098964
249.8540617
244.4029858
244.2645434
241.4705245
238.737028
226.5751985
228.7130967
219.5346263
227.8337655
227.739373
227.9231608
229.89689
228.3494078
228.2894408
230.5287647
231.3218471
224.0678738
225.5994388
221.6034885
220.4568969
218.4298636
225.1222938
226.7980389
227.0582661
223.1866918
225.7785995
226.7449199
224.5155905
224.5761128
221.5353778
224.7040054
227.9168679
228.4021566
225.5200381
222.1892774
219.429684
215.7765081
220.9771663
216.9081079
212.3955898
209.9400885
214.0689288
213.9789782
210.6889359
208.7490769
201.7331209
207.4651534
203.5595237
200.0649643
200.0649643
200.0649643
207.4142555
206.3453989
208.8877044
209.1183183
208.5830571
214.6412066
218.6036569
218.4833527
220.1955591
222.055277
222.3747309
222.3306811
221.6408753
219.5309247
216.8322238
216.4307779
219.8155829
219.1068986
223.7250993
221.7648812
220.7128672
220.4522698
221.5790574
224.4672837
223.9266552
223.2531367
224.1583796
224.1583796
227.8087792
227.6560854
226.1582056
227.7308591
224.7260303
222.6149692
222.7993122
223.0800837
226.0997192
225.8992739
227.0014455
221.7165744
218.2109099
218.1529788
219.549433
217.0920808
216.4248552
216.2177469
216.1094731
216.1416776
218.9875198
215.7344942
216.0974427
214.1129786
214.3878274
209.1557051
209.0135611
206.3041253
202.2202603
203.0866357
203.5543414
202.7929083
203.8140134
200.5167528
199.3061224
195.7293859
195.1417461
194.1208261
197.0466244
192.6433054
191.1691162
192.0388231
188.5866477
190.1581908
191.0006904
187.5673935
189.6081229
186.1274447
188.8598308
186.505385
181.5129457
181.7357861
177.1821794
177.9184412
180.9882342
183.9989857
184.6480732
185.0972706
188.8887038
187.8448335
187.8677838
185.91719
184.960494
185.7657918
185.1307707
183.7628193
181.6991395
187.5298216
188.9840218
189.7765488
189.3477106
192.7662008
191.6977144
187.9584747
188.0708203
188.0708203
188.6978828
184.6058742
183.7208054
181.0905854
183.311401
182.0741185
182.408194
182.272713
186.4035891
187.7060209
187.4957662
190.1167321
189.1080276
183.9325408
179.7981481
185.2742103
184.1911023
182.9173584
182.0728229
184.8960849
177.9021538
172.8860238
169.0042699
166.993709
181.4174426
178.2625112
176.1433064
175.5549263
179.789079
177.325434
168.6344733
166.789562
167.7703189
164.9098551
169.0870021
155.11043
153.4196932
144.4246405
141.5906437
131.5361736
146.8096251
152.480395
144.4255659
134.981686
141.4927346
145.0644738
143.0779738
137.9900314
138.1388385
130.7806632
125.7632376
122.523538
134.7347848
137.0483271
141.1088716
142.5121739
152.2153556
150.0008329
142.4957014
144.5368011
145.4779501
136.6494724
133.2630016
134.6818509
137.7773706
132.5311819
132.9726058
129.3627394
126.5557647
122.6542069
131.8150943
131.255217
131.9289206
133.3627616
132.3379549
124.1470895
126.6712567
126.618508
125.3843719
118.6454857
127.8735584
129.7647405
131.17304
130.4032782
127.1443299
126.3910405
128.0477219
128.6790413
129.9413101
130.1091807
127.4071483
126.7713868
126.7713868
126.7713868
126.7713868
127.0675203
129.0125616
129.0125616
129.0125616
132.6131739
134.8576801
137.6892709
136.4697564
136.9287633
133.6675939
132.3053802
129.4687922
124.9014894
122.703439
124.9646028
123.0750865
121.2040785
118.8409338
116.9677048
116.7363506
120.1069042
119.6347564
123.1239485
121.7237927
120.4598582
117.745055
119.2660703
121.6397648
121.7228672
124.5076319
125.8752131
123.0430671
121.8896274
119.3080843
119.982158
118.24441
113.902909
113.0270944
112.5599439
106.2471196
105.2833904
105.4703247
104.0851606
107.0263207
104.834008
98.3007494
95.74215663
97.90781737
92.07732044
87.77413164
86.20314383
92.15209413
92.2761
94.76121467
94.24686793
96.40790158
95.73401296
97.92725112
100.0634836
101.4514239
106.8482705
107.0005941
109.9880251
111.2264181
110.1042575
103.2687577
107.2769236
108.3170923
113.3844904
113.4420513
111.9924782
111.3909572
113.5962258
116.1261306
116.1261306
116.1261306
118.3893303
118.3426893
120.4878058
122.7424916
117.4402227
117.1703711
119.7815276
120.246272
123.8600251
124.7967322
123.0615754
125.6440439
127.3519934
127.3519934
131.1874765
130.3564521
132.902089
131.1036337
135.6552045
133.7022045
134.9024703
129.2470623
128.3916068
130.1856201
133.3137145
134.3511069
136.7992049
132.722188
133.4538226
133.1358494
135.5080632
135.5282372
134.7947518
133.039606
137.0055729
136.9139566
134.1941562
134.3214935
134.6629724
132.8286109
134.0246198
135.3981236
137.4177536
136.0053822
132.2557778
131.0629154
127.5988947
128.9105807
129.9359426
124.5000435
123.9207325
127.6588617
126.8792905
126.2916507
127.952589
127.7773151
130.3782919
127.0782551
127.1171226
124.4583997
122.7463784
120.3893414
121.7167595
119.6432703
122.0351029
123.5035545
127.9505531
128.7319752
129.0758601
130.6821989
132.744398
133.3144548
135.4364359
134.7882739
136.2946676
133.9616914
135.6046767
139.1680872
136.9602274
139.1120069
139.2404548
139.0785068
139.9319263
141.6631964
142.7409369
140.6637461
142.4857069
144.2319687
142.5119888
138.7420252
140.6163647
140.0651864
141.7092821
144.971747
147.7629896
148.6486136
149.0763413
148.4539059
149.4292954
147.9406697
144.9845178
144.0109791
145.0576257
146.8086997
148.9329017
148.9340122
150.8581391
151.1411316
152.302715
152.3663837
152.9584654
155.2277729
155.9155427
155.2982896
152.2712508
152.3523173
153.3521378
151.643633
152.7854125
155.0898857
155.6188541
155.0395431
152.2884636
149.7317216
150.8516612
154.9764296
154.6499425
156.1813225
156.8265232
159.1089715
157.7456473
160.5411468
160.4865472
159.4293509
161.2505714
159.9727557
159.811363
157.5546412
154.9869794
152.2586651
151.2186816
147.8064842
150.6486247
145.9776752
147.6969148
145.3197038
148.1831289
149.5314614
149.2782673
152.6838017
152.302715
153.7506223
153.3760136
153.7955976
155.9073991
154.4209944
154.0976537
150.8770176
148.8433214
151.6795392
149.9660372
150.2073859
144.9121502
146.6626689
144.9154817
149.0702336
149.1912781
149.348599
151.3554582
150.4396656
147.8544208
146.7553956
147.7054287
147.9084652
149.4143036
149.1537062
150.9138492
149.6382545
148.1623996
150.0060152
151.5758925
152.3680494
152.3680494
152.3680494
153.6075529
154.1015404
153.2718116
153.2718116
153.2718116
155.1990849
155.4160027
155.89833
156.4700526
157.0323359
156.8763106
155.5481522
155.9875402
156.9716286
154.8772249
155.1672506
156.4167486
152.6377159
150.9988025
149.0979961
147.6924728
147.950294
145.3398779
142.7279811
144.8240505
145.4461157
148.2142229
146.520895
141.5597347
137.6796466
138.5232567
137.9822579
140.6831798
139.6598537
139.4821737
140.0735151
141.2297311
143.400204
143.7166966
144.2047615
143.6880086
140.5145688
141.3037644
137.8328956
139.260999
140.8952854
141.6485748
143.6441439
144.1751481
146.9774957
147.8940287
147.6921027
149.5451576
148.9660316
149.0034185
147.7026524
149.3273144
151.0358192
150.2680933
149.6947049
149.2749358
150.247549
150.3215824
151.7874428
151.93662
152.160756
151.6449286
150.682495
152.9212637
152.9212637
152.9212637
153.8196584
152.4402319
150.3922842
152.3047509
153.6001495
153.0474905
154.7976391
155.2686763
151.8829459
150.4004279
153.5844175
152.0822807
149.3125078
150.2073859
150.5031492
145.7180032
142.2360294
143.5292071
142.6470997
143.0113438
136.5139914
134.9315284
129.1169486
124.9956968
138.7364727
138.3026373
139.334107
138.2959743
131.0901227
131.4874967
134.6779642
130.1437913
128.0132964
129.5498587
125.8939065
121.7265689
124.2638771
129.8380335
128.8411744
129.1278686
127.5866792
126.8763291
128.9187243
124.015125
123.3155098
122.7136186
125.0106886
128.0377274
129.8622795
133.3357394
135.8704564
135.8980339
135.9196886
137.010385
137.3818474
136.1614075
134.4841818
131.6934945
131.7090415
132.846564
127.0865839
127.539668
125.104896
126.0219842
124.4213831
127.7502929
131.978708
133.4038501
135.0120397
135.2073027
137.3975795
137.0401835
135.026106
132.8382353
132.6524115
131.7799284
132.7512461
136.4573559
135.9483765
137.4754996
139.7109368
139.2597035
139.3942591
138.8932383
142.3987177
142.1964216
142.1821702
141.0777776
139.7085307
141.4451681
141.0074459
136.6879698
136.5495274
136.1987944
135.7966082
137.4471818
136.5191737
133.7288565
132.156203
133.1228935
131.0534761
129.6448065
131.4958254
132.2198717
131.4406706
131.7712295
135.8003098
136.0303685
137.6078342
137.6670609
136.0014955
137.2752394
138.9334014
138.7453567
139.6459725
139.673735
138.7616441
137.5665606
136.4151568
137.8475172
137.7775557
135.5115797
134.8954371
136.9946529
136.8774952
136.6655747
135.6357707
136.4558752
135.9267218
133.9526224
136.570812
137.0364818
137.8440006
138.2650653
138.7821883
138.0677664
140.6454228
140.4497897
140.2280598
141.4329526
141.211778
142.4301819
143.682271
143.0868578
142.3885382
141.879929
140.9852359
142.8529124
142.552337
140.9794983
142.3579994
141.0981368
142.8656831
141.1643966
141.2954357
143.6670942
140.546033
139.371864
139.036678
140.1649463
137.3044825
137.8325254
139.3781568
138.706119
136.1451202
133.4397563
133.2433828
133.2098827
132.4906487
129.1008464
127.9118707
130.8421109
133.9887136
134.1847169
133.010733
134.2361701
136.0066778
136.7057378
136.4849333
137.4851239
138.1088549
136.2482116
136.0329596
134.1823108
136.0842277
138.4512592
138.4966046
138.8491885
138.8491885
137.1469766
136.7988347
136.93265
135.0296226
135.0296226
136.7251715
137.480867
137.6174585
138.3361373
137.884719
134.9013598
136.4862289
141.1725403
142.2674936
143.3176568
142.5032899
143.937501
144.7744481
145.0772446
147.1988554
147.6460169
146.5140469
146.9310398
148.5192403
146.5980748
146.8325754
150.1235432
150.8657276
149.6719397
150.7470891
151.7842964
151.5109282
151.186292
150.7480145
151.4676187
151.1916594
152.1150404
154.047311
154.0176977
153.3188228
147.8712634
146.3730134
145.8486721
146.161278
148.8342523
149.8320368
148.347483
148.3646957
147.9447415
147.7940836
147.4631545
148.9453023
149.4959254
147.1387033
145.799625
144.9456503
142.1895735
138.9498739
140.9030589
141.3222727
143.3615215
143.5976879
144.5081131
146.6014063
146.3213751
146.4674059
145.3082286
146.8231362
145.2243858
146.8431252
147.2950988
147.4135522
148.9071751
148.2849248
149.3998671
149.2040489
146.9630592
147.5075745
145.8867993
145.8514484
141.4764472
141.917686
143.6981882
145.5486519
145.5486519
145.5486519
146.447602
148.5899422
149.6030887
149.9706643
149.9097718
149.2190406
146.6508235
145.417798
146.7283735
144.8666197
146.9443658
147.3380382
145.6191687
145.5680857
144.9030811
143.1995736
143.5371657
144.296933
142.3922398
137.5291738
137.9383931
139.3827839
138.4880908
139.5099362
139.2708085
141.4812594
139.913418
138.8016221
139.4081403
137.6594725
138.0103906
136.1108798
136.9513434
135.1297527
134.908393
136.6746438
133.772166
133.3442533
134.8822962
132.0377496
134.7695804
134.1092029
130.6821989
128.7084696
129.6177843
130.5200658
133.2818802
135.3535185
137.3570462
137.0499929
135.6633481
132.5493201
132.336104
127.9564758
122.9701442
124.3558635
126.5115298
125.2011394
124.0799042
120.4158083
122.5698088
126.2487114
130.6794226
130.6074252
127.6934723
128.1160177
124.5172562
124.8124643
123.9170308
119.2484874
116.4920405
114.710798
109.0774148
108.0727822
105.6213527
105.9452486
99.15139266
103.085155
107.1951168
107.1951168
106.1427326
107.6004494
101.267266
98.78585297
100.7627286
99.7325545
101.4969545
101.1856442
100.159727
102.4460621
102.2600533
105.4942004
106.2463793
102.132901
97.28149518
95.43195687
99.48232176
100.1793458
95.38994294
91.72122
93.48062269
95.86653267
99.08605822
98.54487439
95.24927956
97.0873427
95.60149325
91.08841989
92.23908332
95.05512709
99.78659885
99.27151178
101.3720232
100.0531189
98.67443277
96.22689003
100.0868041
103.526764
104.9898482
108.5723223
108.116832
111.3802224
107.557325
110.4505485
108.1538487
108.4464656
110.4892309
106.8475302
109.6363667
110.3585621
109.3609626
109.5116205
115.3837612
113.3883771
109.206418
102.1974951
104.3846255
107.5834217
104.8947153
106.2452688
106.9733869
103.0064946
103.8767567
107.4355401
105.5023441
104.4847556
105.4451533
104.0403704
104.1630807
99.2757687
97.88375653
95.50136314
95.44953979
95.6064905
99.94595565
100.2522687
104.6603997
104.4592141
105.9160055
108.8860386
108.4224047
107.0905446
102.7107313
106.0657379
102.2557963
102.0612737
99.06829022
100.2376471
99.71867325
99.62039397
102.3714735
101.438283
102.847693
103.2354427
103.2354427
102.3409347
101.5162031
102.3252026
103.6020929
106.0424174
107.2819209
105.3837056
101.8173338
101.1373374
99.07106647
102.0368427
102.3266833
104.5784078
103.3809183
104.5604547
105.5982173
105.0435224
107.9326741
107.7686902
109.9399034
110.1855091
109.3211697
111.0448513
109.6513584
108.4566451
109.2769347
111.9584229
112.0683624
113.0505999
112.702273
113.4696287
114.7361544
114.6828504
112.7402151
112.9154891
113.4383496
113.7157896
112.8551519
113.9706495
114.9314174
114.7411516
113.8927294
112.3097111
113.5344079
112.3815235
112.3478383
112.3056393
115.5057311
115.8853371
115.1786888
111.596955
112.5975158
114.2543823
113.0502298
113.1081609
115.4009739
115.6895189
116.6924858
117.4224547
117.7926215
116.553118
115.0332132
113.0657768
113.1042741
114.0966913
113.2673326
112.9869313
109.523836
109.9774754
109.8582816
107.7757234
105.2310118
105.0553677
105.0553677
105.0553677
99.99722375
101.4107056
102.3635149
99.10401131
99.64852664
103.125133
100.7512535
98.6751731
99.6066978
96.15211634
98.44418903
101.1395584
100.5732033
102.4623494
101.2093349
101.2093349
98.70367594
98.1915502
96.697372
98.99536736
96.93150249
95.91243335
97.37977446
97.7860325
95.05087017
92.71104596
92.45359497
91.19336217
90.97977594
90.1768842
93.16283452
89.73009289
90.89648841
91.1874395
90.53631614
90.66198776
89.10950829
89.2586855
88.3728764
89.37621345
89.92128403
92.97571521
93.73751844
93.10249733
90.67660935
90.1890997
89.57147643
90.77155713
92.84856292
90.21167987
93.21484295
95.02144191
95.00682032
94.33367204
90.72750728
89.94664046
92.26332924
92.88076743
98.77585846
99.19988451
100.7084992
99.90893897
98.01238948
95.57317549
96.17728768
96.55208154
96.60760656
94.76065942
95.62481376
95.25298123
94.38734622
94.89558521
95.1006576
91.01494178
88.24479869
85.93218174
86.74876966
91.67420881
94.41122198
96.85913488
96.2416967
96.41289883
92.24056399
98.12936218
99.59133588
101.7462618
101.797715
101.5874602
100.9268976
100.8051127
101.6705627
101.6705627
103.2987412
104.5843305
103.6278195
105.8984225
104.6994523
103.2868959
102.7801376
103.6824191
103.542311
103.2615395
102.2108211
104.3187358
105.16031
104.6905683
103.9467182
108.3685454
110.7629693
110.5830682
111.4257529
112.5592035
111.5277338
114.2730757
113.2397552
110.7205852
111.0165335
109.2589816
110.5410543
109.4429545
109.8075688
106.2861722
106.4510815
104.1036689
106.871591
106.6307975
106.7925604
106.5245596
108.9839477
106.9391464
106.5260403
106.3437332
107.4025952
106.3959267
107.0009643
109.6532093
111.2978603
110.9171437
108.7461156
108.6611623
106.72519
107.5780543
106.3118988
106.7396265
105.2065808
106.5091977
106.7411072
108.3224597
108.0429838
106.5132696
107.4695954
104.9463536
104.2474787
104.3427966
104.0831247
105.4214626
104.9408011
104.4262693
102.3109512
105.3213325
105.1188513
105.8895385
106.9256353
107.4631175
106.5958167
106.2132494
106.1282961
108.9750637
108.4035262
108.7614775
109.8719778
109.0478015
108.1990091
107.368725
105.1338431
106.6459743
107.8062621
108.4003798
108.6842977
109.2900756
110.1979097
111.3256228
111.6722839
111.3443162
111.3443162
111.3443162
111.3443162
111.7627897
110.7857345
110.7857345
110.7857345
114.9643622
115.0169259
115.3597003
114.6526818
114.9976772
117.6036513
118.3739684
118.770417
117.98918
118.61069
117.7689308
119.2840234
118.8385277
119.3552805
119.9308899
119.0895008
120.0809925
119.6989804
120.736928
120.7593231
116.3097334
117.1994292
116.1294621
111.0104257
112.4207612
111.6160186
109.8690165
111.1584925
110.3994655
111.0816829
111.6184247
110.3480123
110.274164
109.781287
111.326178
110.3520841
106.9367403
108.5204989
109.2278876
103.999467
105.7905189
106.3644625
104.6790932
103.7903227
106.9010193
106.5210431
107.0774037
108.7329746
108.109984
107.9039861
106.0265002
108.7653642
107.9852377
106.9328536
105.202509
107.3916753
106.8852872
107.6422782
104.9370994
103.7440519
102.7475629
102.6285543
102.6285543
102.6285543
104.2574732
101.7908669
101.6476123
102.2670864
102.3190949
103.7212866
106.7884886
107.2393517
105.6865021
104.5363939
103.893044
103.0329615
103.6565074
105.3154099
106.7918201
109.6619082
110.3269128
110.6572866
110.1238763
112.5834495
111.5084851
111.5084851
111.1923627
112.5266289
112.0739149
113.7091266
114.331377
113.3824545
114.6539773
113.9911937
115.1420422
116.1305726
116.3571147
116.7543037
115.7404168
115.1555533
116.0184121
112.5636456
111.6928282
113.4105871
115.7968673
114.0108126
114.4772227
113.3443273
112.5797478
112.870884
111.7111515
108.8153367
110.0069036
109.0592767
107.2989485
105.5706399
106.0618512
106.3520619
106.2084372
106.0048455
104.8351185
101.6083747
99.75791093
99.10475165
98.73902687
100.7571761
101.1580668
99.92374564
101.3901613
100.6688914
100.0503427
103.4399599
101.3905315
103.0498041
103.1841746
102.3686972
102.4493936
100.8086293
101.8637897
101.393863
102.4975153
104.6578086
105.1836305
105.897312
106.2639622
107.7801654
107.6892894
107.5823112
106.5956317
108.3465205
107.9082431
110.2251169
110.0503982
109.66598
108.980246
110.1207299
112.0866857
112.3928136
112.7520604
113.5031288
113.9427019
113.9427019
115.4759327
112.6410104
111.0237518
110.1220255
112.8866161
113.3434019
111.1810726
108.7089138
109.9909864
110.8427402
109.6058279
111.5812229
111.2090202
109.9271327
110.8216407
112.1583129
113.1988517
113.7615052
115.1229787
114.8029695
115.0222933
116.089114
116.2416227
116.6784195
118.3834076
117.7807761
117.1986889
118.1074483
118.1638987
116.859431
115.4646426
114.1588793
117.6965632
118.4916814
117.8263066
119.4839135
120.1659458
119.7298893
121.0106664
122.87205
123.10507
123.3031092
123.8668732
125.7760084
125.2511119
125.8043261
125.5518724
126.2513025
123.6536572
125.2079875
123.6455135
123.4150847
126.1574652
125.8402323
127.1480315
125.9050115
126.9342602
125.3884438
126.5457702
123.7474944
124.2601754
125.2485207
124.5215132
122.9383099
123.371405
122.8324422
125.4928308
123.1896531
122.8805638
123.6284858
123.3886177
123.0700892
122.869829
123.7982073
124.9721912
124.5555685
122.5896128
120.1722386
119.813547
117.647331
118.5312893
119.531665
119.1370672
117.3132555
116.2432884
116.2199679
119.1855591
117.1818463
118.3937723
120.4866953
121.2753356
122.1056197
122.1056197
122.1056197
122.1056197
123.8170858
123.8813097
123.8813097
123.8813097
123.5857316
124.8354146
125.7117844
127.1918963
127.0651142
127.4173279
127.8313594
128.3951234
128.4734137
130.6111268
129.5874306
130.282974
130.4556568
130.5987263
130.5876213
129.7823234
126.6657042
126.5563199
127.3812366
126.6634832
127.2365014
127.2457556
124.0510312
124.6351544
124.9660835
127.7475166
128.964625
128.8193346
130.0362578
131.7144089
131.4797232
133.5915247
133.7244145
133.9639124
133.7081272
133.898578
133.4155104
