100
100
99.79096688
99.48691869
98.77549346
98.14990569
98.05294714
98.74709691
97.8074196
96.97560596
96.97560596
96.49999082
96.10470659
95.11676595
93.42333851
89.10727956
90.32897884
91.1462163
90.31569832
90.25350665
93.73202947
93.34419528
93.38706003
92.85378802
92.45234941
93.02988979
92.29006801
90.84789061
89.95323748
90.98058778
90.96795509
89.85908619
89.08719683
88.1970785
89.31577282
89.00697389
89.51271312
89.51368487
88.48061207
87.56576823
84.37488191
86.7663461
85.11157251
86.74302422
87.26096425
87.20913786
86.66096576
85.51549447
85.87806329
84.76941033
84.69059103
83.62501876
84.80655258
83.53367474
82.75422736
82.18424499
82.18424499
81.02441347
80.03766051
79.51831685
81.25946776
85.3538609
84.63854869
85.11653921
84.60831662
80.57838256
82.13339034
82.64711948
82.22797351
81.75937653
83.49588466
84.0530184
84.23926951
84.5760331
83.02761159
84.17049156
83.79010742
84.34875277
85.20108101
86.61529375
85.70109775
86.1560903
85.78898668
86.08968774
86.24322343
86.08385727
87.39776434
87.39776434
87.39776434
87.39776434
87.574298
86.97861837
86.24667852
84.86950006
85.05553522
85.42069536
84.47875064
85.02379155
84.63552548
83.72662009
82.26889477
82.54487032
83.1540464
82.16804924
82.46993799
81.72417777
82.18219353
81.4463667
81.72277414
82.73652001
82.93864295
81.85255607
81.90783755
80.55743606
79.17971774
78.10183671
77.22780616
77.53271811
78.49485353
78.13681952
78.06361474
77.7582709
78.78670092
78.55488577
79.97007026
79.74894431
78.95319321
78.0569205
77.41826816
77.73840411
77.59177861
78.48546
78.73509046
80.30154324
84.28116251
84.80212575
85.96951528
86.02209748
85.5645136
85.61526028
86.64250261
85.63048429
84.72276658
85.25215161
85.67259323
85.92589473
84.4137517
85.13316684
86.0917392
86.29839694
86.97980606
85.38409297
86.43508906
87.81107984
87.09781908
86.86049738
87.72848152
87.86139463
87.46816186
87.69900526
88.10854175
90.68021063
94.24413903
93.6599044
93.10179892
92.16168971
92.02640123
91.65767803
91.92296438
91.45739061
91.52616855
92.78436225
91.95989069
92.83046615
92.53851079
91.61448936
91.4269426
91.2098116
91.31044118
93.46177641
94.62841015
94.71619111
95.77917205
96.49178498
96.49178498
95.09279624
95.37622183
94.42358792
93.64856738
91.83572329
91.69050141
92.62650769
94.27080803
93.65450582
94.23722884
92.93660228
94.57798739
94.92986701
95.30658012
96.06745637
94.8655159
94.8655159
93.05569502
92.97719963
92.99760627
93.41524063
93.34851415
92.96219157
93.5502052
94.37424487
94.35848101
93.8553331
93.46609528
92.24396411
90.37637839
91.16100841
92.15877448
91.77180407
93.80253496
93.80253496
93.53228191
93.57352708
93.0416587
93.08722274
92.97979095
92.58375091
92.58893355
91.96129432
92.92764064
93.8381656
95.03751475
94.93990838
94.33710262
94.33710262
94.12418252
95.54832865
96.17737152
95.55016417
96.88134671
97.74846707
98.10131844
98.03383616
98.6416086
100.4768028
99.83815049
99.41241825
99.84290124
99.73384987
100.4634143
100.2040664
100.0736367
99.30347485
101.0982877
102.2144986
102.8383589
102.8383589
103.1473738
103.6230969
102.6163692
103.4144956
103.4144956
103.4144956
103.4144956
107.4721784
107.2708113
106.4303599
106.1425075
105.6497248
104.4830911
103.9138645
103.9138645
104.9042885
104.9604338
103.90825
103.9247697
102.7398887
102.2314502
102.8956918
103.596104
104.4296451
104.0932055
104.4468126
105.7257369
106.3104034
105.6244595
104.4598772
104.6769002
105.9544208
106.6055979
105.9515056
105.9515056
105.3357433
105.8344643
105.6025412
105.2354376
104.6575733
104.1260288
102.9622024
102.8850026
102.5061301
102.6801804
101.3614146
100.8683081
102.098753
102.1917166
101.478132
101.3164984
101.1816418
99.77174792
100.7243818
99.67273791
100.4349098
99.66679947
100.3192722
101.5582469
101.9303173
102.681692
102.681692
104.0184891
103.9789714
104.8646629
105.0137718
106.0978072
106.0806397
107.2901382
107.8970469
107.8295646
107.3407769
107.0650173
108.0159237
107.081429
108.3959839
108.654684
108.6944175
108.6832965
109.3202213
109.0334485
108.8827201
108.4698365
109.0366877
110.159269
110.5658902
111.1717192
111.2145839
111.4561165
111.4561165
111.1689119
110.0244124
109.2625644
109.2625644
109.2625644
108.2830455
109.0058078
107.9016896
107.2675721
106.3257354
107.0256076
109.5634814
109.9788484
108.9990056
109.2003727
109.3767984
108.9415647
107.5568282
107.7121994
107.3211261
108.34988
108.5938959
108.1093191
108.7648151
107.6016364
108.3947962
108.3616489
108.0096613
107.5520774
107.4119302
108.0525261
109.1703566
109.1708965
110.0627423
109.4251697
109.8211018
109.9105023
110.1111136
110.7489022
111.4817058
111.237258
111.5921608
110.9327779
110.8935842
110.7666095
110.0534568
110.0728917
109.6952068
109.5526842
108.1533716
108.0256411
107.2701634
107.5471107
106.5375758
106.5124184
105.2550884
105.2273397
105.9381171
105.2265839
103.3620214
103.8185256
101.9687552
102.6332127
103.6325984
103.3476612
103.222738
103.0192114
103.6424238
103.6013946
103.9330835
102.7891238
101.7163174
102.3723532
101.7184769
101.9773929
102.5011634
103.0034475
102.7710925
102.3810989
102.8354436
103.0842103
103.8325619
104.4457329
104.022592
102.3902765
102.4126266
101.7481691
100.8788893
100.0939353
99.84549256
100.1077557
99.79690532
100.7569893
100.129458
99.88339061
101.0299416
100.9773594
100.6610025
102.0524332
102.0524332
104.0652408
103.5677074
103.9354589
103.2833101
103.2833101
103.3032848
104.311956
104.9384076
105.6410871
106.1580554
105.9144713
105.671967
104.7115591
103.7478041
103.6000989
103.0051751
102.2988245
102.2988245
102.4631574
102.8246465
104.6897488
104.5684967
104.60931
105.3304526
104.0691278
103.1917501
102.7073893
102.3873613
101.4935719
101.8776271
102.4860474
101.9284817
101.0883543
101.6475395
101.6475395
101.3603349
102.6214438
101.9169288
102.9229007
102.593911
102.9298109
102.3358588
102.5853813
102.3549698
101.7684677
102.1799477
102.9964294
102.9578835
103.218635
103.767455
104.3370054
104.5249841
103.3588902
103.0205071
101.5217525
101.1192342
101.2790322
102.4413471
99.95130478
101.0006813
101.6598483
100.4029502
99.48897016
98.99197663
99.76732108
99.98941878
98.72561055
97.10387629
97.64006353
97.64006353
95.74181386
95.74181386
96.85219436
97.17243829
97.76174759
97.76174759
97.76174759
97.76174759
97.76174759
98.44078133
96.35314937
95.07919181
92.24893081
88.59074316
91.58252975
91.99368582
91.99368582
92.39393674
91.89802293
89.79181985
89.12908983
91.0250721
90.2624683
89.29169514
87.42475725
88.83313952
90.41373659
89.05523722
91.07128397
90.63680603
91.2220124
89.99610222
89.59639116
89.17497778
90.33794048
90.33794048
91.55305349
92.60869237
93.20501982
93.33490972
92.38108812
92.3057239
94.28128128
95.13868419
94.87221015
95.06634318
94.47865346
94.35340634
92.60307784
91.79026722
92.40257448
91.20365722
89.87970878
90.56219761
90.4631876
91.10972188
90.94830425
89.73729417
90.2300768
90.36320585
91.55661656
92.19775225
92.19775225
92.96834595
91.62701408
92.95841256
93.35348084
92.5963836
92.23737784
91.81682825
91.2147783
92.04248901
92.50957439
91.77504322
91.09255438
92.08913276
90.61423995
89.19732792
90.21398902
89.52124288
90.60074349
91.49539663
92.04421655
93.3250843
94.58727295
94.65140811
95.7123376
95.75455451
95.34296656
95.34026727
95.34026727
97.47875388
98.08469081
99.22703092
99.22703092
102.2015421
101.6059704
101.1406126
99.90012622
100.6757946
101.1013109
101.1691171
100.1116427
100.8702515
101.7647967
101.1689011
99.21623375
99.01195138
100.1400392
100.7240579
99.93003437
101.2262341
101.1965419
99.33932144
101.0181727
101.3470544
101.8134919
101.6636273
101.2738496
100.7698379
101.3058092
100.9881566
102.1784361
102.5423006
103.5290536
102.990275
102.5663783
102.5214621
102.5247012
102.6937848
102.8811156
104.6834865
104.8660666
104.0276667
104.7888668
102.9845525
103.0430731
102.6962682
101.8653183
100.434262
100.9120366
100.6763344
101.0162292
101.3967213
102.9133992
102.8984991
104.6259376
105.2518493
103.908358
103.908358
103.511994
103.447535
104.312064
104.7415752
105.4599107
105.1622328
104.3765231
105.0704569
103.0213708
101.8428602
100.9989538
102.696916
101.9933727
102.7348141
99.57178442
100.7317239
100.9634311
102.1924724
102.6369917
101.8273123
101.0314532
101.6664345
101.4656072
99.08018947
98.9741613
99.82724535
98.20734661
98.00295626
97.43891234
95.25820882
96.1446561
98.72431489
98.5383877
98.40169559
97.99809754
98.12917513
97.98006627
96.19367524
94.92425249
94.92425249
94.74307605
93.51846153
94.6129702
95.13587693
96.07976514
96.07976514
97.8443459
97.62354387
96.02988224
95.89470172
96.26612422
96.40411199
94.95459252
95.8380166
96.61087771
95.30182936
95.5588019
94.36711874
94.36711874
92.82603931
92.83467704
93.63463903
95.09538756
94.58068668
93.43489147
93.18709652
94.60681582
92.17594197
91.60142479
90.13894872
86.48702343
89.40603713
87.05560216
86.91545495
86.91545495
87.62094175
87.11811775
87.32898639
84.42076986
82.78262391
84.00367536
82.05079203
81.99648228
80.45194775
86.12477852
88.04742979
84.13108191
85.41248951
87.89000712
87.89000712
83.52071814
83.67965242
85.89965762
86.51887506
88.07615025
87.79175291
86.66560854
85.25344727
85.8955547
84.73928624
86.81601306
86.30131218
84.52442265
83.43207341
83.78535667
83.85262301
85.93258898
84.9893486
81.95027042
79.52986982
79.52986982
80.03571702
80.03571702
80.49049364
81.04557592
83.05125738
83.05125738
83.05125738
83.05125738
82.28217528
81.97424012
82.45007121
82.29318839
81.39605191
79.44662367
79.40159949
81.56016882
81.56016882
85.1127602
86.96771324
86.86146913
87.59351695
86.99826921
87.73118081
90.16032711
89.98822029
89.48679993
89.08978815
88.16673847
88.13855787
89.29817344
88.64699639
88.9185451
89.13448841
90.25404651
90.20880638
90.20880638
89.9356381
88.84015768
88.59938089
88.34748302
87.5217158
87.48835256
87.7201677
87.18052537
85.8140361
86.39719101
87.19834069
88.24663749
89.91577131
89.68471197
89.46887663
88.5513335
89.49155068
88.67658062
88.46862722
87.43101961
86.60266107
88.2424266
87.62526062
87.57904875
86.31502458
86.1206756
86.51541997
86.30865425
85.2910214
85.08058464
87.14187152
86.88986567
85.62379004
86.7655903
85.48731387
82.96995473
82.5011418
83.59511061
84.20104754
86.27863813
87.35619525
87.23127205
86.61572564
86.48076107
86.36695895
84.7002005
84.38427544
84.25222611
84.95382592
84.60810068
85.04041919
86.48659154
84.69577367
83.73828103
83.73828103
85.56937233
85.07572592
85.07572592
85.07572592
83.80986623
82.87116066
82.60555039
83.79442629
83.93414161
84.17405463
84.19856419
84.22868828
84.40986472
85.16966126
85.41648446
85.93572015
85.83411883
85.58103327
85.95731449
85.24902043
85.31930997
84.75386242
82.9506278
84.14954506
83.69919529
83.96253815
83.57373222
83.33273949
84.21044108
83.49134985
82.02908972
81.79479123
80.71561454
79.95819338
80.16582287
83.36815419
82.44046173
82.62628095
81.65615563
82.1339302
82.35095323
82.66072391
83.5840975
86.02965549
88.9025653
88.70432934
88.50285423
87.38351208
87.79186088
88.24188674
87.89259844
86.3949236
87.57613351
88.27870507
88.95072066
89.45624395
89.22745201
89.22745201
89.30270825
87.91689206
87.25502581
87.79326451
85.87676763
86.58279428
86.50105974
87.1076445
88.26844777
86.86449233
85.85085443
85.99672414
85.21123035
85.10692973
83.99946446
82.54584207
81.85946625
81.55973694
80.44082667
79.57500197
80.73051463
82.03481222
81.91766298
81.45597618
80.04824174
80.37906689
79.548225
77.15362963
74.97810875
76.42406515
76.60880466
77.42031962
77.24907657
75.90007871
78.62139631
78.44313511
77.19023202
76.83435744
74.12999139
74.92833381
74.92833381
75.01805826
73.84667377
73.93618227
72.07647848
72.20917565
72.20917565
74.41212133
72.43418858
73.45452072
73.41197989
71.61727503
69.95062456
69.68911721
68.21659978
68.41515965
72.42123198
69.01969295
67.5727648
70.78448966
69.21728108
68.0930802
67.68257197
69.95213617
71.15979913
72.72182507
74.76767199
74.62514941
74.13970884
72.77289566
72.33669017
71.07374572
71.64351215
71.54191082
73.99599857
73.99599857
77.42485443
77.26397666
75.86423212
75.49712849
74.93502806
76.31393407
75.14449307
75.91087588
76.64551502
76.89914044
77.22057206
76.33034576
78.611139
78.611139
80.51565103
80.08592384
80.93285351
80.35563704
78.86573617
78.9783506
79.2004483
77.9696794
77.42625806
77.67480881
78.35988896
79.13005078
79.02618205
77.4199957
76.03785054
75.2266595
75.47834143
75.54107296
76.2612439
76.07434496
74.70548032
74.70548032
74.15482488
74.76313718
74.60711814
75.35104284
75.12376251
75.12376251
75.12376251
73.50397174
72.34716342
73.02781674
73.78081106
73.00989344
72.84772002
72.88756156
72.95180469
73.95950415
73.95950415
74.33556943
74.07190264
75.24069581
76.2886687
75.72235737
75.83410803
76.76590342
77.22456701
76.77508101
77.95326771
77.34819455
77.05094858
75.85645816
75.38084302
74.97001087
75.50133939
75.06124692
74.87909874
74.87909874
75.43353319
75.84080227
76.38724682
76.11505028
75.96021892
75.95406454
76.93531094
77.53898047
77.66779065
78.01027674
77.74704185
77.05710297
75.88971343
76.41758686
76.77551289
79.792025
79.91100976
81.09146387
83.00051071
83.51780291
83.6793285
85.13424656
87.00561129
88.4698149
86.04649907
88.67204581
88.67204581
88.07701402
85.58351662
87.36818011
88.58307717
88.40805512
88.37782305
88.31714298
90.87563933
91.12278645
91.34563994
92.79418767
92.76082443
94.00984054
93.50626074
91.43136944
92.69722912
93.74390635
93.13894117
93.66940591
93.25490272
92.91619564
91.57248839
91.63543587
92.90064772
93.22359094
93.95801414
93.75783469
93.75783469
92.68114135
92.68114135
92.68114135
92.68114135
96.07771368
95.05554602
95.23866595
93.68970458
93.80491033
93.09877571
92.55362682
90.63788574
91.1153364
89.15770232
89.2568203
89.89471684
90.38382844
89.63158992
89.49176662
89.43788877
89.07445617
89.19160542
90.66639026
91.3202666
90.29367211
90.40121187
91.1210589
92.16881584
92.27581575
94.01135214
95.13879216
95.12572759
95.64928215
95.29891413
96.38327346
96.09196594
97.39734325
97.97639524
96.49621181
96.79550924
96.06248968
96.90283307
97.74576778
96.98230021
99.05762339
99.88371453
101.4176678
100.7379863
100.7224383
100.4891116
100.2794306
101.4058989
101.3793379
102.2600627
103.3897701
103.0401579
103.5345601
103.5345601
102.1623483
99.33662215
97.48307274
97.30481154
97.22664006
98.68371755
99.94342285
101.0887862
100.1055963
100.9241294
99.1414094
97.55973262
96.53670119
96.5659615
96.37927851
96.00396904
97.54072961
97.72395751
99.44588947
99.88144712
99.45916998
99.16095227
101.2215913
102.5239454
101.4651754
99.89969433
98.70498797
98.37858965
99.83264393
95.85777542
99.08504819
99.13212383
98.97556493
99.88241887
99.13827822
99.24571002
99.64952401
99.81882356
100.8757581
100.1999635
100.1999635
98.18326893
98.60630187
99.7684008
100.3640804
96.71420659
96.71420659
93.71410617
93.73818385
96.39450252
95.67908233
98.68576901
98.85128956
98.77063473
98.40428691
98.87936219
99.64455731
99.87626448
99.87626448
100.384703
99.26622463
100.0879969
98.53935945
95.41325611
96.18762882
98.13943244
98.18877548
98.44985095
99.30833358
99.61432525
98.3586149
98.15249701
100.8327854
100.4640622
100.8453101
100.8453101
102.2412756
102.4208325
101.3274035
101.0852231
102.2926701
101.5743347
102.2401959
101.801831
101.8049622
102.9433073
104.491189
105.5847259
105.7766995
105.7766995
105.5286886
104.2820479
105.1725981
105.3089663
102.9210652
102.4010737
102.4383239
102.6183126
103.3189407
103.3399952
102.4452341
102.3601524
102.9737553
102.3316479
102.1238025
102.5538536
102.1164604
103.4632988
103.2617157
102.7072813
104.7949132
104.7949132
105.3112337
104.8953269
107.5741036
108.4735075
109.4466561
109.4466561
109.4466561
109.309748
105.420501
102.76537
102.6445498
102.6445498
106.7807279
105.6616017
106.1395922
106.5954486
108.0424847
107.1464279
105.0875164
104.9821361
105.0822258
106.1549242
105.0822258
106.6767512
107.3585922
108.8965405
109.4605844
108.5622602
109.7460615
111.2797988
112.4363912
112.8541335
111.5224111
112.3505537
111.515177
111.515177
110.8453209
108.6425911
108.6884791
110.7134875
110.8584934
108.4711322
106.4346788
107.3795387
108.3935005
110.2511529
109.5753583
109.378202
109.8542491
109.4190153
107.8624959
105.7690335
107.2253552
106.6925151
105.4753506
105.3668391
101.5598665
101.6560692
101.790278
104.590091
106.1397002
106.1397002
106.4770037
105.3316403
105.6234877
105.5902325
106.8541486
108.7755043
112.1422764
110.6055158
110.4975442
112.6013719
112.0579505
110.8207033
108.7044589
109.1236049
111.3237433
110.871558
111.3814002
109.0505081
108.1993675
102.0473585
104.3127118
105.3306686
106.1877476
105.9124199
108.3852947
108.7242177
108.5219868
107.378459
107.6348917
110.6781808
111.153364
111.153364
111.153364
111.153364
110.7934945
109.1183143
109.0710227
105.3658674
107.534694
107.4377354
108.0326593
107.0641535
106.0035479
104.5372929
101.3807415
101.6318836
101.3086165
102.3112413
101.4307324
102.0329983
101.7051964
101.7348886
103.1183294
104.102383
106.6666019
105.9657579
105.6515604
105.6440023
105.7855532
105.7174231
105.1181804
103.3601859
100.819073
101.1841251
102.8708583
104.5569437
106.1270675
105.7187187
104.3967138
103.7228627
105.580407
106.2285609
107.0497933
106.7965998
107.5405245
107.9034172
107.5181743
106.5527998
107.2627134
108.3105783
107.778386
107.603364
105.4183416
105.6633293
105.454728
103.1009459
102.700803
102.700803
101.6296162
100.510274
100.5042276
100.4160148
98.53601233
97.07807106
97.82555883
99.24473827
99.49987529
97.9186304
97.12536265
98.80864076
98.23120834
99.08936706
98.91650444
99.27648194
99.41403783
99.94191125
99.6891496
98.58060462
99.40259283
98.53147752
100.1278384
100.4887877
101.1894158
102.517791
103.5246267
103.1511528
101.6980702
101.3206013
101.5843761
100.9824341
99.72251285
98.86791719
98.69213934
99.94979318
97.9597676
97.30869852
98.10876849
97.9712126
97.9712126
97.96937708
98.58783872
100.25125
99.51801453
96.90790774
97.92327318
97.49473368
95.33648827
95.61149207
97.52442589
98.95073145
99.44016697
100.1129384
99.91319079
99.19366768
99.19366768
98.15487238
96.36308276
96.29581642
95.33270926
95.92763308
95.08523822
93.05612691
93.31817411
95.06990625
94.38568987
94.16801901
93.43176029
93.58659165
93.72987003
92.81308271
92.78447022
94.69902361
94.8819276
94.8819276
96.54782227
96.00742413
96.03884388
94.47444257
93.79519289
92.36975109
91.97597847
92.70543497
91.08294491
90.91494101
90.62752046
89.96511436
89.15651463
89.15651463
89.2309071
90.45681728
90.24368123
89.4126234
90.17501126
91.45523117
91.52238954
90.00916679
90.78645474
89.66041835
89.45840338
91.49604446
92.1815565
92.55978121
91.58706456
90.12329283
89.57436494
87.91451668
86.76796567
84.7939199
84.79143655
87.39441722
87.36224166
87.41881881
87.59654016
87.26409543
87.26409543
87.26409543
87.26409543
87.20427913
88.10994538
88.10994538
86.5960748
85.58686374
84.18528368
84.51308562
85.21814053
86.42278029
87.08270305
88.41183413
88.6400862
88.38840428
88.26963546
88.1125367
87.54406593
87.29281589
87.79099711
87.72232713
87.79553192
87.74510915
86.82281527
85.16372282
84.74921963
85.3241687
84.48674054
85.6986144
85.6986144
85.43505559
84.90307924
85.15724452
84.46158315
83.79561398
84.42789599
83.8214192
84.2556812
85.32740785
85.91390988
85.24372982
84.56674754
83.52557687
81.70225952
81.71856324
83.40821168
84.34918465
84.54634089
84.50466384
82.34069592
80.24388637
79.54703731
81.48059371
82.07303419
82.19147909
82.19147909
87.51243024
86.0665818
87.66110721
91.23982772
90.6304357
91.02539601
87.56684795
87.38923458
86.65124831
88.41399356
89.09043598
89.95939186
89.66948797
87.10451332
85.64506046
87.5369398
88.18390596
87.81129578
87.56447257
87.1255678
89.44641853
90.26203641
89.94082074
89.68935475
89.53398354
90.16702135
91.31400425
91.9804053
91.9804053
94.88667835
95.71849198
95.71849198
95.71849198
96.30607373
94.45965045
93.37021645
92.6599789
92.57943205
91.78799981
92.46735747
90.9450651
92.18663117
91.9255557
92.79742682
92.6066409
92.392965
91.52325332
91.30569043
90.64749522
91.14805181
89.44782216
88.25516725
88.10076779
88.43969081
87.98005548
87.99441571
88.10443882
88.43472412
87.90048037
85.80075559
85.63966188
85.56418969
85.25161175
85.12139793
84.72168686
84.85632752
86.90206647
87.59794379
86.68785071
86.94028844
86.45312033
85.8098252
87.10796842
86.47158348
86.82713414
85.93032157
85.84135293
84.13917978
83.44405827
84.30610396
82.73446855
84.07277721
83.83372797
83.9562758
82.71654525
81.12461117
80.76247424
80.76247424
78.71889472
79.76470817
80.37377628
80.50010311
80.0331257
79.1391204
80.72220081
81.37521338
83.15814932
82.1670775
82.26414402
82.74224251
82.1087728
80.03755254
79.68794032
78.675922
80.86396759
80.57957025
79.27667629
78.93883298
78.07268436
78.30503936
79.07228594
78.14264999
77.87790349
78.48189693
78.35449038
76.64821431
75.73121104
74.99398058
73.0081659
74.9287657
74.28061185
74.63562266
74.00020947
72.21997281
72.40773552
67.84312582
68.46547444
70.28080188
67.36351573
68.16121032
69.88551765
68.84229552
66.77226295
66.77226295
67.20695683
66.31349138
66.63557083
67.85208747
69.1916918
70.7557692
69.38917195
70.89256928
70.66377735
70.66377735
68.94011784
68.21681572
70.44686229
71.99053305
71.03584767
71.39237008
71.99690337
70.65082075
70.91103244
71.12546414
72.70390177
72.88734561
73.37105863
72.6561783
71.09037336
70.19528833
69.57952598
69.71006371
69.65024742
69.89933803
70.60007407
68.59244911
69.45352306
68.55660252
67.71226418
67.06853717
67.13159261
68.97423688
69.42609826
70.59964218
70.3649118
70.67824555
70.83717982
70.83717982
72.29350151
71.83850895
70.02793227
70.31816008
70.74821118
69.17333662
69.03502493
70.47601464
71.08540666
70.36890675
68.87123192
68.45575699
70.15458302
68.36883981
68.36182165
67.03150289
67.51899491
67.86169695
68.68519676
68.21357657
68.21357657
67.9422438
67.55613716
69.00781607
70.21634281
70.21634281
70.21634281
70.21634281
70.21634281
71.88752809
72.03242605
70.53097221
70.09357903
69.19050411
68.50607179
68.50607179
67.05817189
67.39471954
67.19216471
68.65528861
68.45262582
66.93584
66.30539351
66.77647384
67.22628376
67.82509456
66.41973549
65.33742762
66.0563029
64.78029388
63.87376386
62.77450444
62.51116157
63.89287484
64.65817794
64.65817794
66.15477305
66.65468181
66.74775338
66.68351024
66.66504709
65.08639352
64.83978626
67.10060475
67.20814452
66.99576427
66.68847694
68.34217081
68.81238737
70.1138777
73.62695145
73.31750469
73.14885296
74.71336225
75.27319528
76.38832654
74.52959449
73.08784898
73.82032869
74.60970946
73.91426403
75.77731494
74.52138865
74.52138865
73.09000841
72.85927298
72.17570443
72.8386504
73.41899804
71.79208114
71.48349815
72.6786364
73.71354472
74.08215995
73.74831159
73.73513905
72.44455386
73.00039194
72.48040045
71.60669381
72.36335917
73.15090442
74.04944454
74.42378227
74.04642133
75.03781707
75.09558191
74.78203222
74.67136127
73.9505425
73.9505425
73.60060637
73.89320955
73.88511168
73.88511168
73.88511168
73.16072985
73.78275455
74.31354321
74.02806615
73.22087006
73.12931009
74.35532824
75.39876632
75.67290635
76.11526622
75.85149147
76.70738278
77.06034212
77.37043671
76.881757
76.72573796
76.28748101
75.99163868
75.5702253
76.39620847
75.36173204
75.20333762
74.7188688
74.23947465
73.62543985
74.17641921
73.67456695
72.30440665
70.88771056
69.09959198
70.1816839
68.15268056
68.86885655
67.36448747
68.10322954
68.24931519
66.00080547
66.84654744
69.17139313
69.16016407
69.25420739
70.20586956
69.43559977
70.15004821
69.6369669
70.73320312
69.69268028
68.33601643
68.56448445
67.23384177
66.20400812
66.42880511
67.8801601
66.3838889
66.43258412
66.50211786
65.10053781
64.53098733
62.81931267
63.30658875
65.05972452
64.31104906
63.93185261
63.67272064
63.61657538
62.53783057
64.364603
64.22359202
65.51968377
64.18569397
63.88369725
63.62920806
64.33976952
64.30554251
63.20272002
63.2801357
63.44835554
64.43867156
64.63593577
65.87069962
64.57126075
63.90291621
62.84263455
62.98623685
62.2527854
60.44382829
59.28129747
60.47406035
59.87071474
60.79894706
61.09252199
61.48715839
61.72545183
60.86103076
60.86103076
62.45318079
62.16867548
63.2671791
62.07063722
62.07063722
61.16680649
60.1352453
61.12750481
62.6184854
61.60258009
60.42342164
59.74827488
58.97735726
59.56677453
57.4969579
57.5857106
56.49152584
55.9645162
56.77689493
56.77689493
58.67006993
59.02054593
59.27147205
59.97004866
59.40449313
57.6405602
57.82357216
57.45959971
58.21507738
58.23526808
57.6520052
58.18830041
57.67100821
57.96965781
57.96965781
59.24339942
59.17829251
58.90296479
57.6535168
56.05953125
56.02195712
55.86464241
55.11002852
56.30365516
55.29206873
55.14069247
55.90631947
57.12672309
57.74853186
58.67611635
58.02504726
58.33665346
59.75648073
59.97739074
59.79113963
59.9123918
58.75569146
58.17739527
57.87161954
57.52103558
57.55353505
57.26319926
57.23361503
56.09008723
55.72903002
55.99604392
54.94105287
55.35210097
55.28990929
55.28990929
55.8593518
55.66122382
56.73262655
57.00439121
56.6109425
56.6109425
56.6109425
56.6109425
56.6109425
57.6043897
57.19884816
56.16361593
56.15303471
56.05672399
56.05672399
56.51517164
57.16732044
57.20273514
57.4630548
56.87450131
57.60536144
57.03861822
57.96760634
57.54446543
56.70854887
56.12129104
55.06187316
55.06565216
54.89376129
55.98988953
56.29642106
56.32719299
55.9717503
55.84045676
56.08123355
56.08123355
57.00255569
56.69364878
57.06895826
57.29526685
56.83001698
56.67885667
56.42944214
55.74922071
55.81141239
54.49405022
54.44503109
54.46792108
54.41479903
54.82206811
54.90898529
54.58377467
54.05125846
52.75127973
52.06933076
51.02805212
51.81916043
51.436077
52.10614909
51.5153282
52.03208054
52.48707309
53.63243641
53.63243641
55.15526864
53.74461896
54.3657799
54.42689185
53.92417583
51.86580419
51.91957407
52.46666645
52.19446991
52.27728417
53.32374545
52.6755916
52.42369373
51.82477496
50.933253
50.45979729
51.25144547
51.20933652
51.12133963
51.21041624
51.83762359
50.90841952
51.04467975
51.51500428
50.55016957
49.89186639
49.89186639
51.75178612
51.73083962
52.07159816
52.07159816
53.22333181
53.30225909
52.76866317
53.31456786
53.64690461
53.58881586
53.79871276
52.92856919
52.81984174
52.32360401
52.53976326
52.20343156
52.58835051
53.37028123
53.4705869
52.70193669
53.23985147
54.05233818
54.39536413
54.97204074
55.12611629
55.23927059
55.85168582
56.5720727
56.94608651
56.5808184
56.95029741
57.08321052
57.33338084
56.6284339
57.70955409
58.21702087
58.36062317
58.50368561
58.87607985
57.3613455
57.32679457
57.62296082
58.64707197
58.62115877
59.55306213
61.54492323
62.38202747
61.8768281
63.24612463
63.8941705
64.19001284
63.73415651
61.75050126
62.28344935
62.33192862
62.05627699
60.61809454
60.84936982
60.84936982
60.70371606
61.45509081
61.71519453
61.74780197
62.63101011
62.54452481
61.46048939
61.23741995
61.38145414
60.730601
60.23371545
59.93657745
59.53675841
59.63285318
60.46628639
60.83706105
62.0276645
63.07002286
63.00696741
63.75996173
64.69337669
65.45133771
65.94055728
65.66468971
65.14599387
65.39108953
65.35686252
64.89744312
65.51126198
67.22984682
67.45129669
67.82984531
67.58561342
67.48044903
67.56164372
68.85395646
68.64816248
67.17132618
68.47206071
68.47206071
69.76620897
70.45895512
70.65578744
70.10383634
68.01760802
68.01760802
68.27263707
66.39565781
66.56625303
65.80364923
66.22463071
67.05018199
68.81044388
69.52143723
69.68404255
70.07857097
68.48890429
68.7105701
69.87936327
69.87936327
70.87032712
70.39741127
71.0452412
71.17944997
71.87932224
71.24671631
69.91942075
66.43495949
66.89664629
67.46716852
68.23711439
69.1715011
68.87144787
68.14760589
68.14760589
70.00860534
69.68393457
67.80576763
68.53349659
67.7525376
66.04863691
65.91658758
66.78252025
65.97888722
63.88369725
64.1467162
62.69557716
63.9799
64.02816333
64.02816333
64.83449565
65.74707208
66.09376906
65.78734551
67.23081857
67.46133805
66.88692884
67.5259051
67.19993867
65.54095419
65.72407412
64.53519822
65.25536916
65.8448944
67.57114522
66.26965489
65.29629042
65.62765543
66.61084532
67.0482385
67.0482385
66.7972044
66.82959589
67.22563593
67.64154274
68.81292723
68.81292723
68.81292723
68.81292723
69.84081739
69.66676708
69.31953024
69.59636956
70.25056982
70.25056982
69.67972368
69.73306168
68.84758613
69.84319277
70.83599214
71.07882039
70.63905184
70.86795175
71.10937637
70.50873005
70.26881703
69.98917044
69.58341296
69.19331137
69.23066956
68.74792829
67.35153088
67.60072946
67.82250324
67.52191015
67.54544797
67.54544797
67.93749305
68.59309694
68.68746417
69.40374813
69.17700765
69.69440782
69.65435034
70.36372412
69.04441846
68.84499481
69.76469737
71.19834501
72.82947281
73.49328254
73.38477103
73.49328254
74.37314356
74.40315968
74.59448546
74.0282821
73.3300294
72.47489389
73.55266695
73.15921824
74.42820911
74.8011432
74.24606092
73.70469104
73.80640034
74.77274666
75.78703239
76.88791139
76.78814558
76.48679669
76.57069066
76.21276463
76.75240696
77.79206603
78.60822377
78.2885197
78.63402899
77.47527719
78.30169224
78.85796221
78.88247177
77.41135797
77.43597551
76.71731617
78.20818879
78.07495176
78.27264786
78.70302288
78.78680889
78.32382643
78.28668418
78.28668418
76.80261378
76.80261378
76.80261378
76.80261378
75.46765223
74.66412717
70.97646326
71.23894235
73.32808591
71.52312375
71.40262738
69.18564538
70.63063005
72.36033596
72.10541489
73.44242789
73.81169095
72.70886847
73.52265083
73.57480114
74.26754728
74.18581274
74.35964711
73.92635685
72.84221346
73.11376218
74.97098262
75.43061795
74.97616526
75.55338173
75.41928093
75.21154347
74.78786269
75.86552778
75.71674284
74.63270742
75.68651078
75.49669661
75.23022256
76.07909572
76.32030439
77.07275886
77.08409588
77.16010793
77.06563273
76.10986764
75.05401282
74.70828758
74.06272505
73.75878484
74.43846641
75.33365941
75.72980741
74.72988191
74.92887367
74.82619263
74.82619263
74.09500858
74.92120768
74.24897616
73.57264171
73.1814604
72.4809403
73.4541968
72.99682887
74.14089653
73.94579175
73.44847431
72.65995731
72.81414083
72.17289717
71.76973101
71.87878238
72.96044242
72.61558096
71.21335307
70.42073315
70.84311826
71.20147619
71.98103154
72.10390328
72.34629965
72.592583
73.39664791
73.50429565
73.99686234
74.03508431
73.52211098
73.80748006
73.90357483
73.00827387
74.24973196
74.41676411
74.40197199
73.67996554
73.21784685
74.09306509
74.24800441
73.400103
72.96163011
72.68381904
72.68381904
72.61126209
72.50620567
72.50620567
71.73733951
71.30987973
71.07298992
70.91135635
71.9008086
72.83908228
74.38199724
74.4000285
74.89399883
74.47787607
74.44030193
74.44030193
73.53366394
73.2866248
72.45178796
72.20626041
71.90966228
72.36810992
71.41407238
70.89678018
71.21961543
70.20500578
70.12348718
70.25542854
71.35436405
71.02008381
70.7587924
71.70257264
71.70257264
72.21144305
72.84404898
72.2962008
72.1057388
72.15648548
71.49634678
72.40471231
73.64379503
73.47006864
73.04757555
72.74903392
72.76771302
71.39269399
71.39269399
71.45564147
71.75774616
71.54482605
72.40784349
72.05456024
71.29195644
72.51289991
72.91973711
72.38247015
71.67180072
72.20323721
71.36310976
71.06597176
71.32380807
72.24826139
72.43645598
72.39024411
73.05912852
72.90332542
73.23771364
73.65189291
73.65189291
74.48208696
74.50832407
74.8659262
74.77620175
75.48244435
75.48244435
75.48244435
75.69914346
75.02421264
75.30461503
75.02237713
75.02237713
75.7050819
75.04904612
74.44915561
74.80103523
74.94647305
74.62115445
74.5535642
73.76202399
73.65059725
74.04987643
73.93045978
74.44364905
74.17955038
74.15925171
74.43673887
74.4670789
74.67060547
74.45606579
74.23774711
74.74737332
74.89151548
74.97746092
75.36885817
75.36885817
75.91314328
75.97436321
75.83767109
75.58652902
76.01377286
75.97986976
75.74989014
75.05131353
75.26563726
75.92286073
76.56356453
76.66592166
77.02816657
77.26181723
77.39451439
77.90921527
77.6451166
78.01783476
77.61002582
77.80567046
77.41232972
77.26797161
77.63086435
77.13073964
77.76820429
77.76820429
77.73332945
77.18904433
76.82582768
77.18073051
77.3080291
76.10867995
75.76047136
76.47276037
76.78220713
76.61096409
77.10957719
77.60495115
77.67621244
77.87304477
77.0931655
76.41067667
76.20099571
75.74827056
74.64318067
72.07421108
73.04217697
73.32916563
72.85128308
73.08709318
73.23954915
73.08137068
73.02371381
73.07715978
73.07715978
73.1685038
73.1685038
73.1685038
73.1685038
74.48554206
74.44494471
74.25664215
74.00776748
73.75586961
73.39880735
72.73715704
72.20129372
71.95662995
73.4462069
73.36069335
73.90551832
73.87345074
73.21503959
73.13524853
73.76375154
74.32876721
74.37271168
74.67136127
74.6308719
74.59297385
74.44062585
74.12750805
74.56684471
73.88403196
74.55345623
74.56900415
74.65548944
75.14179378
75.26606915
76.036123
75.82417464
75.75183363
76.04616436
76.17681006
76.07013407
75.2879874
75.78184975
76.24709961
76.36576046
76.64281573
76.89201431
76.77302954
76.73610324
76.52922955
76.31587756
76.85368437
76.90939774
76.83586905
77.28935
77.42399065
77.42399065
77.30662546
77.6039794
77.46286045
76.96986187
77.1003996
76.99264389
77.63129623
77.79616895
78.01837462
78.40858418
78.31313724
78.59030047
78.08974388
77.21981625
77.37821067
78.19210101
79.58817451
80.71626237
80.84820373
81.07256883
81.26832144
81.12147999
81.35718211
81.18939416
82.51582595
82.67767546
82.90938263
82.40914995
82.70412851
81.74998299
82.86425048
82.72345544
83.16246819
83.5639068
84.09933824
83.85920928
83.79658572
83.40194932
84.34508173
85.51560244
85.88238216
85.57703832
86.60233715
86.63764389
86.63764389
88.26358904
88.68122341
88.48687443
88.48687443
90.46469921
89.8945009
91.77504322
93.71259457
92.68470441
92.58072771
93.29657978
92.55632611
89.90022339
90.03151693
90.03151693
92.31695295
92.1781014
92.21707917
91.64396563
91.27621417
91.34920301
90.37184358
90.61218849
90.69781001
90.02579443
91.1332597
92.04054552
92.98097863
92.45915162
94.03553779
95.93421935
96.10135947
96.10135947
97.59881836
97.6984762
97.7498707
97.24348364
97.01112864
97.6135025
96.71884937
96.35552475
97.2908832
98.94284952
100.4816616
100.4149351
100.2277122
100.2277122
99.80025244
100.5389945
101.577034
101.4345114
100.7781517
102.3204188
103.9967868
104.7528043
104.3223213
104.8321635
102.8229189
104.4345039
106.0937043
106.7334363
104.9820281
103.5948083
103.3490648
104.0200007
105.6089115
107.104319
107.2782613
107.2782613
107.9029853
107.0807812
108.19764
108.7648151
107.8976947
107.8976947
107.8976947
109.5266631
110.2709117
110.1205072
110.1205072
108.2916833
109.1981053
109.9925608
109.7825559
108.7966667
106.536712
103.2440084
105.8962241
106.5041045
104.3263163
105.7086774
106.0021443
107.630033
110.9607426
111.8940496
112.4084265
111.3188846
112.4986908
112.1768273
112.3298232
112.2196921
109.4192313
110.2723153
108.8876868
106.5000016
107.7971731
107.0108155
107.8457603
106.3013338
104.3839731
106.9573696
106.6158552
108.6297425
109.0425182
110.0095123
110.2509369
108.5710059
108.4477023
107.1632715
108.083298
107.5086728
106.7442335
108.9443719
109.3001385
111.058025
110.3473556
110.464073
109.0708067
110.3108612
111.9503028
111.9503028
111.6543525
111.2223579
111.8899467
112.1386054
112.1103168
113.3505872
114.3924057
114.5890221
116.2523254
115.8863015
115.842573
117.907099
118.4760017
117.9497478
117.5043648
115.6392624
115.7760625
115.8302642
114.2603564
115.7000504
116.2344021
116.4647057
117.099471
114.1225845
114.505452
114.7194518
115.0746786
114.1039054
114.1980567
115.5972614
115.5972614
115.5972614
115.5972614
116.8227397
116.3532789
114.9067827
113.983841
112.4291571
111.9955429
109.5337892
110.4571628
108.6095518
108.9415647
107.359564
104.9045045
106.9465724
105.2406202
107.2723229
107.4378434
107.3273884
105.0260806
105.4755666
107.0610223
106.2857859
104.5203413
102.2346893
98.97567291
100.0085298
100.5952477
96.88037496
97.35685388
98.58114448
101.9510478
101.3552602
100.1949968
99.96091426
102.9000107
102.7506859
103.0655312
103.0692023
101.580921
103.0982466
105.8657761
106.2383863
106.7896896
105.9262402
104.7683522
104.9028849
106.3504609
105.7605038
104.3277199
103.4652423
101.5049089
101.5049089
98.52143615
98.67799505
102.1744412
101.3949938
101.321897
102.837927
101.9304252
103.4683735
104.6812191
105.3871378
105.0724004
105.1791844
105.2656697
105.3697543
103.287197
104.8964066
105.9793623
106.2055629
105.7991576
107.3513581
107.5895436
109.2646159
109.4183675
110.0503256
108.8362923
110.0854164
109.9893216
108.7882449
108.5466043
107.3164833
108.391557
108.1309135
109.6191948
109.572767
110.6638205
110.7313028
110.1475001
108.1066199
108.5318122
106.9445209
106.2732611
106.3050048
107.3108688
106.9721617
106.9721617
106.8419479
105.3399542
106.0783723
104.9412148
104.5851243
103.9510068
106.7481205
107.5301592
108.0859973
109.0664879
108.5948677
107.6698745
109.8177546
109.9959079
109.9959079
110.1801075
109.5134905
109.0038643
109.9221632
111.0783237
110.5395452
110.5709649
110.227939
110.8786841
111.8816328
112.1724005
111.54962
112.3678292
111.4253446
109.3756107
109.115399
109.4410415
109.2279055
109.2279055
109.1660377
109.2117097
108.0531739
107.4961481
106.9880335
106.2830866
108.0321194
107.7906948
107.0867196
106.5513961
103.9672025
103.9898766
105.2175143
105.2175143
104.1909198
105.1231471
105.1528393
106.8689408
108.4597951
108.5582653
108.70014
108.1514281
109.3093161
109.8426961
109.4367227
110.2290187
110.8613007
111.0230422
111.9654188
112.3670734
112.9259347
111.5935645
113.0813059
113.5262571
113.705598
113.3022159
113.7875485
114.1013141
114.2882131
114.4672301
114.4672301
114.4672301
114.4672301
115.6773764
113.9857845
113.9857845
115.0832084
113.0497782
112.577942
114.497786
115.7552239
115.6716539
115.9662006
116.5592889
116.4236765
117.4903284
117.5403193
118.1485236
117.5809167
117.503393
117.9430536
117.7973998
117.1785063
118.2543359
118.5457514
116.7048346
117.834866
117.5535998
117.0544469
118.745175
118.745175
119.5787162
120.3015864
121.0786584
120.8792348
121.2223687
121.4440345
121.6739062
122.7493039
123.6081104
123.8044029
123.4193759
119.377673
118.3705134
117.0750695
113.0756914
115.1840539
114.9424133
117.1168545
117.7424423
118.4693074
117.4250056
113.8951962
115.2881386
114.1510891
115.4929608
116.4687006
116.4687006
118.1216387
118.8600569
118.7724918
117.6616795
116.718763
116.7230819
116.7832221
114.6902995
116.2640943
118.0492977
117.3037534
117.0269141
118.4677958
118.295581
118.5367897
117.5863152
116.1527756
117.6543374
117.0814398
118.0298628
116.4202214
116.6456662
116.4184938
116.3037199
114.9648714
116.1156333
115.8574731
115.8574731
115.2946169
116.063375
116.063375
116.063375
118.0847124
118.0529687
118.9716995
118.3607959
117.4403376
118.1154843
116.9081453
116.9553289
116.6714714
116.0090653
117.0514237
118.3921077
118.8846744
118.8157885
117.3072085
117.899649
118.7976492
118.4478211
119.9990498
120.8940269
121.2435311
121.5295481
121.6585742
121.6573865
119.9589924
120.2701667
119.7145445
119.2810383
119.9994817
121.0960419
122.1959491
121.7634147
122.0026799
122.3742103
121.6206761
120.7770936
120.8076496
118.9954533
119.5631683
121.2892032
121.7109404
121.8554065
121.9062612
122.2626756
121.6951766
122.5903696
122.3836039
120.8856051
120.5565075
122.0756687
122.0756687
121.7143955
120.3730637
120.9733861
121.6536075
120.4066428
120.9578381
120.1320709
119.0084099
116.3649399
116.783654
116.6965208
114.1830487
114.2443766
114.62001
114.2738528
113.8307372
114.4622634
115.4453453
112.037004
111.8818488
112.2344842
109.2650477
107.3971381
101.1709526
104.3338743
106.1543844
105.88899
109.1996169
108.6797334
108.8341329
108.5743531
106.7182123
107.4628928
110.254284
110.0208493
109.3777701
107.6029321
107.6407222
106.7525473
104.5090043
105.0039464
104.7901625
104.4821194
106.0865782
106.0865782
103.7611926
107.7888593
107.8146645
106.8818974
106.8818974
108.0170034
108.5190716
111.2341268
111.3731943
111.3129461
112.9405109
114.5313652
113.8783527
113.9482103
113.9482103
114.0799357
113.9877279
115.3471991
114.1781899
113.9880519
111.8585269
110.1618603
111.2970743
109.4885491
107.4272622
107.9060085
107.4247788
106.2079383
108.2543251
110.589752
110.4464736
111.1806808
112.3424559
109.8605114
108.1071597
107.949953
106.8131194
104.1288361
102.5421926
99.99578911
99.82929681
102.7184024
102.6567505
100.7743727
99.79539371
100.8241476
98.59204962
98.54475803
98.54475803
100.6262356
101.3401442
101.059094
103.7774963
104.9974681
104.8863652
103.7385186
104.4459488
106.3181774
107.0236641
106.7683112
107.4492884
106.6562366
103.8660331
102.849156
100.9390295
100.6678047
99.85305058
100.0218103
100.9282323
100.9282323
102.9195536
103.6803218
103.0707139
101.5032894
101.5032894
101.5032894
101.5032894
101.5032894
97.17265423
95.74192183
96.54782227
97.99259099
96.33231084
94.69729607
94.69729607
93.00408457
89.70231135
91.60801106
92.29816589
88.99660861
83.82023151
85.89814602
88.19416327
92.40959263
88.62356654
91.13423144
90.5165256
92.18652319
91.53243091
93.4839106
92.85454383
88.91886902
89.41294731
88.08446407
88.08446407
88.17008559
88.18822483
91.47758131
91.6772209
91.58749645
92.46325455
89.50753048
91.68629052
90.74823277
93.09629236
92.73080831
93.81311618
92.91360432
90.85879575
87.07579286
86.76051563
86.73449446
88.26045786
85.39510608
83.71927802
84.47810281
85.85949217
83.13450353
81.59428787
78.43590101
79.35290428
81.6029256
81.6029256
83.09876491
83.4065921
84.79381193
84.45618456
83.60180485
84.82803894
82.63610637
83.79431832
87.52711438
88.76738479
88.03792828
89.25314926
87.68939578
86.30681873
85.39013938
87.48619312
85.17516781
85.8890764
86.9655538
88.5239087
89.29763359
91.38569743
89.88575519
90.12642401
89.6385001
91.89618741
93.34980981
93.34980981
93.05526313
92.28121434
94.44367065
94.44367065
94.44367065
95.58352741
94.04665887
91.87934383
91.9255557
93.1677696
93.88642893
95.20854185
95.5298655
96.16031199
95.86328197
93.77241087
94.37759199
94.10582734
91.87405322
93.54631822
92.25152213
94.48966657
96.34602324
97.53241579
96.38953582
97.97067274
97.37769241
97.7700614
95.6163508
94.58025479
95.15110093
93.13915711
93.85975994
96.04467435
96.03171775
96.60029649
94.18918146
92.84709378
92.19300149
92.23942931
91.93797244
91.85094729
90.14337556
90.09770355
90.09327671
88.87200932
88.67290959
88.65919719
89.71321649
87.7121778
87.86895264
88.19221978
87.86279826
87.47431624
85.4483361
85.22613044
86.14334965
85.40180032
85.40180032
87.93546318
89.0008195
90.97065438
88.55565237
88.73315777
87.3659127
88.73423749
88.73197008
86.6452019
84.97369271
84.98276233
86.94655079
85.80712591
85.90365257
87.360946
86.88867798
85.2110144
84.71488465
85.23271671
86.30444336
84.35523106
84.07882363
83.49437306
82.90592754
84.48328545
83.78092983
83.38273037
83.08494454
85.53352574
83.90131823
82.66957758
83.1765045
81.8966085
79.73134493
82.89469848
81.14005111
81.13584022
79.12476017
80.08452021
80.08452021
75.80733106
76.14819758
74.18462505
77.99256939
79.58990206
79.58990206
79.49121597
78.45004529
78.13390429
76.6695927
73.71440849
74.75158421
73.1121426
71.03941073
67.81645682
66.33616543
60.90713466
61.29356521
56.82947713
56.82947713
64.75902346
64.60149282
58.20006932
60.08568631
62.39088115
64.57601151
59.89619605
58.64102556
54.075876
50.034281
52.51093483
55.82404507
60.72207124
58.18981201
58.18981201
61.30187903
65.21056092
61.03972385
58.92887799
61.47398585
59.56148392
58.54881776
55.89541434
56.62897376
56.88119555
55.66651443
55.03973897
51.84993236
53.31359611
53.31359611
55.31409494
54.35066386
55.24564091
55.65992816
55.1550527
52.37499852
53.10553474
52.29067265
52.05270312
53.88703358
54.36448424
55.66403108
56.68295959
54.08278619
56.37372877
55.11866625
55.87122869
55.87025694
55.65809264
56.59550255
56.59550255
55.1032263
55.72211983
56.42339573
56.90192611
57.22260192
57.22260192
57.22260192
57.22260192
58.49278048
58.59448977
59.56947382
57.62954709
57.25434559
57.25434559
54.42149327
54.70589061
53.02801109
54.47504721
54.47504721
53.63967051
52.36452526
52.93029674
51.3732375
50.99144972
53.60209638
53.56776139
54.62523578
52.83798097
51.68192846
51.50053608
52.8211374
52.43481481
52.81509098
52.10031862
51.99504626
51.99504626
50.72778294
50.9995476
51.2787623
50.33897701
49.80332963
49.92285425
49.12699518
48.80070484
48.49730449
49.61481112
49.39228154
50.4159608
48.7753315
48.2508052
48.51954665
49.14470253
47.72843833
46.95482142
46.53643126
47.9232192
46.40319423
48.15211911
49.23259146
50.62283449
50.96197346
50.9172732
50.9172732
52.73476007
54.23578202
54.5577535
55.14717076
55.03909114
52.59148168
51.51597603
52.9273815
55.30038254
55.71477776
55.78236801
55.85762426
54.68300062
56.52035428
56.86294834
57.01616012
56.58017057
55.95641832
55.73831558
56.76998474
56.93788067
55.68638121
55.70635597
56.34176916
55.70905526
55.90426801
54.41879398
54.41879398
56.25647155
56.9804215
56.9804215
56.9804215
56.9804215
59.74125673
60.32505947
60.63407434
59.53308737
59.68219623
57.82724319
59.15335106
57.57534532
59.0206539
59.42511572
59.07712307
58.66283583
59.10973051
59.08468109
59.81197816
59.97274795
60.17335929
61.15719701
61.19606681
61.23061774
60.9123173
61.35100613
62.0516342
61.41956813
62.67689806
62.89640444
63.56345332
63.15499655
61.04641809
61.54028045
60.64130844
61.32336539
61.46329666
60.0076228
60.0841747
61.21668939
61.66747106
60.87377142
61.87024182
61.78256884
61.46048939
61.26246938
60.67639923
60.38757505
58.9802725
58.03282122
57.93953371
56.7221533
57.83847224
57.71149758
58.12956383
58.5315423
58.5315423
60.08784574
60.38228444
60.58192403
61.38382952
61.93049001
62.1027048
62.11242225
62.66016245
63.63395881
64.09197457
64.18429034
63.50223339
64.12209867
64.10655075
64.95423621
65.16985561
64.22553551
64.7691728
65.13228147
63.42686918
63.42168654
62.9829977
64.03010682
63.23316803
64.79918892
64.47764933
65.13627642
64.32065854
64.68603462
64.43521647
64.64370973
63.36802463
62.88517538
62.44108797
63.10878468
63.20056059
62.73185563
63.99728343
63.46671072
62.33462791
62.24976219
62.25786007
62.84576573
62.8717869
62.8717869
62.8717869
62.8717869
63.55179238
61.66012898
60.21536026
60.33909578
60.73934671
59.81705283
58.38426896
57.85078101
58.2408826
59.15982936
59.36152041
60.08719791
60.08719791
60.319229
59.87136257
60.58818639
60.3843359
60.67585937
61.17652394
61.17641597
60.83814077
60.39621279
60.96932633
59.94262386
59.44811368
58.97368623
59.86931111
58.80082361
58.80082361
58.90361262
58.45164327
58.46071289
58.27154655
58.37789863
58.4233547
58.23224487
58.14867481
57.78729368
57.64077614
57.17552628
56.27720211
56.3058146
56.3058146
55.72503506
56.04085216
55.748141
54.41739035
56.39823833
57.59121715
57.67683868
59.71663919
59.92556434
60.57026309
60.45462545
59.61914078
58.85675293
59.92351288
59.66168162
59.6266988
60.55341952
60.42234193
60.21730375
60.09432404
60.95248275
60.95248275
61.76615715
61.44235015
61.82564953
61.91170294
61.37281641
61.37281641
61.37281641
61.93362119
62.1979358
62.97716723
62.99055572
63.66213942
63.66213942
64.60527182
63.87948636
64.95499202
65.48772416
64.86613134
64.25879078
63.92634606
64.72933126
63.67250469
63.23144048
61.96752429
61.35435326
61.80146388
60.8970933
60.7629925
61.81010161
61.91893704
61.53682535
60.21935521
59.59625079
59.51365248
59.70033547
59.70033547
60.30886372
59.64105903
59.78422944
61.16065211
61.14359258
60.05459047
61.49158523
61.31904652
60.5176809
60.15208887
60.3424429
60.66398249
60.93628701
61.14013749
60.58386752
61.4722583
62.68337636
62.45706777
62.31443721
62.85299983
63.26987839
63.42255031
63.35236874
63.99933489
63.5060124
64.10244783
64.10244783
64.00840451
64.3147201
64.3371782
65.32328333
65.29780202
66.16351875
66.10726552
66.54660219
66.8817462
67.2756268
66.93400449
67.20425754
66.4970432
66.68685737
67.0447834
66.59518943
66.76988757
67.29884071
66.59011476
65.36776765
65.4445355
66.40991007
65.74987934
65.68736375
66.95819014
67.07188429
65.72515383
65.72515383
66.37957004
66.37957004
66.37957004
66.37957004
64.25328423
62.66135014
63.49197609
62.578104
62.65443996
63.70770345
62.86120568
61.82187052
61.42550658
61.21129081
60.30022598
59.08597675
59.10832688
57.70167216
57.70253593
58.50131024
59.04818667
59.07809482
59.06233096
58.34151219
59.7912476
59.74870677
57.6253362
57.54101033
56.96465764
57.41371175
58.08119253
58.8930314
58.90544814
59.85138781
59.49443352
59.22882325
60.46866177
59.86261687
58.93136134
58.85653698
58.01597765
57.5814997
56.97804612
56.25182877
55.36764888
55.51200699
55.88159396
56.62001211
56.29177828
57.64660661
57.65524435
57.43509014
57.26805799
58.41212565
57.44642716
56.33766624
56.33766624
55.74371416
55.55929857
55.31528263
56.4314936
56.69019369
56.67669723
58.0473974
57.80867207
57.02976455
57.16678058
57.75166303
56.84729245
57.62490431
57.86665285
57.56789528
57.41749076
56.05024569
55.62084242
55.83905313
55.66845792
55.51546208
56.10455543
56.7373773
55.76347297
55.46158422
54.95768051
54.19917963
54.49836909
54.97841107
55.60799379
53.98086094
54.49588574
55.0571224
55.32143702
56.33313143
56.06449795
55.10538573
55.51416642
55.98978156
56.27806588
56.08835968
57.08407429
56.83995038
57.31696915
57.31696915
57.18027703
56.94522274
56.94522274
56.41195073
57.14335073
56.66849139
56.90289785
55.7351844
55.82069795
55.37823011
56.07885818
56.94673434
57.01605215
56.59042788
56.59042788
55.66608254
55.54018759
56.56948138
55.88818023
56.13943028
56.36811424
55.68443772
55.46212408
55.74954463
55.51567802
55.27814038
55.29455207
55.09977121
54.83815589
54.31838034
54.33576378
54.33576378
55.25708591
56.54626747
57.00665861
56.85841353
57.76008482
57.98963256
57.33122141
57.66560962
57.40690954
57.58247145
58.8179911
58.88191032
59.25840748
59.25840748
58.64469659
58.84206878
58.62936462
59.17699685
58.21928827
58.62159066
59.36400376
59.51019738
59.57400863
59.35849721
59.91725052
60.22572554
59.95795584
60.56626814
60.8403002
60.81643847
60.9218188
60.84839808
60.55169197
61.12642509
61.13398311
61.13398311
60.88165335
61.10159161
60.94352111
61.26149763
60.61204813
60.61204813
60.61204813
61.48996565
61.44472553
62.34672074
62.4931303
62.4931303
62.46937654
62.69050249
63.24407317
62.70594244
62.57745617
62.74405643
63.09777157
62.43137052
61.39106362
61.80653855
62.61081941
62.14135865
62.6432109
61.96547282
61.30220295
61.53261446
62.64267105
62.49421002
63.00059708
63.30205394
63.57619398
63.59735642
63.7795046
63.7795046
64.62729804
64.867427
65.2152037
65.68358475
65.64773816
65.71554436
64.48833852
63.78533507
62.97695129
63.50039788
64.07610274
64.9352332
63.53376112
63.88963569
64.39936988
63.43561488
63.26998636
63.63503853
62.75658114
61.71098363
57.22929617
52.00919055
55.41796368
54.8095434
56.00813674
56.00813674
58.45272299
57.93359527
57.39492468
57.64012831
57.62328474
57.05351831
58.09965568
58.29314088
57.92085462
57.75911308
56.97631858
56.52909998
56.68436322
57.46553815
57.34320626
56.43343709
56.83843877
56.89048111
56.52348545
56.14968758
55.55325216
56.23908811
56.59992939
56.63502017
56.51538758
56.00597731
56.47500618
57.27313266
57.27313266
58.21486143
58.21486143
58.21486143
58.21486143
57.52459864
57.30779156
57.5106703
57.61615861
57.06636694
56.50826145
55.81400371
55.76509255
56.34263293
55.94443347
55.66845792
54.96167546
55.05129193
54.97862701
55.63714614
55.46698281
55.33547333
56.3945673
56.38981655
55.43869423
54.85381178
54.2339465
54.63678875
54.65460407
54.54857591
54.83221745
54.4373651
55.1565643
55.28904552
54.42905129
54.02113437
54.06907379
54.66723676
55.5317658
55.27835633
55.8102247
55.28893755
55.60626624
56.55458129
56.85593018
57.18589156
57.88176888
57.98121077
58.58596001
58.31009243
58.59146657
58.24574133
57.36048173
57.56919094
57.31977641
57.45970768
57.45970768
57.02922469
57.54392557
57.52168341
58.1239493
57.60838465
57.89040661
57.42537269
56.7034742
56.24686207
56.90030653
56.41065507
55.28710203
55.25114747
53.54703083
52.3544839
51.45000534
51.82002421
51.31935964
51.12587444
51.76647027
51.89711597
51.70168727
51.05839215
49.97230527
49.41106861
49.88031342
49.3063361
49.97997126
50.23780757
50.38648454
50.90539632
51.17867257
51.72803236
51.12641429
50.14441209
49.12915461
49.992388
50.24968445
50.11590757
49.14912937
49.69460217
49.17990129
49.86163432
50.92191598
50.92191598
50.09366541
50.30518188
49.40102724
49.40102724
48.38199076
49.68704416
49.89456568
50.37147648
50.2975159
49.35006462
48.61607331
48.02579227
48.7284718
49.04914762
49.04914762
49.96679872
49.83993202
50.24450181
49.63230253
50.5089244
49.77882006
49.79134478
49.42391723
49.31940067
50.06656453
49.57648118
49.49949739
50.65576585
51.29776531
50.75196859
50.09960385
48.97788633
48.97788633
49.90395921
49.79523176
48.98727986
49.72073131
48.39084444
48.32973248
48.78936782
48.44828536
48.00484577
48.23979209
47.67423656
47.43140831
47.46606721
47.46606721
46.69299016
46.76403551
47.40257987
48.34646809
48.26268208
49.10183779
49.3878547
49.66080704
48.97972184
49.74124593
49.39023008
48.86268057
49.43190714
48.99159873
48.75265745
47.93185693
47.8698812
47.37375144
47.47567669
47.98163186
47.81827075
47.81827075
48.07913027
47.92980547
47.73005791
47.75489139
48.17630476
48.17630476
48.17630476
49.12829084
48.67059899
48.22078908
48.22078908
48.3525145
48.4507687
48.04209599
48.53844169
47.85163399
48.2831967
48.52602495
48.95370067
49.98267055
50.02812662
50.10640607
50.78349632
50.59497781
50.32591244
50.02402369
49.90104398
50.02002874
50.34804663
50.26803963
50.88930854
51.11216204
51.76333909
51.93415025
51.57028577
51.75761659
52.06630755
53.25820666
53.11309275
53.85755731
54.5398302
54.30186068
54.85046466
55.07709716
55.44106961
55.5058526
55.7271945
55.62149025
55.32748343
55.71283427
55.35944304
54.92032232
54.53216422
55.5123309
56.3930557
56.16350796
56.19309219
57.05643355
57.55688217
57.76224426
57.84786578
57.84786578
57.16742841
57.3685796
56.67766898
56.68533497
58.07579394
57.5655199
57.04315303
56.76285861
56.96832867
56.64527748
55.56458918
55.39345411
54.88739096
54.04186493
54.05136644
53.50826901
53.77031622
54.1494047
53.31910267
53.245466
54.34418556
54.05255412
53.84632826
53.68523455
53.30247503
53.63643136
53.67519319
53.31132871
53.31132871
52.27404502
52.43686627
52.43686627
52.43686627
51.02502891
51.3119096
50.64637231
50.58720385
50.22916984
50.21319003
49.58393123
49.0191315
49.56374053
48.0870122
47.99879936
48.58346587
47.79473293
47.8359781
47.85109413
47.84353611
48.21582238
47.98119998
47.66635463
46.97771141
46.06783427
46.90483054
47.58256862
48.40218146
47.52296827
48.40002203
47.96651583
48.13084869
48.09262672
48.14499298
48.96309421
48.68495922
49.51580111
49.94790368
49.71522476
49.30244912
48.86084505
49.24306471
50.18079854
50.94275451
50.91489782
51.43834441
51.54016168
51.38079551
51.0623871
50.48754601
50.11666337
50.05425576
49.38580324
49.26163584
49.26163584
49.08326666
48.9730276
49.40826134
48.5300199
47.680175
47.44879174
46.6852162
47.18836411
48.01985383
48.31828748
48.67113885
48.21873762
48.45994629
47.92116774
48.74833859
49.32393548
49.41268818
49.84975744
49.45760439
49.46041165
49.5459252
49.41290412
50.25454318
50.72454379
50.64583246
50.65263467
50.51065194
50.64550854
50.1512143
50.045726
49.46051962
49.69503406
49.28063885
48.42280405
48.20740059
48.10558332
47.52145667
47.61528404
48.80966649
48.91310333
48.54902291
49.19987605
49.35999801
50.25724247
50.25724247
50.33314654
50.80098772
50.02693893
50.16708614
49.94671599
50.17615576
49.08283477
49.31821298
48.75902778
48.43068598
48.41880909
48.19627951
48.73840519
48.81754842
48.81754842
48.16604745
47.45451424
47.28586252
47.58332443
47.90972274
48.55928022
49.02960475
49.88743955
50.01538596
49.98331838
49.70010873
49.25569739
49.78950926
49.0610245
48.9665493
48.50993717
49.16025045
49.16802441
49.74804814
49.48254584
49.31702529
49.40998889
48.70709341
48.38091104
47.83846145
47.84126871
47.79797208
48.85695807
49.86012272
50.59109083
50.53807674
50.90140136
51.56607487
51.56607487
51.78104644
51.85101207
51.16042537
51.69790827
51.92389294
51.9072653
51.86720782
51.86256504
52.29844661
52.42509736
52.29304803
52.12947097
52.50499639
53.07778602
53.22365573
53.71049992
54.32874562
55.89563028
55.82652842
55.38945916
55.38945916
55.74900477
56.37210919
56.81878793
57.25747677
57.25747677
57.25747677
57.25747677
57.25747677
59.24437117
58.69166426
58.04048721
58.48910944
59.18973751
59.89112138
59.89112138
60.41910278
59.13639951
59.3627081
60.79322456
60.25822501
59.99909304
59.06891723
59.73585814
61.09025459
60.83533351
61.37011712
62.28334138
62.64958123
62.80721985
63.73091736
62.60380125
64.71389131
64.69661584
63.88164579
63.88164579
64.71615871
63.97871231
63.82927954
63.03050523
64.29280185
64.30780991
64.99872054
64.1992984
64.25879078
65.44518333
64.44331434
63.49683481
65.00422709
65.58716606
66.06634426
65.7923122
66.8124284
66.92946968
68.05399447
69.37913059
69.19115194
68.82782732
69.28184813
70.19626008
68.50121306
69.70984777
69.70984777
70.47569072
69.19514689
69.83520286
69.57434334
69.72010508
68.99809862
68.94152147
66.77366658
66.11773877
67.37204549
69.21576948
71.18873553
73.51951966
73.54338139
74.92768598
76.91220501
77.04220288
75.9957416
74.92045188
76.02640555
75.05703603
75.31109333
76.47135674
76.25314602
77.61952732
78.17817267
77.4855345
77.4855345
77.66897834
77.12512511
76.74376923
76.74376923
76.74376923
79.03060888
79.53472854
78.64029135
80.6578497
82.1902914
82.01310992
83.88393479
83.45636703
83.87950795
85.08242016
85.17775913
85.56969624
79.77582925
79.96963837
77.28870217
78.34164175
78.92134157
75.97997774
75.91087588
73.3372635
75.3630277
72.83249601
71.72135971
70.8799366
74.5074603
73.84872523
73.47924623
69.86197983
70.7667823
72.56656183
72.71988158
74.06661203
72.99477741
73.56065686
72.78876749
72.0581233
71.57073925
73.57328954
75.91659837
77.02946223
78.46764467
78.58824901
78.30482342
79.52447124
78.43320172
80.077718
79.955818
79.92094315
80.41631711
80.41631711
81.02873234
81.19511666
81.81249858
81.18917822
81.44496307
81.8771736
81.65950275
80.45972171
78.03586602
75.47531822
76.72757348
75.61816472
77.82596913
80.0228684
79.18727576
79.75984944
77.12102219
76.06797464
76.18069704
75.77472362
77.26699987
78.23280632
76.92840076
76.2844578
76.71440094
75.02950325
74.75169219
74.53283364
76.08827331
75.96518562
75.5767036
74.25523851
74.43511929
73.79009662
74.53596482
76.71494079
77.17198481
77.33944885
76.65555638
78.25623617
79.37838559
79.36197389
78.98212961
78.97133245
78.97133245
78.65691899
79.50751969
80.96880807
81.19446883
81.19446883
80.86709877
80.72857114
81.33386024
81.12169593
79.47070135
79.42988807
78.20311412
78.21715043
77.52775141
76.46077552
76.5621609
77.66757471
78.43644087
79.6579242
79.6579242
79.7062955
79.68848018
80.30629399
80.23708416
80.67782446
80.81095351
79.59227744
80.02016911
78.28970739
79.67789896
79.35063687
80.13310746
79.44262872
78.75722465
78.75722465
78.70388666
79.31252288
78.81444963
78.21466709
78.89510446
80.22909426
80.13742632
81.12439522
82.55685517
82.74450991
82.39878467
82.14418751
83.03171451
83.27497465
84.04459661
83.55462124
83.21483444
84.22955206
84.0796874
84.039306
84.31916853
82.8192263
82.04118255
82.46810247
83.81742425
83.87767243
83.47094321
82.86144321
82.66731018
81.57809212
82.19093923
83.51013692
84.44905843
84.37056304
84.37056304
84.15343204
84.18690325
85.54767003
86.16451209
86.95216532
86.95216532
86.95216532
86.95216532
86.95216532
86.145833
85.5435671
87.04577674
86.39686709
86.48378428
86.48378428
84.47140857
86.19452821
86.19020935
86.27410332
85.98549509
86.1747694
86.43703255
85.67907153
84.10603248
81.79921807
81.45964721
83.51726305
81.37003074
81.11273428
79.5459576
75.88949749
77.49859907
77.34959818
79.15121322
80.16517504
80.16517504
81.17503393
79.8129715
78.77709144
79.26890233
81.4932264
81.14275041
79.55535113
81.38914172
