100
100.9664282
101.5024766
101.6477711
101.6477711
102.0484315
102.1210787
102.0132086
102.0132086
102.0132086
101.609246
101.0764997
100.9719318
100.827738
100.827738
102.0858558
102.4314805
101.9889928
101.8425977
101.8425977
101.5465052
101.1579527
100.5019263
100.5019263
100.5019263
99.35057788
98.97413319
97.57732526
97.71711613
97.71711613
99.42102367
99.31865713
99.57842598
99.65657677
99.65657677
101.2140892
100.8464502
101.075399
100.9301046
100.9301046
100.4512933
100.5470556
100.66153
100.66153
100.66153
101.458448
100.5459549
101.5564117
100.6703357
100.6703357
98.81783159
98.31700605
98.18602091
98.47110622
98.47110622
97.75454045
98.16510732
98.11447441
98.25756742
98.25756742
98.4413869
98.99284535
100.5459549
100.5459549
100.5459549
103.195377
103.6951018
103.4947716
103.7974684
103.5696203
103.9790864
104.1893231
104.63071
104.7826087
104.7826087
106.4700055
107.3824986
108.8365438
108.0429279
107.8866263
110.9345074
109.3957072
110.3037975
109.9823886
109.9823886
111.6708861
110.1948266
109.7006054
109.7006054
109.7006054
112.9576225
111.5608145
111.5608145
111.5608145
110.518437
113.3032471
113.3582829
113.33847
113.1766648
113.1766648
114.6560264
115.512383
116.0374243
116.0374243
116.0374243
119.752339
119.752339
118.7782058
117.8403963
118.5206384
117.1337369
116.5965878
115.8216841
115.6554761
116.1552009
113.6774904
113.3593836
112.263071
112.3434232
112.3434232
112.247661
111.5982389
111.6873968
111.849202
111.849202
112.0693451
111.5883324
111.2856357
110.9653275
110.9653275
110.4490919
109.9053385
109.5828288
109.5828288
109.5828288
108.789213
108.789213
108.0506329
108.0506329
108.0506329
106.638415
106.4413869
106.1948266
106.3478261
106.3478261
107.8293891
107.8690149
107.5167859
107.5167859
107.5167859
107.4122179
108.166208
108.4039626
108.0946615
108.0946615
107.586131
107.96918
107.96918
107.96918
107.96918
105.5101816
105.7127133
105.0974133
105.0974133
105.0974133
105.2217942
104.7638965
104.495322
104.6417171
104.6417171
104.2839846
103.736929
103.976885
104.1232801
104.1232801
104.3720418
104.166208
104.1254816
103.9790864
103.9790864
103.4870666
103.4782609
103.3186571
103.1744634
103.1744634
102.3004953
102.3511282
102.4645019
102.7517887
102.7517887
102.9818382
102.843148
102.7330765
103.0225647
103.0225647
102.5239406
102.5349477
101.872317
102.01541
102.01541
101.736929
101.624656
101.2504128
101.2504128
101.2504128
102.429279
102.6285085
102.9389103
102.7947166
102.7947166
102.5074298
102.1254816
101.7930655
101.864612
101.864612
101.5432031
101.5354981
101.3604843
101.3968079
101.3968079
100.6516236
100.6637314
100.5404513
100.5756742
100.5756742
99.57402312
99.57402312
99.34617501
99.34617501
99.34617501
98.6758393
98.69675289
98.78040726
98.78040726
98.78040726
96.84645019
96.84865162
97.19757843
97.26582278
97.26582278
97.32526142
97.74463401
97.58943313
97.62355531
97.62355531
99.37259218
100.5217391
103.9262521
103.9262521
103.9262521
103.9658778
103.9658778
103.4848652
103.5211888
103.5211888
103.5211888
104.9741332
105.8194827
105.8194827
105.8194827
105.8194827
104.6417171
103.9955971
103.9955971
103.9955971
102.970831
103.0764997
103.2041827
103.2041827
103.2041827
101.7787562
101.4914695
101.5663181
101.5663181
101.5663181
102.4634012
101.849202
101.2206935
101.2206935
101.2206935
100.6824436
101.4881673
102.7462851
102.7462851
102.7462851
102.8508531
102.7462851
102.5668685
102.638415
102.638415
102.2124381
101.7457347
101.7952669
101.7952669
101.7952669
102.1684095
102.1684095
102.1684095
102.1684095
102.1684095
102.4722069
101.9350578
101.4562466
101.4562466
101.4562466
100.3973583
99.62575674
99.50798019
99.50798019
99.50798019
100.1287837
100.0165107
99.63456247
99.63456247
99.63456247
98.21023665
98.55145845
98.66593286
98.66593286
98.66593286
98.59988993
98.14749587
97.88222345
97.88222345
97.88222345
96.51073198
94.83104018
94.82883875
94.82883875
94.82883875
96.70665933
98.46560264
97.80847551
97.80847551
97.80847551
99.77435333
99.87671987
99.61034673
99.61034673
99.61034673
98.71436434
98.60649422
99.46725371
99.46725371
99.46725371
99.46725371
99.46725371
99.46725371
99.46725371
99.46725371
98.22234452
97.93505779
97.26802422
97.26802422
97.26802422
96.70996147
97.02806824
96.58998349
96.58998349
96.58998349
96.92129884
96.4766098
96.14529444
96.17941662
96.17941662
96.14419373
95.83929554
95.73252614
95.73252614
95.73252614
93.92845349
92.99724821
92.73968079
92.73968079
92.73968079
93.4518437
92.98293891
92.58888277
92.58888277
92.58888277
90.80682444
89.61474959
89.43423225
89.43423225
89.43423225
89.53219593
88.97963676
87.97358283
88.00440286
88.00440286
87.56081453
87.49257017
86.87616951
86.87616951
86.87616951
84.98073748
84.55255916
85.13043478
85.13043478
85.13043478
87.08860759
87.33186571
87.58833242
87.58833242
87.58833242
87.90203632
88.00660429
88.08695652
88.08695652
88.08695652
87.15244909
86.72647221
86.36873968
86.36873968
86.36873968
86.63951569
88.64171712
89.52118877
89.48926802
89.48926802
90.20473308
89.63346175
89.30104568
89.30104568
89.30104568
87.70390754
87.58503027
87.91744634
87.91744634
87.91744634
88.40066043
89.18767199
89.47275729
89.47275729
89.47275729
89.52559163
89.44744084
89.20748487
89.20748487
89.20748487
89.94166208
91.16895982
91.53109521
91.53109521
91.53109521
93.0533847
93.02916896
92.52063841
92.52063841
92.52063841
92.97963676
92.78921299
92.57017061
92.57017061
92.57017061
91.56191524
91.29334067
91.15685195
91.15685195
91.15685195
91.22179417
90.6758393
90.57567419
90.57567419
90.57567419
90.39295542
90.13428729
90.31920748
90.31920748
90.31920748
90.17721519
90.08805724
90.16070446
90.16070446
90.16070446
90.25096313
89.98238855
89.81728123
89.81728123
89.81728123
89.64226747
89.70390754
89.61144744
89.61144744
89.61144744
89.4804623
89.30764997
88.82663731
88.82663731
88.82663731
87.59603742
87.51788663
87.60044029
87.60044029
87.60044029
87.47716015
88.25096313
89.1315355
89.1315355
89.1315355
90.71106219
92.35993396
92.72206935
92.72206935
92.72206935
94.09906439
93.13043478
93.1172262
93.1172262
93.1172262
92.98734177
93.6158503
93.76114474
93.76114474
93.76114474
92.39405614
92.08365438
92.08365438
92.40836544
92.40836544
93.76995047
93.76995047
93.76995047
93.76995047
93.76995047
91.93505779
92.61860209
92.28068244
92.28068244
92.28068244
91.07099615
91.7226197
91.98348927
91.98348927
91.98348927
92.15740231
92.45899835
92.8970831
92.8970831
92.8970831
93.09851403
92.74628509
92.78921299
92.78921299
92.78921299
94.08145294
94.31700605
94.55145845
94.55145845
94.55145845
94.55145845
94.55145845
95.20418272
95.20418272
95.20418272
95.5443038
95.30764997
94.669235
94.669235
94.669235
95.34947716
95.2173913
94.91909741
94.91909741
94.91909741
93.29113924
93.09080903
93.6224546
93.6224546
93.6224546
93.96697854
93.93285636
94.31700605
94.31700605
94.31700605
94.17501376
94.14309301
94.03742433
94.03742433
94.03742433
94.32471106
94.10787012
93.90864062
93.90864062
93.90864062
93.13593836
93.3098514
93.06879472
93.06879472
93.06879472
92.2564667
92.26857457
92.32250963
92.32250963
92.32250963
93.3450743
93.71051183
93.71051183
93.71051183
93.71051183
94.93010457
94.796918
95.0038525
95.0038525
95.0038525
93.52669235
92.32250963
92.62300495
92.62300495
92.62300495
91.90093561
92.16951018
92.99504678
92.99504678
92.99504678
93.07539901
93.89983489
94.68574573
94.68574573
94.68574573
96.09356081
97.47055586
97.21078701
97.21078701
97.21078701
98.21243808
99.36818932
101.6202532
101.6202532
101.6202532
105.4034122
104.2135388
102.8255366
102.8255366
102.8255366
103.1480462
103.1480462
103.1018162
103.1018162
103.1018162
102.8574573
103.0346725
102.7671987
102.7671987
102.7671987
103.3164557
104.1408916
103.5178866
103.5178866
103.5178866
102.7352779
102.8068244
103.0798019
103.0798019
103.0798019
102.5206384
102.0275179
102.0858558
102.0858558
102.0858558
101.7644469
102.1144744
101.1898734
101.1898734
101.1194276
102.2058338
101.8315905
101.632361
101.632361
101.5608145
101.106219
100.6978536
101.6224546
101.6224546
101.5509081
101.504678
101.4639516
101.4485416
101.4485416
101.376995
101.1810677
101.1865713
101.3813979
101.3098514
101.3813979
100.8827738
100.8321409
100.6956522
100.6252064
100.6956522
99.73472757
99.91634562
99.80627408
99.87671987
99.80627408
99.36268575
99.99229499
100.0605394
100.0605394
99.99009356
100.5976885
100.6516236
101.0731976
101.0731976
101.0731976
100.0374243
100.3302146
100.7275729
100.7275729
100.6571271
99.68629609
99.87451844
99.71381398
99.64336819
99.71381398
100.2036324
99.64667034
99.49257017
99.56301596
99.49257017
98.78591084
98.12548156
97.38249862
97.38249862
97.38249862
95.81397909
94.92239956
93.53219593
93.40121079
93.466153
93.14364337
93.70720969
93.92294992
93.98899285
93.98899285
93.92405063
93.9075399
93.04678041
92.98073748
93.04678041
92.64832141
92.5833792
92.26527243
92.07044579
92.135388
92.79911943
92.80682444
92.62850853
92.62850853
92.62850853
92.45019263
92.45899835
92.40616401
92.40616401
92.40616401
91.89433132
91.76114474
92.08695652
92.08695652
92.08695652
92.50082554
92.74188222
92.44028619
92.44028619
92.44028619
91.02366538
90.40176114
90.16620804
89.91304348
89.97578426
89.75564117
89.80627408
90.00440286
90.06824436
90.06824436
89.57512383
89.11282334
90.18271877
90.18271877
90.18271877
93.15134838
92.09906439
92.09906439
92.09906439
92.09906439
91.61144744
91.34287287
91.60264172
91.79636764
91.79636764
92.14309301
92.04733076
91.47055586
91.47055586
91.47055586
91.35167859
91.203082
91.32085856
91.32085856
91.38580077
91.12933407
91.24050633
91.30544854
91.30544854
91.30544854
90.45459549
90.44468905
90.44689048
90.3841497
90.44689048
89.10511833
88.38965327
87.69840396
87.76004403
87.76004403
87.08860759
87.40671436
87.30875069
87.30875069
87.37039075
88.00110072
87.65877821
87.89653275
87.64887177
87.64887177
88.62410567
90.00440286
91.04017611
91.00715465
90.87947166
90.70776004
89.71821684
90.33351679
90.39735828
90.33351679
87.58833242
87.79856907
87.736929
87.79856907
87.79856907
87.45514584
87.56851954
87.80297193
87.80297193
87.80297193
86.84755091
86.8541552
87.0247661
86.96422675
86.96422675
88.25756742
88.19482664
88.25756742
88.31920748
88.31920748
88.08805724
88.15740231
87.96807925
87.96807925
88.02971932
90.36763897
90.17391304
88.9179967
88.98073748
88.9179967
87.78315905
86.86516236
86.75068795
86.68904788
86.68904788
85.59493671
85.24600991
85.3164557
85.25701706
85.3164557
85.56741882
86.61750138
87.03026968
87.09190974
87.03026968
87.72592185
86.40946615
85.66318107
85.60374243
85.66318107
85.17226197
85.22179417
85.22949917
85.22949917
85.22949917
83.89763346
82.72757292
81.57732526
81.51898734
81.57732526
82.41386901
82.63621354
82.63621354
82.57787562
82.63621354
81.92955421
81.27572922
79.97248211
79.97248211
79.97248211
78.74518437
77.46175014
77.75454045
77.75454045
77.75454045
77.73802972
78.30159604
77.29334067
77.51128233
77.51128233
77.06879472
78.09356081
79.65547606
79.65547606
79.65547606
79.11392405
78.85195377
78.83214089
78.83214089
78.83214089
79.51458448
77.87231701
77.41552009
77.52449092
77.52449092
77.79636764
77.68079252
77.84479912
77.78976335
77.84479912
77.27352779
77.64226747
77.38910292
77.44413869
77.44413869
77.42982939
77.42982939
78.66263071
78.66263071
78.60759494
78.38965327
77.82608696
78.25316456
78.1992295
78.25316456
77.94826637
77.9075399
78.24656026
78.13648872
78.13648872
77.40121079
76.81563016
76.69235003
76.69235003
76.69235003
76.36543753
76.60429279
76.68684645
76.74078151
76.68684645
76.15410017
75.81948266
75.22289488
75.22289488
75.27572922
75.23390204
74.04072647
73.97028068
73.91854706
73.91854706
73.79746835
73.466153
73.80627408
73.80627408
73.75454045
72.92350028
72.45239406
71.92074849
71.92074849
71.92074849
71.42652724
71.12493121
70.53054485
70.53054485
70.53054485
69.92845349
68.65272427
68.41386901
68.36543753
68.41386901
68.6835443
69.70280682
69.56741882
69.56741882
69.51898734
71.25921849
71.19977986
70.26967529
70.26967529
70.31920748
69.64997248
68.70665933
68.61089708
68.5624656
68.61089708
68.5624656
68.36213539
68.44799119
68.44799119
68.44799119
73.68409466
73.22509631
73.27572922
73.27572922
73.27572922
73.13043478
72.82773803
72.59878921
72.59878921
72.59878921
73.53880022
73.48376445
74.7187672
74.7187672
74.66593286
77.05778756
78.73858008
78.77930655
78.72427078
78.77930655
77.49807375
76.81893231
76.59548707
76.59548707
76.59548707
77.39130435
78.15189873
78.96312603
78.96312603
78.96312603
80.89488167
83.21408916
84.54705559
84.60649422
84.60649422
82.61970281
81.4947716
81.60704458
81.66428178
81.66428178
83.10952119
83.16785911
83.16785911
83.16785911
83.16785911
88.17171161
87.68409466
83.98348927
83.98348927
83.92405063
86.29499174
85.83489268
86.0572372
85.99669785
85.81618052
86.35002752
86.35002752
86.35002752
86.35002752
86.35002752
90.88827738
89.5299945
88.56026417
88.68464502
88.68464502
88.76389653
89.02916896
88.54595487
88.54595487
88.35883324
87.02366538
87.01375894
87.0390754
87.14364337
87.20418272
88.47550908
88.02531646
87.55971381
87.10181618
87.16345625
85.87671987
85.83709411
85.80297193
85.70060539
85.70060539
86.00550358
86.42377545
86.69124931
86.94111172
86.94111172
86.94111172
86.87947166
87.42542653
86.67363786
86.67363786
86.49862411
86.80022014
87.08530545
86.45789763
86.45789763
84.69345074
84.81563016
84.96862961
84.84975234
84.84975234
83.38580077
83.98128784
84.4127683
83.37589433
83.43423225
81.27572922
79.98789213
80.74408365
81.14694551
81.14694551
82.87837094
82.02751789
81.3736929
81.33957072
81.28233352
80.20253165
81.05558613
81.47936159
81.63126032
81.63126032
81.4518437
81.23720418
81.41331866
81.09741332
81.09741332
80.95542102
80.89818382
80.61309851
79.68409466
79.74023115
79.28343423
79.77875619
79.92955421
79.61144744
79.55531095
78.38525041
77.17556412
77.12052834
77.12052834
77.12052834
76.9961475
78.04402862
79.39680793
80.52283985
80.52283985
79.46064942
79.52889378
79.90864062
79.85250413
79.85250413
79.24050633
78.58668134
78.58117777
78.74188222
78.52063841
78.19812878
77.88882774
77.90864062
77.53549807
77.59053385
79.34727573
79.72041827
79.77655476
79.45954871
79.45954871
80.36433682
79.64887177
79.46725371
79.41331866
79.46945515
79.43643368
79.53329664
78.88827738
78.87616951
78.87616951
79.1172262
79.47055586
80.14529444
80.33902036
80.35002752
79.56851954
78.77490369
78.77490369
78.44248762
78.50853054
77.32085856
77.36378646
77.84589983
78.06494221
78.00440286
77.79636764
77.35718217
76.95982389
76.94991745
76.89598239
76.51293341
76.59328564
75.23059989
74.93560815
74.93560815
75.15024766
75.9361585
77.04898184
76.9609246
76.9609246
75.63896533
74.92019813
74.77270226
74.69124931
74.69124931
75.74573473
76.66263071
76.56576775
75.55531095
75.50798019
75.03687397
74.26747386
74.35222895
74.38855256
74.38855256
74.02531646
74.06164007
73.85360484
73.94166208
73.94716566
73.52889378
74.36653825
75.00825537
75.02256467
75.02256467
74.97743533
74.91689598
74.86516236
74.7826087
74.7826087
74.46009906
74.38745184
74.32361035
74.04182719
74.10346725
76.26527243
76.51513484
78.55365988
78.63291139
78.64391855
76.28068244
76.16730875
75.3736929
75.73582829
75.84259769
76.97743533
76.8893781
76.14199229
76.27848101
76.27848101
75.87671987
75.21298844
74.59328564
74.88387452
74.88387452
75.13373693
75.67749037
75.96587782
75.84810127
75.79416621
75.30434783
74.73858008
74.34342323
74.28948817
74.28948817
74.3841497
74.75839296
74.8970831
74.94771602
74.94771602
74.94001101
75.22289488
75.64226747
75.71271326
75.71271326
78.12878371
80.15079802
80.54485416
80.54485416
80.54485416
77.48156302
77.85360484
78.3632361
78.94111172
78.94111172
78.94111172
78.93780958
78.533847
78.43698404
78.43698404
77.23610347
76.66813429
76.71656577
76.87396808
76.87396808
77.74463401
77.1744634
77.53329664
77.6510732
77.6510732
77.02806824
76.3489268
76.29829389
77.067694
77.067694
76.47550908
75.1887727
74.66593286
74.36543753
74.41827188
74.00220143
74.52394056
74.91359384
74.55476059
74.60649422
74.69455146
74.2135388
73.95817281
74.31260319
74.31260319
73.84479912
72.77050083
72.81342873
72.02751789
72.0781508
70.92239956
71.2669235
71.43203082
71.45074298
71.45074298
71.47716015
71.45844799
71.40781508
71.40781508
71.45844799
71.36378646
71.03797468
70.68024216
70.5767749
70.5767749
72.3775454
73.15575124
73.3098514
73.9504678
73.9504678
73.50357733
73.54320308
73.54320308
73.1315355
73.08090259
73.15024766
72.55476059
72.32140892
72.63841497
72.68904788
71.06329114
71.4166208
70.66152999
70.64171712
70.64171712
70.8970831
71.57072097
72.26417171
72.33571822
72.33571822
71.15465052
70.19262521
68.93560815
68.57017061
68.57017061
68.40836544
68.7760044
68.95652174
68.91579527
68.91579527
69.16895982
69.067694
69.44744084
69.67418822
69.67418822
69.02256467
68.90038525
68.53494772
68.48651624
68.53494772
68.47991194
67.62685746
67.91524491
67.71491469
67.71491469
68.04072647
67.65547606
67.23940561
67.82828839
67.73252614
67.1887727
67.36708861
67.46175014
67.43973583
67.43973583
66.87176665
66.67363786
66.83104018
67.3241607
67.22949917
66.6758393
65.74463401
65.5729224
65.86681343
65.96037424
64.84975234
64.66813429
64.64171712
64.16620804
64.2564667
63.29223996
63.12383049
62.76059439
62.79581728
62.79581728
62.84975234
62.54485416
62.57457347
62.22344524
62.22344524
61.19977986
61.00715465
61.36598789
62.48211337
62.48211337
62.87286736
63.14364337
63.06219042
62.97303247
62.88387452
62.85745735
62.83104018
62.82333517
62.53714915
62.53714915
62.37864612
61.80737479
61.37479362
60.98293891
60.89818382
60.42267474
59.93946065
60.09356081
59.86681343
59.86681343
60.23555311
60.28068244
60.29499174
60.54045129
60.54045129
60.73417722
60.65382499
60.54595487
60.4766098
60.4766098
60.51183269
60.58888277
60.5910842
60.59988993
60.59988993
60.37314254
60.20363236
60.23225096
60.23995597
60.23995597
60.74408365
61.3098514
60.96532746
61.195377
61.195377
60.26197028
60.24766098
60.932306
61.96477711
61.96477711
61.63236103
61.59383599
61.24490919
61.35828288
61.35828288
60.81012658
60.66042928
60.68464502
60.75949367
60.75949367
61.00935608
61.09521189
60.95762245
61.38580077
61.38580077
62.05173363
62.32361035
63.14474408
62.669235
62.669235
61.8150798
62.72317006
62.48871767
62.43808476
62.43808476
62.07925151
61.94826637
61.77985691
61.89983489
61.89983489
62.04623005
61.60264172
61.61034673
61.62685746
61.62685746
61.85470556
61.61805173
62.00110072
62.07374794
62.07374794
62.03962576
62.62190424
62.3489268
62.2421574
62.23775454
61.5729224
61.36598789
61.36048431
61.29003853
61.29003853
59.98238855
60.37204183
60.35332966
60.60429279
60.68904788
60.68904788
60.68904788
60.68904788
60.68904788
60.68904788
60.68904788
60.83104018
61.0963126
62.12988442
62.12988442
62.59658778
63.17116125
63.08750688
62.97193176
62.97193176
62.39405614
61.63126032
61.41552009
61.44523941
61.44523941
62.65052284
62.48101266
62.74958723
62.75509081
62.75509081
62.7044579
62.60979637
62.75288938
62.75288938
62.84094662
63.03577325
62.99724821
62.84865162
62.81673088
62.90478811
62.95652174
63.01155751
62.91359384
63.09301046
63.09301046
64.23665382
64.75619152
64.44689048
63.94496423
63.94496423
63.66758393
63.52559163
63.49146946
63.4232251
63.4232251
63.51238305
63.51238305
63.4232251
63.4232251
63.4232251
64.5195377
64.06714364
63.56741882
63.69620253
63.7864612
64.02311502
63.94716566
63.73913043
64.20583379
64.20583379
64.20583379
64.20583379
64.11557512
63.91964777
63.91964777
63.20198129
64.34452394
64.32911392
64.03852504
64.03852504
64.19262521
64.39185471
64.22014309
64.38084755
64.38084755
63.77435333
63.37039075
62.91139241
63.42432581
63.42432581
62.87396808
62.66483214
62.66373143
62.52283985
62.52283985
62.45899835
62.4270776
62.54705559
62.54705559
62.54705559
62.16840947
62.23335168
61.86681343
61.92074849
61.92074849
62.08365438
62.37974684
62.55255916
62.62850853
62.62850853
63.17116125
64.29279031
64.05283434
64.00220143
64.00220143
63.9427628
64.27958173
64.00440286
64.8893781
64.84424876
64.7760044
65.39900936
65.1106219
65.25151348
65.25151348
65.59163456
65.65327463
65.35167859
65.3450743
65.3450743
64.94001101
64.7044579
64.55035773
64.52394056
64.5052284
64.99064392
64.97413319
65.25481563
65.33847001
65.33847001
65.73362686
66.9895432
67.3241607
67.56081453
67.56081453
66.84534948
66.6263071
66.31370391
66.82113374
66.82113374
66.66703357
66.57127133
66.55916346
66.55586131
66.55586131
67.33406714
67.69510182
67.45404513
67.21078701
67.21078701
67.38690149
67.70610897
67.48156302
67.62465603
67.62465603
68.38194827
68.28838745
68.01981288
68.21574023
68.21574023
69.22619703
70.42817832
72.08255366
72.52283985
72.52283985
70.13428729
70.29499174
70.34012108
70.88057237
70.88057237
71.34397358
71.29223996
71.18216841
70.6758393
70.68574573
72.0781508
71.72482113
73.16125482
72.92129884
72.81783159
73.65767749
73.95927353
73.69290039
73.68849752
73.68849752
68.67473858
71.81287837
71.62905889
71.16785911
71.16785911
67.66648321
68.76940011
70.78150798
70.57127133
70.57127133
72.97303247
70.87176665
70.71766648
71.1744634
71.1744634
71.12823335
70.80132086
70.27187672
70.9752339
70.9752339
71.16785911
71.07649972
71.49367089
71.6301596
71.6301596
73.04788112
73.6510732
74.19592735
74.8541552
74.74958723
76.95432031
76.72317006
76.61089708
76.17501376
76.17501376
76.56466703
76.57237204
76.82333517
77.22069345
77.22069345
80.54375344
80.27297744
80.38635113
81.08090259
81.08090259
79.99779857
79.84149697
79.92405063
80.22234452
80.22234452
81.19427628
80.74078151
80.01981288
79.64226747
79.64226747
80.49201981
81.1315355
80.55696203
81.16455696
81.16455696
81.10952119
80.66152999
80.04402862
79.70610897
79.70610897
79.70610897
79.70610897
79.91194276
80.62850853
80.62850853
79.87341772
79.87341772
79.11832691
78.31040176
78.31040176
78.30049532
78.30049532
79.82498624
80.39185471
80.39185471
82.18822234
83.64887177
82.54155201
82.32801321
82.32801321
82.45679692
81.85690699
82.39955971
82.51403412
82.51403412
81.07099615
80.39955971
80.75839296
80.67914144
80.84975234
80.72427078
80.66483214
80.84645019
80.84645019
80.84645019
79.95597138
79.2812328
80.42047331
80.38525041
80.38525041
80.08035223
80.33681893
80.4623005
80.78040726
80.78040726
80.67804073
80.55145845
80.59438635
80.59438635
80.59438635
80.59438635
80.84865162
81.05228398
80.76059439
80.76059439
79.20088057
80.3555311
81.57402312
80.92239956
80.92239956
81.17336269
80.98293891
80.932306
81.56081453
81.56081453
82.32581178
82.45789763
82.49312053
83.59823886
83.59823886
83.19867914
82.98624106
82.40946615
82.12217942
82.12217942
79.79636764
79.4166208
79.16565768
78.82113374
78.82113374
78.43037975
79.54760594
80.28838745
80.41166758
80.41166758
79.55421024
79.15354981
78.84865162
78.62960925
78.62410567
79.20748487
78.7826087
78.20803522
77.38029719
77.38029719
76.58668134
77.19317556
77.88772702
77.88772702
77.88772702
79.5299945
79.55751238
79.82718767
79.44413869
79.44413869
81.33406714
81.26031921
81.10071547
80.53824986
80.53824986
80.94551458
81.18436984
80.8970831
81.13813979
81.13813979
81.57182168
81.79526692
82.04512933
82.15740231
82.15740231
82.932306
82.67473858
82.38635113
83.05888828
83.05888828
85.15354981
85.12493121
86.42047331
86.94111172
86.94111172
87.49036874
86.46890479
87.5299945
86.58117777
86.58117777
87.41992295
87.45294441
88.0781508
88.3841497
88.3841497
88.08145294
88.84975234
89.12823335
90.00990644
90.00990644
91.36488718
90.60979637
90.796918
90.7616951
90.7616951
88.58778206
87.96587782
89.73802972
89.30875069
89.82168409
89.00935608
87.99229499
87.13043478
86.82773803
86.82773803
83.77985691
85.05228398
85.28013209
85.04457898
85.04457898
82.62300495
82.65052284
82.84645019
83.24490919
83.24490919
82.5624656
82.51293341
81.12162906
81.29994496
81.29994496
83.1744634
83.4089158
82.6263071
82.20583379
82.20583379
82.50742983
82.9036874
82.38855256
82.5195377
82.5195377
83.22289488
84.13428729
83.90864062
82.95872317
82.95872317
78.55586131
79.12823335
79.08860759
79.68959824
79.68959824
79.6224546
81.88442488
80.96422675
80.88827738
80.88827738
79.92515135
79.70060539
79.45624656
79.82608696
79.82608696
80.59878921
80.61529994
80.63731425
79.90643919
79.90643919
79.89763346
79.84149697
79.58833242
79.42762796
79.42762796
76.2278481
76.9961475
77.28673638
77.24050633
77.25151348
78.15960374
78.30379747
78.26637314
78.00880572
78.00880572
77.38029719
77.50467804
77.73032471
78.12658228
78.13758943
78.29058888
77.93175564
77.86901486
77.80297193
77.79196478
78.17721519
78.29609246
78.46560264
78.46560264
78.46560264
79.06108971
78.79801871
79.17336269
79.47495872
79.46395157
79.14364337
78.84314805
79.12383049
79.54320308
79.54320308
79.91524491
80.09466153
80.27517887
80.27517887
80.26417171
80.26417171
80.9036874
81.06659329
80.89047881
80.89047881
81.67749037
80.90919097
80.43148046
80.51403412
80.52504128
79.80847551
79.63456247
79.63456247
80.52283985
80.52283985
80.28508531
80.28508531
80.28508531
80.62410567
80.62410567
82.87396808
82.97193176
81.76774904
81.76224546
81.76224546
83.02366538
83.18216841
83.86020914
83.79856907
83.79856907
83.79746835
83.70720969
83.58833242
82.58998349
82.58998349
82.79911943
83.07649972
82.83654375
82.83654375
82.83654375
80.77930655
79.04347826
79.54980737
80.1210787
80.1210787
80.7330765
80.78921299
80.78921299
80.7330765
80.7330765
80.8684645
80.533847
80.48101266
79.99009356
79.99009356
78.01210787
78.01210787
78.01210787
78.83214089
78.83214089
78.97413319
78.97413319
79.4089158
79.4232251
79.4232251
78.46780407
78.52173913
78.73858008
78.62850853
78.62850853
79.31425427
80.05173363
79.95817281
81.15575124
81.15575124
81.17226197
80.90258668
81.17336269
81.11282334
81.11282334
82.47110622
82.15520088
81.94826637
81.97688498
81.97688498
85.2239956
86.16620804
85.99889928
86.56466703
86.56466703
87.26362135
87.24270776
86.66483214
86.10897083
86.10897083
85.37809576
85.48376445
85.45074298
86.47330765
86.47330765
86.27187672
86.31810677
87.35057788
87.35057788
87.35057788
87.74903687
87.79196478
87.98348927
88.54705559
88.54705559
89.88002201
90.27958173
90.27958173
90.37424326
90.37424326
89.47495872
89.92294992
90.13318657
89.97798569
89.97798569
90.79141442
90.58778206
90.58668134
91.0390754
91.0390754
92.79251513
93.55310952
93.69730325
94.88497523
94.88497523
94.68574573
94.30269675
94.10236654
93.90203632
93.90203632
94.55916346
94.55916346
94.17941662
94.73858008
94.73858008
94.71216291
94.37424326
94.54485416
94.81342873
94.81342873
95.43533297
97.07539901
99.1029169
99.68299395
99.68299395
98.90478811
101.1997799
101.2889378
101.0974133
101.0974133
101.4991745
100.8508531
99.87451844
99.27903137
99.27903137
100.4325812
100.4028619
101.0588883
101.593836
101.593836
102.4413869
101.1590534
101.9405614
102.3170061
102.3170061
103.8392955
103.992295
103.4991745
103.2680242
103.2680242
103.7325261
102.6141992
101.8084755
102.6362135
102.6362135
103.9086406
103.4122179
103.0225647
103.6367639
103.6367639
104.9642267
104.8112273
104.2608696
105.1051183
105.1051183
107.5079802
109.6191524
111.172262
111.1073198
111.1073198
112.7473858
113.2724271
113.1073198
112.6108971
112.6108971
114.64612
112.6197028
111.1128233
112.6879472
112.6879472
112.8794717
111.5057788
111.5057788
111.5575124
111.5575124
111.9779857
111.976885
112.901486
112.6141992
112.6141992
111.8304898
112.0957622
111.841497
111.9779857
111.9779857
111.5101816
111.5255916
110.9433132
110.8519538
110.8519538
109.7787562
109.1920748
109.3703908
109.5332966
109.5332966
107.6609796
108.5514584
108.3115025
109.3714915
109.3714915
109.9152449
111.2405063
111.5762245
112.8222345
112.8222345
113.7556412
114.5470556
114.7242708
114.6670336
114.6670336
115.6004403
116.487617
116.9807375
117.3263621
117.3263621
119.1414419
119.1414419
119.1414419
119.1414419
119.1414419
125.6807925
121.9394606
122.4336819
124.1904238
124.1904238
123.7831591
123.7413319
123.9581728
123.9053385
123.9053385
123.6609796
122.804623
121.752339
121.8855256
121.8855256
124.3896533
125.4650523
125.1480462
125.1480462
125.1480462
124.2344524
124.7914144
124.7914144
124.7914144
124.7914144
127.8139791
129.6059439
131.8602091
135.0941112
135.0842047
137.4419373
135.7688498
135.1040176
134.8585581
134.8585581
135.2195927
133.7083104
131.3494772
132.0869565
132.0869565
132.4270776
134.7627958
135.0820033
135.1073198
135.1073198
135.1073198
135.1073198
135.1073198
137.7281233
137.7281233
138.2641717
137.1821684
137.3219593
135.8778206
135.8690149
136.1871216
134.5943864
131.7270226
129.9515685
129.9515685
133.2537149
134.4567969
133.1689598
132.5349477
132.5349477
137.2350028
136.0176114
136.9994496
134.0594386
134.0594386
133.7259218
133.5971381
132.5844799
131.1788663
131.1788663
127.5068795
127.729224
129.0742983
128.7253715
128.7253715
130.3390204
132.1100715
131.3902036
132.5371491
132.5371491
131.9306549
130.9312053
131.0126582
132.3170061
132.3170061
132.166208
131.30765
130.8222345
130.8332416
130.8332416
130.3577325
129.1436434
129.0610897
128.1640066
128.1640066
127.1304348
127.632361
127.2317006
125.5729224
125.5729224
128.2344524
127.8855256
126.1452944
126.510732
126.510732
126.2333517
127.0456797
126.8992845
126.8002201
126.8002201
130.1243808
130.7649972
130.3291139
130.3687397
130.3687397
131.3285636
131.9328564
131.9207485
129.8844249
129.8844249
129.7336269
129.7336269
129.5343974
129.6995047
129.6995047
128.8464502
128.5855806
128.089158
127.3208586
127.3208586
128.1023665
130.1133737
130.5888828
131.3274629
131.3274629
132.4116676
132.2960925
132.3269125
133.5905338
133.5905338
133.976885
133.910842
133.1304348
133.0853054
133.0853054
132.3313154
131.7127133
132.2168409
133.2790314
133.2790314
135.0225647
135.3858008
134.1706109
132.8442488
132.8442488
134.3885526
136.5976885
137.1766648
136.7473858
136.7473858
136.6879472
136.6549257
138.3236103
139.1392405
139.1392405
139.5817281
139.3736929
139.0203632
139.2438085
139.2438085
138.9367089
138.2652724
137.450743
137.3252614
137.3252614
135.9295542
137.0665933
137.2272977
136.7506879
136.7506879
135.9394606
135.3637865
135.0996147
135.2460099
135.2460099
134.1287837
135.5222895
136.5789763
137.1975784
137.1975784
138.2564667
138.7550908
140.023115
140.4755091
140.4755091
142.4028619
142.7209686
143.2272977
144.0638415
144.0638415
144.3412218
143.9911943
143.5509081
143.6521739
143.6521739
146.4017611
146.9587232
146.7319758
146.4512933
146.4512933
147.0412768
147.698404
147.8844249
148.7385801
148.7385801
154.1794166
153.0280682
153.4639516
154.1673088
154.1673088
152.69235
154.572372
156.1838195
157.1051183
157.1051183
158.9146946
159.4573473
162.9157953
164.3973583
164.3973583
166.2509631
163.0709961
163.2250963
163.0357733
163.0357733
167.3979086
171.9823886
171.9823886
173.9449642
173.9449642
172.8475509
174.0781508
174.4237755
174.3995597
174.4237755
174.4116676
174.4116676
174.4116676
176.6956522
176.6824436
184.2080352
184.2047331
184.7605944
187.6653825
187.6653825
188.8651624
190.526142
193.6719868
194.4347826
194.4347826
182.8167309
188.8706659
188.4248762
187.8932306
187.8932306
184.8893781
188.2311502
191.0093561
193.0798019
193.0798019
194.7440837
194.0814529
190.909191
191.8293891
191.8293891
195.1029169
195.4320308
198.5558613
198.5558613
198.5558613
211.7985691
212.7242708
212.8255366
213.3593836
213.3593836
209.4573473
210.9102917
211.481563
211.1777655
211.3417722
216.1596037
219.6829939
219.6829939
219.6829939
219.8381948
222.3368189
225.1139241
224.2234452
225.8514034
225.8514034
229.9064392
226.6956522
221.729224
223.7710512
223.9295542
216.421574
219.9526692
219.5905338
219.5751238
219.5905338
215.4045129
212.4523941
216.4325812
220.6637314
220.8662631
222.6164007
224.9025867
226.2817832
228.5151348
228.4997248
232.5679692
234.4501926
236.1794166
239.30765
239.30765
242.0902587
243.7743533
246.5602642
246.0759494
246.0759494
243.2085856
245.9504678
247.2801321
250.4931205
250.4931205
256.5921849
253.3560815
249.9042378
246.3698404
246.3698404
249.3087507
249.5971381
248.5459549
250.1827188
248.6890479
254.1034673
253.5101816
248.8288387
251.0698954
251.0698954
255.1733627
257.2845349
260.1937259
263.2746285
263.2559163
270.8640616
275.6664832
283.0610897
283.0610897
283.0610897
282.7418822
289.8084755
299.3758943
300.0495322
299.9438635
293.3802972
281.8172812
281.8370941
281.1150248
281.1150248
271.4903687
262.135388
271.8679141
273.210787
273.210787
270.0165107
268.5239406
268.8607595
273.3549807
273.3549807
283.1073198
278.6714364
279.346175
279.2878371
279.2878371
280.4336819
284.4766098
292.0704458
292.8475509
292.8475509
293.4694551
294.6516236
298.6736379
299.9020363
299.9020363
302.8156302
304.893781
305.0941112
307.1436434
307.1436434
316.9741332
317.2019813
317.4243258
319.2647221
319.1755641
314.2069345
317.9658778
312.7848101
310.6373143
310.6813429
317.841497
317.6279582
322.2564667
322.8893781
322.8893781
312.2366538
318.119978
320.6967529
320.2993946
320.2993946
307.7567419
310.6637314
316.7837094
319.0809026
319.0809026
339.7050083
331.098514
318.3434232
322.4534948
322.4534948
324.1948266
324.1948266
317.5883324
311.8778206
312.0319207
326.3026968
327.4496423
328.7716015
332.1827188
332.4402862
328.0814529
330.5349477
332.66153
329.775454
329.775454
326.2872867
337.021464
339.2449092
341.9647771
341.9647771
343.9196478
345.090809
350.7176665
350.7176665
350.7176665
351.1040176
350.2641717
348.0099064
348.7914144
348.7914144
351.1755641
349.7699505
351.2867364
357.2361035
357.4375344
355.1469455
356.7330765
358.5591635
361.7083104
361.5299945
347.0489818
353.1898734
349.95377
350.2575674
350.2575674
352.2729774
347.6081453
344.2300495
338.270776
338.7727023
340.1651073
343.7941662
339.1238305
338.2542653
338.5173363
333.9603742
337.1557512
336.1827188
337.3010457
337.706109
340.0110072
340.6263071
346.5822785
350.6108971
350.9829389
360.7374794
371.0489818
371.5982389
371.2052834
371.5982389
389.1788663
398.6582278
391.563016
390.4336819
390.3236103
387.6026417
392.9598239
394.359934
393.9647771
394.6604293
373.2206935
375.0093561
383.1117226
390.1210787
390.6989543
388.7451844
383.4023115
389.736929
392.9223996
392.6725371
384.2586681
377.0104568
378.9532196
376.2465603
376.4854155
352.1463952
359.3593836
354.436984
346.0264172
346.0264172
349.7149147
353.3648872
347.0798019
348.5679692
348.1496973
346.2817832
339.721519
340.9532196
340.5437534
340.9532196
351.210787
353.2019813
354.9025867
362.5613649
362.8420473
370.7793065
370.518437
370.518437
371.067694
371.067694
352.9620253
343.8249862
350.7627958
348.9455146
349.3142543
354.9488167
345.5454045
334.9257017
334.7407815
334.7407815
344.6934507
344.6450193
347.443038
348.9433132
348.9433132
349.0709961
354.5844799
352.9609246
354.0407265
354.0660429
347.9229499
342.5668685
338.2905889
341.6312603
341.6796918
326.0220143
310.9113924
323.895432
314.843148
314.5998899
303.4749587
305.6642818
292.4733076
291.2724271
291.3131535
267.3219593
279.775454
293.7952669
306.9950468
306.843148
304.8739681
294.1607045
293.1337369
299.5740231
299.489268
294.7011558
293.7468354
294.0297193
291.3946065
291.5178866
294.6175014
298.9146946
294.7165658
290.5514584
290.5514584
294.4336819
295.5971381
293.8679141
294.5943864
294.781508
298.4733076
298.2421574
293.4793616
291.3582829
291.3582829
288.4578976
284.3004953
288.8156302
297.736929
297.736929
309.713814
302.9609246
300.6439185
300.8684645
300.8684645
303.0456797
305.3802972
302.2080352
303.9625757
303.9625757
301.466153
300.0594386
304.5360484
303.4518437
303.4947716
313.6290589
306.6813429
299.3087507
300.9972482
300.9972482
301.7974684
299.0897083
299.5090809
299.5090809
299.5090809
294.6318107
296.1728123
295.6686846
288.6296092
289.1590534
289.7512383
285.361585
283.9273528
285.2041827
285.2041827
275.5443038
268.5899835
264.7429829
272.1596037
272.1981288
269.6367639
270.9190974
272.2168409
272.7407815
272.7407815
259.4111172
257.30765
253.8326912
254.6736379
254.6549257
241.5817281
242.8673638
251.5068795
256.1254816
256.1254816
253.0533847
253.2361035
251.5927353
248.4733076
248.5085305
241.4573473
243.2625206
240.9697303
238.3423225
238.3423225
245.2283985
245.2228949
244.8805724
246.1981288
246.1629059
251.601541
249.2691249
247.2867364
250.421574
250.421574
251.9603742
253.3131535
253.6940011
254.444689
254.4083654
258.1871216
259.3902036
257.8833242
257.7072097
257.7072097
258.7385801
256.3577325
254.7209686
257.6510732
257.6873968
261.7567419
261.2570171
264.503027
263.9570721
263.9944964
268.5118327
270.0517336
268.3995597
268.3918547
268.3918547
265.1359384
263.5773253
262.3203082
264.2993946
264.2993946
262.7286736
257.5597138
255.4804623
251.9020363
251.9735828
256.3841497
252.9840396
253.2548156
252.6670336
252.6670336
253.4958723
255.7556412
258.8365438
257.5057788
257.5057788
257.2636214
255.6653825
253.3197578
256.3192075
256.3192075
250.8420473
253.6521739
256.8145294
257.4529444
257.4166208
257.4529444
257.4166208
257.4529444
261.2449092
261.2449092
255.6213539
255.6422675
252.2872867
250.6450193
250.6086957
248.8893781
250.8189323
249.9053385
249.2471106
249.2823335
248.2883875
248.3236103
244.8893781
243.4133187
243.4133187
236.2124381
238.9521189
238.6439185
235.481563
235.481563
237.2052834
234.8574573
233.2305999
233.864612
233.864612
224.5547606
226.3654375
231.8106769
230.7099615
230.7099615
228.2190424
229.0225647
226.8321409
222.9378096
222.9378096
222.1651073
222.6119978
223.9438635
223.2526142
223.2526142
221.361585
224.9124931
230.2047331
230.2047331
230.2047331
230.2047331
230.2047331
230.2047331
230.3346175
230.3346175
227.106219
228.3918547
230.255366
232.0715465
232.0715465
234.8365438
235.1381398
239.5993396
244.2058338
244.2058338
247.2129884
252.0737479
252.9609246
253.9746835
253.9383599
248.533847
249.1447441
252.007705
254.5822785
254.796918
261.0016511
255.1909741
256.7782058
254.9058888
254.9411117
258.4887177
259.3957072
260.8420473
260.9994496
260.9994496
262.2718767
260.429279
260.7550908
260.5316456
260.5316456
262.0660429
263.1843698
267.0082554
263.7171161
263.6796918
263.1073198
262.5371491
261.458448
258.6340121
258.6703357
258.1133737
257.3087507
254.1574023
253.3021464
253.3021464
257.5244909
259.0489818
261.2162906
260.1849202
260.1849202
255.2438085
255.3263621
254.9873418
252.1232801
252.1232801
250.1849202
244.9444139
245.4188222
247.7182168
247.7182168
250.6472207
249.9966979
250.1607045
248.8926802
248.8926802
246.7605944
248.2388553
246.7671987
245.1370391
245.1370391
242.1904238
242.3269125
243.075399
243.9405614
243.9405614
242.0253165
241.5982389
242.0319207
240.9642267
240.9642267
239.4441387
239.0511833
238.390754
238.1419923
238.2091359
238.1397909
237.7897633
235.8018712
235.706109
235.6719868
232.6252064
232.6042928
230.2311502
230.173913
230.1408916
228.3665382
227.1348376
225.7237204
231.2526142
231.2845349
231.6741882
232.007705
229.7644469
228.7936159
228.7936159
228.2685746
227.5718217
228.5536599
229.3758943
229.3758943
232.64612
232.359934
231.2206935
232.6097964
232.6417171
232.3335168
230.5943864
230.1772152
233.5134838
233.4804623
230.3566318
231.1161255
231.0280682
230.0198129
230.0198129
231.1843698
229.6609796
228.9455146
228.5063291
228.4733076
225.9757843
225.6356632
225.3946065
224.924601
224.924601
222.9212988
222.4358833
223.075399
222.6318107
222.6318107
222.9697303
223.0016511
221.3450743
221.7512383
221.7512383
220.2586681
222.3874518
221.5310952
221.2085856
221.2085856
219.9592735
221.9328564
223.706109
223.1117226
223.1117226
220.158503
221.2305999
220.286186
219.4573473
219.4265272
218.63071
218.3885526
218.5151348
218.1386901
218.1386901
216.5844799
215.5993396
215.4287287
216.1529994
216.1221794
215.1744634
215.3351679
215.6235553
214.8948817
214.8948817
218.0990644
218.1529994
216.5668685
220.1871216
220.1408916
221.9185471
223.2812328
223.9900936
224.1629059
224.1783159
223.6840947
226.5327463
226.8970831
234.4479912
234.5481563
242.7903137
244.6714364
247.0258668
249.3494772
249.5432031
249.5432031
252.1287837
250.6747386
251.9218492
251.8866263
259.9306549
264.2300495
263.4980737
262.5547606
262.963126
260.6020914
260.6417171
258.6053935
259.5971381
259.578426
263.9625757
261.7270226
260.812328
260.0792515
260.0792515
258.2102367
260.158503
261.1249312
261.7743533
261.7930655
262.6813429
262.700055
267.9251513
270.3962576
270.3962576
270.9752339
266.0297193
266.7694001
265.9900936
265.9900936
268.7209686
269.2129884
271.2074849
271.2471106
271.2856357
274.5811778
273.1304348
272.390754
270.2993946
270.2993946
273.361585
273.1689598
273.1689598
273.1689598
273.8447991
274.0242157
274.0242157
276.4270776
279.3263621
279.3263621
278.3687397
278.3687397
283.6620804
287.7831591
287.7831591
286.232251
289.3946065
291.0566868
290.8508531
291.0566868
291.1931756
293.2504128
294.8409466
296.0792515
295.8701156
287.4122179
276.247661
276.3632361
278.1574023
278.6494221
285.2482113
283.7413319
283.5410017
283.5410017
283.7413319
286.9113924
283.4529444
280.8255366
280.4656026
280.6637314
271.8304898
273.6103467
273.7336269
274.9565217
274.7627958
271.1139241
271.3648872
272.4149697
275.9119428
275.9119428
275.6829939
279.3935058
282.4799119
285.6576775
285.8591084
284.8948817
280.9036874
280.309301
279.1260319
279.1260319
287.4188222
289.1832691
285.6532746
289.4837644
289.5244909
287.9438635
285.5586131
283.8304898
284.232251
284.232251
273.6565768
266.6813429
269.7930655
276.1375894
276.7231701
271.7226197
274.7594937
276.5789763
277.3142543
277.8436984
277.4474408
278.9146946
275.4320308
274.270776
274.309301
276.2212438
276.0869565
274.8244359
275.6763897
275.7160154
276.5470556
275.3924051
277.3219593
276.8651624
276.3368189
275.4408365
272.3500275
275.458448
275.496973
275.593836
284.2036324
285.9878921
288.9257017
294.5008255
294.541552
294.7176665
294.8882774
294.4854155
291.2746285
290.9664282
288.04623
288.7517887
292.255366
290.6813429
290.6406164
288.5206384
287.6180517
289.5597138
290.503027
290.8101266
287.8602091
288.0286186
287.1513484
288.8255366
288.8255366
294.0781508
302.5481563
306.2817832
317.1711613
316.835443
326.7539901
333.6312603
332.2124381
332.7374794
332.7374794
311.5454045
312.8618602
309.8470006
301.5960374
301.7017061
315.0963126
319.1161255
314.9719318
315.6290589
316.1871216
317.30765
311.9955971
311.7996698
316.4821134
317.1755641
325.6488718
324.3544304
318.526142
317.6224546
317.7127133
319.2625206
323.1051183
323.4100165
320.2454595
320.6978536
317.6422675
321.7567419
319.2988442
316.9829389
317.0952119
313.7226197
307.8855256
304.4678041
306.135388
306.3511282
311.6962025
307.96918
310.0792515
310.1959274
310.1089708
301.5421024
300.684645
287.6499725
285.8029719
285.8425977
302.2366538
300.6075949
303.9361585
303.8635113
304.3148046
307.586131
306.6042928
298.6417171
301.8128784
302.0264172
296.0209136
295.3747936
289.7160154
284.7418822
284.7418822
275.0104568
264.8178316
275.0610897
271.3582829
271.3582829
282.6351128
278.6593286
276.796918
273.5619152
273.5619152
273.5498074
273.5299945
273.5498074
273.5498074
273.5299945
251.5883324
239.9405614
228.0638415
237.8106769
238.0297193
246.5778756
258.7848101
256.9532196
254.9290039
254.893781
241.2757292
238.9146946
231.8514034
225.2702256
224.9521189
205.9053385
204.6945515
214.7506879
222.1552009
222.1552009
229.1293341
225.8679141
232.1375894
228.1717116
227.8503027
221.2173913
211.6785911
207.6620804
204.1089708
204.3973583
204.3159053
201.9867914
194.0979637
185.6697854
185.6697854
168.4193726
166.8365438
166.0099064
170.8706659
170.6890479
184.7716015
178.5250413
178.6175014
181.2867364
181.5432031
181.2867364
181.2867364
181.2867364
181.2867364
181.0952119
190.1838195
192.0935608
196.1783159
195.1117226
195.1117226
183.0159604
184.3610347
184.6637314
184.6637314
184.6637314
182.7242708
178.8761695
178.8134287
178.8134287
179.0654926
177.4628509
183.0897083
184.66153
183.7105118
183.7105118
182.2234452
182.270776
182.4843148
179.2955421
179.2955421
177.1194276
170.1397909
165.3428729
171.8315905
171.4562466
169.9130435
173.2669235
175.3935058
175.5531095
175.4287287
173.0577876
171.6125482
169.8403963
169.7105118
169.7105118
172.3313154
171.5905338
173.3714915
174.4512933
174.3159053
173.9526692
174.669235
171.903137
170.7958173
170.8079252
170.1529994
166.3731425
164.1078701
163.2669235
163.2900385
160.5514584
156.8409466
160.8673638
161.0974133
161.0864062
160.7033572
158.9058888
159.3681893
158.2366538
158.2366538
162.7958173
162.3247111
160.0638415
160.773803
160.773803
161.5905338
165.9966979
167.9075399
168.1221794
168.3004953
168.0704458
166.5910842
167.083104
170.4534948
170.8156302
173.8128784
171.9405614
169.9581728
168.7231701
168.7231701
172.7804073
172.1794166
168.572372
171.6158503
171.555311
175.5806274
172.541552
173.2096863
173.4243258
173.3990094
171.9647771
170.5272427
171.0544854
169.9933957
169.9933957
169.8844249
171.2217942
169.7875619
172.1188773
172.2036324
178.955421
176.3610347
176.758393
177.9746835
178.2135388
178.1166758
182.2531646
184.4127683
185.7358283
185.775454
184.1232801
181.6995047
184.5459549
182.1221794
182.3148046
187.8701156
195.3714915
190.963126
192.3412218
192.5316456
186.8497523
187.1392405
188.5250413
185.9779857
185.7941662
184.7033572
183.5255916
181.4496423
178.7330765
178.7330765
179.2239956
175.1403412
171.8965327
168.6857457
168.6263071
169.5883324
170.6296092
172.4744084
172.2025316
172.3852504
167.0324711
163.6796918
159.5531095
164.0550358
164.0550358
157.8205834
159.8403963
162.2905889
164.8728674
164.8728674
165.0478811
164.893781
161.2735278
163.7127133
163.7127133
164.8387452
167.241607
168.1970281
168.5811778
168.5811778
166.01541
165.2658228
165.2129884
165.3417722
165.3417722
163.4826637
163.6114474
163.2394056
162.8519538
163.427628
158.2443588
159.6048431
159.2074849
159.9427628
159.9427628
161.226197
160.6989543
162.9752339
163.7083104
163.8238855
168.63071
167.0005504
168.0066043
168.2179417
168.2179417
167.4870666
168.0539351
167.0225647
168.7099615
168.4722069
165.1535498
165.7006054
165.435333
166.564667
166.564667
166.4468905
166.3885526
166.4468905
169.4837644
169.3043478
168.1695102
169.9933957
169.2746285
167.9856907
167.9856907
169.5773253
170.7903137
171.0357733
170.1056687
170.1298844
170.3852504
167.7644469
167.2427078
169.0192625
169.0313704
169.1821684
167.5090809
164.7286736
165.7226197
165.9680793
170.0275179
167.8370941
167.3637865
166.6241057
166.6241057
164.7374794
163.059989
163.6048431
163.2294992
163.2867364
165.8613099
168.1706109
167.1227298
167.0974133
166.9796368
166.270776
166.5448542
166.0748487
165.5817281
165.640066
166.3951569
166.4634012
166.0341222
165.9163456
166.2102367
166.0924601
163.106219
160.5118327
163.3131535
163.3131535
162.5613649
163.7072097
164.5701706
163.9438635
163.9438635
170.03082
168.4413869
167.9823886
167.2768299
167.1590534
164.0715465
164.7705008
164.700055
164.5558613
164.5558613
163.5487067
164.436984
165.0269675
165.0269675
165.0269675
166.1860209
165.7413319
165.2063841
165.0654926
165.1821684
167.9361585
167.6741882
167.4782609
167.2647221
167.3241607
166.7374794
167.3516786
166.7319758
164.8728674
164.9653275
164.5888828
164.1100715
162.7572922
163.1524491
163.1524491
161.4078151
160.6318107
160.7870116
165.2438085
165.2438085
164.2069345
163.5145845
163.5255916
162.6560264
162.7705008
159.9757843
156.7749037
154.4997248
151.1898734
151.2966428
151.4793616
149.164557
149.7589433
152.9223996
152.9223996
157.1249312
155.6796918
155.32306
153.7820583
153.7820583
153.0258668
153.6158503
153.8370941
154.6857457
154.63071
154.9113924
154.9257017
154.0286186
154.7396808
154.9587232
153.9779857
153.8910292
152.5470556
153.5971381
153.6521739
153.7314254
155.2724271
154.7440837
154.7616951
154.7616951
158.669235
158.7363786
158.3566318
161.570721
161.570721
161.8965327
159.9581728
157.6862961
158.7121629
158.6560264
158.3269125
157.1007155
157.8624106
157.3924051
157.3924051
158.0484315
158.8101266
157.5916346
157.4991745
157.4991745
155.4628509
155.6114474
155.0247661
152.9466153
153.1084205
154.4523941
153.4837644
154.5162356
155.6180517
155.7831591
153.9977986
154.6373143
152.9675289
152.70776
152.70776
153.1007155
153.2636214
149.4386351
148.955421
149.1128233
146.4281783
144.7837094
143.7204183
146.8365438
146.940011
145.7105118
146.0220143
145.6708861
145.2779307
145.2570171
143.8580077
143.7314254
142.8706659
143.172262
143.0709961
145.4089158
146.1529994
146.4887177
147.826087
147.6697854
145.2162906
144.9818382
145.9020363
146.1849202
146.1750138
143.6026417
145.2691249
145.6719868
145.833792
145.9361585
145.1854706
144.4600991
144.8607595
144.0319207
144.0319207
142.3885526
143.0555861
143.1656577
141.5542102
141.5035773
140.820033
141.736929
141.5795267
142.5635663
142.5635663
138.1541002
138.3126032
137.9152449
135.6829939
135.9229499
133.8536048
134.3324161
131.2350028
134.9664282
134.7187672
131.8657127
132.7572922
134.4303797
138.2729774
138.3698404
139.3516786
141.098514
139.8436984
138.150798
138.0726472
137.1832691
137.0313704
136.1111723
136.301596
136.359934
138.5206384
138.3555311
141.5751238
141.6851954
141.5850303
142.5833792
141.4265272
141.6070446
141.9911943
141.9504678
142.653825
142.2828839
141.9196478
141.7171161
141.7875619
142.4645019
141.8073748
142.3225096
142.3456247
142.4457898
146.1188773
145.7941662
145.450743
143.9625757
144.166208
144.1320859
144.1474959
144.4193726
145.2449092
145.2449092
145.7050083
145.6521739
145.9449642
145.7864612
145.7864612
146.2795817
145.1480462
145.106219
145.4364337
145.5399009
144.8805724
144.4468905
144.0913594
144.978536
145.2350028
145.6973032
145.6973032
145.2625206
145.8756192
145.8756192
145.8117777
145.8117777
145.6059439
145.8117777
145.6059439
145.9933957
146.2817832
146.796918
146.572372
146.572372
144.7033572
144.1882223
142.023115
144.2916896
144.3940561
143.6356632
143.7479362
141.4265272
140.6340121
140.7826087
140.7253715
140.9499174
140.6857457
140.916896
141.1161255
140.8717666
141.7424326
144.270776
144.5811778
144.6318107
145.2889378
145.4925702
145.1986791
145.3010457
145.2085856
146.2212438
146.7231701
147.0313704
148.5041277
148.5041277
150.6340121
149.9526692
150.0198129
150.2883875
150.5008255
151.8084755
151.0886076
149.706109
148.8827738
149.0930105
147.9504678
147.9933957
147.098514
147.4474408
147.4474408
143.3593836
142.4237755
143.067694
144.7242708
144.8266373
143.9526692
144.1783159
144.6890479
143.7864612
143.8271877
140.5734728
140.5734728
139.6873968
139.466153
139.2801321
135.841497
134.2993946
133.4034122
136.7495872
136.6042928
134.4865162
135.0313704
132.2135388
132.8794717
132.8794717
133.2008806
133.729224
132.4545955
131.7842598
131.8304898
132.1882223
130.2993946
130.0858558
132.1309851
132.3181068
133.609246
133.8778206
133.466153
133.2614199
133.2614199
132.0836544
132.5305449
131.7710512
131.1524491
131.2449092
133.8701156
134.8211337
135.1348376
135.4628509
135.4628509
134.6824436
134.143093
131.8238855
132.1563016
132.3896533
134.2091359
133.4595487
133.9416621
134.1342873
134.1342873
134.1210787
132.9422124
133.2768299
132.8068244
132.8068244
134.510732
133.9075399
133.9141442
133.3340671
133.5222895
132.8585581
132.8002201
133.7831591
132.9334067
132.8398459
132.4843148
132.6648321
133.2317006
132.5162356
132.5624656
132.5283434
131.767749
131.95377
130.7881123
131.0005504
129.8216841
130.6945515
130.70776
130.5426527
130.5426527
130.5712713
130.3962576
130.2828839
130.7528894
130.7352779
129.4958723
129.6125482
130.173913
129.992295
129.992295
128.0539351
128.1728123
128.8926802
128.8816731
128.9730325
126.6351128
126.1563016
126.6989543
125.6367639
125.5927353
126.8244359
126.3786461
126.2124381
127.5916346
127.6917997
128.2487617
128.263071
128.5987892
128.4017611
128.4468905
132.5063291
131.9416621
131.4386351
130.0275179
130.0099064
130.7374794
130.6373143
129.5795267
128.9939461
128.947716
128.812328
129.7039075
129.2096863
129.7655476
129.9955971
126.6197028
121.640066
122.6097964
122.9466153
122.8596588
122.4028619
121.872317
121.9295542
124.8530545
125.029169
125.203082
126.8684645
127.2845349
125.8558063
125.95377
126.1926252
126.2729774
126.0946615
126.1485966
126.3621354
127.2460099
126.564667
125.8580077
125.1612548
125.0996147
125.4518437
123.0390754
123.8998349
123.7391304
123.7391304
123.849202
123.2383049
123.6202532
123.616951
123.7039075
123.1821684
122.0858558
121.3450743
119.8833242
119.8833242
118.924601
118.916896
118.2597688
117.9372592
117.9372592
113.7820583
113.3791965
114.0033021
114.8002201
115.0511833
114.6075949
116.9873418
117.090809
117.6730875
117.698404
118.3026968
118.8310402
118.3709411
119.3175564
119.1832691
121.5365988
121.3902036
119.6554761
120.2014309
120.0660429
120.0748487
120.1596037
120.1596037
120.1596037
120.1684095
122.3698404
121.187672
120.9102917
120.5217391
120.6582278
117.7941662
117.7237204
118.1783159
117.9823886
117.9405614
116.6648321
114.4656026
114.2344524
115.7908641
115.7908641
116.0066043
115.8921299
115.481563
114.8134287
114.7649972
115.1315355
116.150798
117.2900385
119.1216291
119.1216291
118.2190424
118.263071
117.6136489
117.6917997
117.8161805
118.8926802
119.3065493
120.4788112
120.4788112
120.444689
119.864612
118.1408916
117.5927353
116.3401211
116.3401211
112.978536
112.8728674
112.4810127
111.7512383
111.7512383
110.5481563
110.2685746
110.5459549
110.2146395
110.2762796
110.2289488
110.684645
109.9328564
110.3742433
110.3742433
111.744634
112.1860209
112.158503
111.7688498
111.9262521
112.1541002
112.4457898
112.8178316
113.3417722
113.4936709
113.4232251
112.7694001
113.2250963
113.156852
113.3880022
113.3296643
112.5228398
112.3621354
112.5360484
112.6868465
112.3544304
111.9625757
112.7033572
113.8370941
113.9570721
117.5894331
117.6114474
118.1684095
119.2581178
119.2239956
122.5360484
123.2140892
121.9603742
122.1133737
122.1133737
124.8970831
124.9719318
124.572372
123.8910292
123.8998349
123.1161255
122.9961475
122.9917446
123.6466703
123.4716566
123.179967
122.6219042
123.5321959
122.8541552
122.8541552
122.9576225
122.2520638
124.5921849
125.0764997
125.0764997
124.1078701
124.8508531
124.6604293
125.2592185
125.33847
125.5145845
125.7589433
125.496973
124.533847
124.533847
123.4254265
122.8310402
122.038525
121.8095762
121.8095762
122.8101266
122.6219042
121.7996698
120.1552009
120.247661
118.4160704
119.3351679
115.6334618
116.0627408
115.9482664
111.7864612
116.0759494
117.2570171
115.0302697
114.9741332
115.2085856
114.104568
113.2702256
112.7407815
112.7484865
111.1920748
111.7732526
111.2019813
111.4551458
111.4474408
111.6180517
111.3120528
111.1238305
110.7099615
110.6241057
111.8481013
114.2619703
114.0198129
110.9290039
110.9290039
111.4496423
111.8712163
111.6730875
110.8860759
110.8860759
112.5052284
112.359934
112.2025316
112.3059989
112.3852504
111.8536048
111.5608145
110.023115
110.4931205
110.4931205
110.0143093
109.9548707
110.6186021
110.9763346
111.1260319
110.9587232
111.0511833
110.564667
109.9416621
109.7941662
109.2867364
109.2702256
110.6031921
109.7281233
109.8062741
109.5608145
110.2168409
110.8255366
110.4711062
110.4711062
109.6279582
110.247661
109.8657127
106.9873418
107.0632911
106.9796368
106.9873418
110.6219042
113.9009356
113.9647771
118.1596037
120.1397909
119.5718217
119.1986791
119.2834342
115.6929004
115.601541
115.5608145
114.9389103
114.9389103
112.9047881
113.992295
115.2041827
114.8255366
114.8420473
114.1794166
114.5316456
114.1695102
114.1529994
114.1849202
113.4463401
113.5090809
113.5443038
113.4287287
113.4287287
114.4556962
114.5932856
115.0313704
115.466153
115.5641167
113.3637865
112.7308751
113.2592185
112.5921849
112.5921849
112.6395157
113.2460099
113.4155201
113.2317006
113.1997799
113.473858
112.8684645
112.6582278
112.6582278
112.7539901
112.7462851
113.752339
114.0440286
115.0148597
115.0963126
113.9119428
113.5718217
115.6158503
114.7716015
114.8519538
115.0952119
115.1898734
114.4898184
114.4083654
114.2157402
113.2570171
113.8536048
113.4826637
113.7875619
113.9163456
114.0649422
114.104568
114.2916896
113.8591084
113.8591084
112.7914144
112.7594937
111.8183819
111.6389653
111.6466703
111.4562466
111.0137589
111.2735278
111.1139241
110.9741332
112.6329114
112.6296092
112.0869565
111.5079802
111.7281233
112.6681343
112.6681343
113.3880022
114.758393
114.8398459
115.0313704
115.0313704
114.1948266
115.427628
115.3703908
114.6626307
114.7066593
115.7545405
115.6730875
115.713814
116.4600991
116.7881123
118.0671436
117.8811227
117.8062741
115.6697854
115.3670886
115.3505779
118.4006604
118.4501926
123.1513484
121.7567419
121.4606494
119.9163456
119.8987342
120.3026968
120.6648321
120.3544304
119.8470006
119.9317556
120.1992295
120.7022565
121.3582829
121.458448
121.4496423
120.7451844
119.9262521
119.1304348
119.7479362
119.7567419
119.5035773
119.3241607
119.1128233
119.2625206
119.2966428
119.0027518
118.1992295
117.7534397
117.5354981
117.6268575
118.2256467
119.7809576
120.0528343
119.8855256
119.961475
118.2564667
119.1293341
118.3995597
118.4909191
118.5580627
113.3560815
114.1518987
114.4986241
114.7925151
114.7925151
115.713814
116.9179967
115.3120528
116.150798
116.1419923
115.9526692
115.8514034
115.7567419
115.8282884
115.8855256
115.6829939
115.2911392
114.9455146
114.0352229
114.0352229
113.0060539
111.8943313
113.4980737
112.2388553
112.309301
111.7721519
110.9268024
110.0836544
110.0836544
110.0451293
109.8271877
110.6648321
111.3681893
111.4991745
111.4991745
111.1392405
110.4226747
110.3742433
109.1084205
109.1854706
108.8728674
109.3318657
110.1232801
110.3390204
110.3709411
109.9779857
109.7072097
109.473858
108.3170061
108.3929554
108.7165658
108.5206384
107.8051734
107.760044
107.8976335
107.2933407
106.7958173
106.7088608
106.4777105
106.5217391
106.6637314
105.0610897
104.3489268
105.1040176
105.059989
102.556962
102.2300495
101.9625757
102.0660429
102.0011007
100.0143093
100.487617
100.3951569
100.5745735
100.638415
100.9345074
100.5162356
99.6301596
98.41056687
98.41056687
97.44523941
97.64997248
97.68409466
97.66097964
97.66097964
97.66097964
98.5690699
100.1563016
102.4634012
102.5943864
100.5470556
99.27793065
98.7187672
98.10787012
98.08035223
101.3780958
99.90423775
99.16785911
99.195377
99.30764997
97.96477711
96.81232801
97.68959824
96.14309301
96.22454595
96.63951569
95.94826637
95.13813979
95.23940561
95.23940561
96.26967529
96.26967529
93.50687947
94.37094111
94.37094111
94.19262521
92.57127133
91.21959274
90.28618602
90.19042378
91.20858558
93.53109521
95.82828839
95.38690149
95.39350578
95.6653825
95.29444139
94.98293891
94.44248762
94.44248762
92.33241607
91.2383049
90.61750138
90.93450743
91.06329114
92.58558063
94.0286186
94.63621354
97.37259218
97.41441937
96.6758393
97.203082
97.9713814
98.47440837
98.60649422
98.12328013
98.13758943
98.1992295
98.12328013
98.19262521
98.56576775
97.32305999
98.9961475
100.8970831
100.804623
102.5800771
102.1089708
101.0456797
100.4193726
100.390754
98.57237204
99.31205283
99.47275729
99.48706659
99.59933957
99.69069895
103.0776004
102.1529994
102.2091359
102.3401211
101.8326912
101.3516786
101.775454
104.4578976
104.2817832
106.2267474
103.7853605
103.0776004
103.3032471
103.2889378
103.4936709
103.4144194
101.9658778
101.5200881
101.6774904
102.0682444
102.7649972
103.3142543
103.4606494
103.3439736
103.9592735
104.2762796
105.4639516
105.7765548
105.9779857
105.721519
104.916896
104.916896
104.8420473
104.9312053
103.856907
104.1265823
104.1265823
105.3142543
105.4331315
105.7105118
106.6152999
107.2140892
109.4441387
109.5376995
109.2867364
108.3148046
109.0115575
108.5459549
108.6527243
113.6598789
118.4578976
125.5740231
128.5822785
128.5910842
124.9080903
120.533847
117.736929
119.5145845
119.5575124
123.9966979
119.0687947
118.4182719
117.1491469
117.1821684
116.7572922
116.5041277
117.9779857
117.9141442
117.7809576
116.3037975
116.3555311
116.7936159
116.2795817
116.2872867
