100
97.28138318
95.01926904
92.88230721
93.40386704
95.21499181
94.7127286
95.71780636
95.82311072
93.14584379
90.93445217
90.85671439
92.2741883
93.34487454
93.06700335
89.36150271
87.98207069
88.60011357
90.52977467
88.76606443
90.93555483
90.93555483
90.93059285
92.24331372
91.36449093
91.98859846
91.34354032
92.6198733
93.39008375
92.60443602
92.60112802
90.993996
89.38410731
88.98935378
87.58841983
89.65756786
88.46117798
89.28597026
88.65690074
87.75271669
89.40560925
89.02353635
89.02353635
90.77952795
90.61964174
92.83213602
93.02785879
93.17451304
93.54059731
93.78428594
96.72729478
96.50841608
96.35845385
96.55527928
96.74659139
98.07144157
96.78187662
96.28016474
96.93680084
97.82554761
97.18765678
96.43949961
95.11079011
93.74514139
94.31135909
93.7070995
93.00580552
93.00580552
92.62318129
93.13371449
91.51610716
91.09544104
90.98903401
91.1781408
92.92806775
94.59364094
94.5826143
93.92928619
94.11453366
94.23031332
91.44774202
91.8121723
92.00293308
92.71415103
93.24453217
93.07858131
93.67898158
96.00946085
96.41910034
96.41910034
95.28501094
94.46187265
93.11937986
92.12532873
92.3089222
92.18542389
92.35137475
92.64302924
92.22953043
91.92629797
91.13458559
90.72053545
89.78437416
90.48621946
89.03787098
92.62538662
91.55359772
91.48523258
92.37618467
92.95839099
93.76113001
93.76113001
93.8581644
92.96941763
92.42470187
92.32160283
92.57797209
92.48479703
91.83257158
91.65008077
92.26261034
92.02002437
91.2944718
90.47739816
90.64224635
90.70289284
90.70289284
91.22941465
92.20306651
93.03061545
94.97736783
93.61668109
93.0592847
94.24464795
97.61052823
99.61461911
100.0815971
100.2690499
101.6914858
100.3975102
99.98731937
99.24412418
98.51526362
99.0081542
99.00594887
99.06604403
98.18225925
97.40267616
96.83921512
96.24102018
96.51558339
97.54602242
96.27630542
94.58206297
93.79531258
92.68493045
92.15675464
94.54181576
93.39890506
92.84922731
92.6546072
92.6546072
92.19203987
92.30451155
93.03502611
93.62384841
94.21818402
95.77955552
96.07727466
95.49561967
95.83027804
95.034155
94.95586589
95.15820464
94.9542119
96.47533617
97.27090788
99.13440917
100.0391446
100.0391446
99.81089321
99.47844017
100.8672448
100.7376819
103.1409369
104.5677835
103.4414127
105.7344014
105.9455615
104.2684103
103.3884849
103.1723628
102.8724384
103.3669829
103.4507854
102.3745858
102.3745858
103.4425154
104.0456723
105.4570816
106.0436986
105.7079375
106.4638133
107.264347
106.8899928
106.1589269
106.2399727
106.69427
105.9747821
105.422899
103.583105
105.1544005
105.9626528
106.1820828
105.9455615
103.9618699
104.7987915
105.5017395
105.2249709
104.6730878
105.2398569
104.7673656
104.1917752
102.7406701
101.8618473
100.2955138
99.76403001
98.07860888
97.72796189
99.93990484
97.72299991
96.51834005
96.8022759
98.12547208
99.34005591
99.71275616
99.88256634
99.27610142
97.17277083
98.19218322
97.94849459
99.52254671
100.2100574
101.2509717
101.1004582
99.94982881
99.52530337
97.79026238
95.66267319
94.56772835
91.63795147
94.51535183
94.58481963
95.33407947
94.64987678
94.64987678
93.06479802
93.82508449
93.82508449
93.82508449
93.82508449
93.82508449
94.6520821
91.31266574
91.48854057
92.37232535
93.91991355
94.27497119
93.77711863
92.87458857
91.21838802
91.68812266
90.56616257
89.56880344
89.24241505
89.01416371
89.91834777
91.71182993
91.76034712
91.4890919
91.88384543
92.20196384
92.72958832
93.52019804
93.26603411
94.32789904
93.2555588
93.75451403
94.4332034
93.56265058
91.43836938
90.6135771
91.45270401
91.56738101
92.62759195
94.14375424
94.14375424
93.31620529
93.20924694
92.6320026
90.61743642
91.04637251
90.63673303
90.44542091
90.44542091
90.59372915
91.3032931
90.62019308
89.78988747
90.50165675
90.31916595
89.90180782
89.06543756
89.51973492
90.87160035
90.68469889
91.46428197
92.62262996
92.37067136
92.67831447
91.61369288
91.2354793
90.98462336
91.10591634
92.35799073
93.45789755
94.00702397
93.48381014
92.8630106
92.8630106
92.49086168
91.89597473
91.71348392
91.71348392
93.86367771
95.93889039
95.82641871
96.83039382
98.6729445
100.01654
99.88697699
98.96956097
100.8804768
101.9230451
101.723463
103.4006142
102.5912592
102.5912592
100.109715
100.3644303
100.0793918
101.3662001
100.0981371
98.1067268
98.50203166
99.41393436
98.56598614
97.83712558
96.05577272
95.98465092
95.28556228
93.66464695
93.70985616
92.69540575
92.69540575
93.37519779
91.34464299
90.35224585
90.94823546
91.41025146
90.89861561
92.14462534
91.65614542
91.65614542
90.88262699
89.63606592
89.4116739
87.81501717
88.02893389
86.81545273
86.03531831
86.40636457
86.97589026
86.0733602
86.26081299
84.20599959
83.77871749
82.78025571
82.90210002
83.50084629
84.73307274
84.86704635
84.51860469
84.49158943
84.9651834
84.88413763
85.63450014
85.39577349
84.13598046
83.46556106
80.83956798
81.062306
81.062306
81.47856147
83.62379327
83.63371724
83.42145452
82.50679516
80.90517645
79.77715171
79.01521124
79.18447009
80.63722923
82.07344841
81.00607016
80.67527112
81.60040578
82.05856246
82.39763148
81.78399925
82.21458934
81.96483606
81.11027186
81.11027186
80.39629726
78.76656063
78.02226278
77.65783249
76.5463477
76.41402808
74.63653455
74.26162896
73.58459359
75.2645014
76.96591116
75.70777212
75.18786629
77.70249037
77.60269932
76.96977048
78.23948748
79.07916572
78.60943108
77.83922064
76.10528231
75.92609949
75.8428484
75.749122
74.54666748
73.14738751
74.42757982
75.32128857
77.13296468
77.13296468
77.13296468
76.6522034
76.60644286
76.72938984
76.72938984
74.92874037
76.50389516
76.9752838
78.99756863
80.34722873
80.05116359
80.40787522
78.39827102
79.09460301
79.7699844
79.82952823
79.60237955
78.53720662
77.58174871
76.71450388
75.30309463
74.13702799
72.98860397
72.21232888
71.92618771
72.81658847
70.71987386
69.89894089
71.08871479
70.61842881
71.33957073
71.14495063
73.53111441
72.97206402
72.17924898
72.52162599
72.74987733
72.47090347
72.36615044
72.67875553
71.13943731
69.66407357
69.5620772
69.94415009
71.27010293
70.76563439
70.03346584
69.64091764
68.55424277
67.44386065
66.79108386
65.35321068
66.743118
66.67420153
64.57252493
64.94853318
63.25208541
62.12406067
62.41075317
66.27117803
67.00720591
64.99263972
64.78368499
64.78368499
63.66558422
63.01060211
63.01060211
63.01060211
63.01060211
63.01060211
64.15461547
62.19132314
61.17246208
62.66271178
64.34041427
65.37857194
66.0622233
68.9942055
70.15310482
70.74137579
69.5725525
70.88692737
68.21351976
66.59095044
66.43878288
66.85889767
65.07809614
65.31627145
65.7843521
67.2293926
67.79946962
68.11097205
68.93907233
69.22300818
69.24671544
69.24671544
69.73850335
69.860899
69.90721087
70.52139443
70.86597677
69.4562215
69.06918662
69.46063216
69.0427227
66.60638773
65.64155718
66.37648239
65.79868673
64.35750555
64.55488232
64.77265836
64.65798135
63.5801278
63.96661135
64.12980555
62.92900501
61.9509425
62.95326361
62.27843356
60.98886861
62.67098176
62.50172291
61.28934441
61.16033278
59.81067268
60.05711797
61.94653185
63.48585007
62.51164688
62.45210305
64.55819031
64.39665011
65.14370462
65.33170874
66.12948577
67.04965845
66.97798532
66.91072285
65.73969423
66.20942888
67.16157879
67.01988654
66.9967306
65.96298359
65.94423831
66.30260394
65.59800197
66.09475187
65.56216541
65.32674676
67.05241511
66.76627393
66.53691993
66.53691993
66.83298508
66.35112113
65.99937148
64.60725883
63.81389246
63.98370263
63.25649607
64.36908352
64.36908352
65.99716615
65.81247002
67.63186477
69.52072732
70.2203673
68.8673992
69.23293215
67.86783475
68.16500256
69.95903605
71.23867702
71.69628237
73.24993522
74.11497472
74.2048418
74.35976601
74.35976601
75.25898809
74.47609701
74.05929022
74.94748565
76.87604408
77.71572233
78.25492477
76.22106198
75.49275274
74.92708638
73.48149455
73.80788294
72.58447781
72.11308917
71.70400101
72.59936376
74.14198998
76.4074121
76.10417965
76.89258404
75.65539561
74.8736072
75.20330358
74.52296021
74.40001323
73.92366261
73.25599987
71.6394952
71.6394952
72.87558097
72.52824197
71.5352935
72.16711968
72.37442041
71.79607342
71.31531214
71.18409518
70.44089999
70.09576632
70.50595714
70.7171172
71.4448751
71.90027511
72.02377342
72.95828073
74.364728
73.98210377
74.31014616
73.31223571
73.31223571
72.70852745
71.8826325
72.44058022
71.81812669
71.75858286
72.24871678
71.25687097
71.02145232
69.71424476
68.77036482
66.64939161
67.31429769
66.97522866
66.78226256
67.98967907
67.57783426
66.72271873
66.96585603
67.33800495
67.66825266
67.84137083
67.84137083
67.84137083
68.15838658
66.78391655
64.02174452
62.29276818
62.09428875
61.41615071
61.03518048
60.81519911
62.7829021
62.22936503
61.38031415
61.38031415
61.81310957
60.01190877
57.68142949
57.60203772
57.39363432
57.86171497
58.92027192
57.33905248
54.89940952
55.48161584
54.61326835
54.82332574
58.3832748
58.46211524
54.78693785
51.15752099
47.64333247
49.15122478
46.98669637
45.53614255
49.48753715
52.71889248
53.93127099
52.94659249
48.96818265
49.57685289
49.07844899
48.54200321
48.64289692
48.3038279
46.39291208
46.35597285
47.30150679
46.19332999
48.87225092
43.97146307
43.61530276
44.08614007
43.43281196
41.38461454
40.04212175
38.77791806
40.22571522
43.29883834
46.60131548
44.52334614
41.54119275
43.52984634
41.21535569
38.28392482
42.92613809
44.83595124
46.04171376
46.04171376
43.01104317
42.9228301
39.61483965
38.02810689
38.02810689
40.8211535
41.36972858
41.36972858
41.36972858
41.36972858
41.36972858
44.04479019
45.08735851
45.39665562
47.17414916
46.00532586
50.25774759
50.56814736
51.74799729
55.30077903
53.44940704
58.82875085
59.96063491
56.39241588
53.5458901
54.62208966
58.83757216
58.83757216
58.83757216
58.83757216
63.45387283
61.20940131
61.34668291
60.64042695
58.25426317
60.17565429
61.61021949
60.10177584
57.97032733
57.34180914
56.53741613
53.76973078
53.45712569
55.76389769
58.79953027
60.16352499
62.35947932
61.91455461
59.16506321
60.41217561
63.80727648
67.30161706
66.27889667
66.03906737
61.39520011
59.52232618
58.18203871
60.59742308
61.2926524
61.71111319
61.10354561
59.63534919
57.8291864
58.28789441
58.72234382
59.25107096
57.3671704
57.02865271
57.37047839
56.13494396
56.56829071
54.02940804
53.51832351
52.07052636
50.6469878
48.4185049
48.95881001
52.11022224
51.61567767
53.41963513
52.9918017
56.49386092
52.98132639
52.9901477
51.35324376
51.11451712
50.04272821
50.87358514
50.09014274
48.98527393
48.66329619
47.89032909
47.55842738
49.27968508
49.95947712
49.95947712
46.71323582
46.71323582
44.87068514
45.18218757
44.48475292
43.60703279
43.04191775
44.22893499
44.80176867
43.83969478
43.92570253
43.98524636
44.3992965
43.57340155
42.4696354
39.44172148
36.84053832
36.64371289
38.06394346
39.51449727
39.13848902
37.64989332
38.64008513
38.64008513
40.17278737
40.76546899
39.59113238
37.42936062
38.21114903
34.63631402
33.55625513
32.82518924
35.68825498
38.28888681
36.49705865
36.18390222
34.95277844
34.96656173
34.95332977
34.75540167
34.70192249
34.86732202
37.5070984
37.34114754
37.10131823
37.49166111
38.36111126
38.53257544
38.41569311
37.12116618
35.93414894
36.51911191
37.41667999
39.85356629
39.85356629
44.59391661
44.05857348
43.42950397
40.58022153
41.13982324
39.10430645
39.85301496
41.28206683
41.23244698
40.88786464
39.03814664
39.69312875
38.31921005
38.16924782
38.26573087
37.25679379
37.18126134
36.64646955
36.37135501
36.55329448
36.27928261
35.20694237
36.75287657
38.88708175
38.91354567
37.10186957
37.83734611
38.87384978
38.28943814
37.69289719
37.45472188
37.32074827
37.95422844
38.04960883
38.10860133
40.0586617
39.70195006
39.95887065
41.38681986
38.51272749
37.36375214
37.06493034
37.45086256
37.2518318
35.98266613
35.48922422
35.00515495
35.16669515
38.00439963
37.03736375
37.34941752
38.14829721
37.60909477
36.78044316
36.93867537
36.93867537
36.93867537
37.77063497
36.49816131
39.94784402
43.02923712
42.02746735
42.04731529
45.14579968
46.24515517
45.67177016
47.86551916
46.73308376
46.6972472
46.0858203
45.48211204
43.7288771
44.3888212
45.13532438
47.01150629
49.46052189
49.77974297
50.39006721
50.64423114
49.80179624
51.12499242
48.42291555
48.33029182
48.70795406
48.79561581
50.82947861
51.42601955
50.74677884
52.69959587
54.13085308
53.65064313
54.21851482
54.37068238
52.44322661
52.38258012
52.70786585
51.61733166
51.91284548
52.50662976
55.37961947
61.14875482
60.59080709
62.47636165
68.23777835
64.95735449
64.82889419
66.39522767
63.61045104
62.7933774
62.37160862
67.82648487
66.27834534
67.78017301
68.15066794
68.15066794
69.71700142
69.71700142
69.71700142
69.71700142
69.71700142
73.25434587
75.25292344
76.87163343
80.69842705
78.29847998
78.91707419
76.22657529
75.74967334
72.02377342
73.46550593
74.69056506
74.70159169
75.12060382
71.57223273
67.32422166
66.41838361
66.15705236
70.64709807
71.1670039
70.40340944
71.2590763
69.31452925
67.46425992
66.99452528
67.23325192
66.61355504
64.21195397
64.25164986
63.9831513
67.82372822
67.82372822
67.82372822
67.82372822
65.36975063
63.56303651
62.38373792
61.86714008
61.95369916
62.49786359
65.03840026
65.03840026
66.85503835
66.92450614
66.04347802
66.44539886
70.51312445
70.70167991
69.92044283
71.18905717
72.25478142
72.43341291
73.51733111
73.56639964
71.1548746
74.59353067
75.49992006
76.21554866
75.21212489
74.63653455
74.7920101
74.22027908
76.55516901
76.12788691
78.50964004
80.17521323
80.17521323
82.46323996
83.65246252
84.75016402
85.67088803
84.9773127
85.11679963
84.65864295
88.95792787
90.54796862
97.24609795
96.98862603
93.06645201
92.98595758
94.78770971
98.23298177
100.4074342
99.43984695
93.77601597
93.33109125
93.1304065
95.07219689
95.07219689
101.505687
101.4803257
101.6672272
97.41535679
96.70910083
92.79960745
92.89829583
91.0618098
93.13426582
93.56595857
90.27891873
90.7751173
88.82946758
89.20768115
91.32314105
92.24000573
92.88506387
93.34597721
95.78396617
99.32241329
99.87374503
103.0615452
109.2915938
109.6802827
102.1579124
110.4890864
109.928382
105.8055232
103.9094934
108.1073333
109.0037987
109.6190849
115.2095888
115.7769091
117.7705247
116.1595334
116.983223
121.0173173
120.1263652
118.0748598
123.7249075
125.4891691
129.346286
132.8599231
133.8727196
132.2154163
136.4391688
131.6684953
129.7002409
125.6032948
129.3517993
134.5640896
134.1246782
130.5724477
126.0399495
127.3278604
116.9082419
114.2089217
122.517491
124.5838824
132.2518042
127.6801614
125.6909565
127.9508653
128.0776716
123.57274
122.5720728
123.4486903
127.2991912
123.557854
124.1455736
119.6489119
119.2525044
115.4466614
115.3110338
114.8126299
116.501359
121.955684
124.0838245
130.0624659
129.8524085
130.4208315
128.0859416
127.6178609
122.6558753
122.4761411
124.468654
129.0866087
129.1158293
127.812481
129.4642709
130.7439119
134.0932523
131.9055679
129.0722741
123.5043748
125.0464497
126.1695125
129.9086443
127.7121387
127.7121387
127.7121387
121.6849801
121.0503972
116.5360929
112.1000777
112.3625116
109.6312142
106.6915134
113.1459541
115.1494936
112.9899272
111.646883
114.8269645
115.0607292
116.9087932
116.0432024
111.1352472
108.9503195
111.7373015
109.808743
110.3551128
107.2411911
106.7609811
106.2394213
110.4207213
111.886161
118.8257737
121.1171084
121.139713
124.382095
123.9669421
123.0136896
128.1532041
125.9748924
126.2610335
128.862768
128.6764179
131.3349395
126.2312616
127.0444759
130.5404705
128.7712469
128.1272915
128.8622167
127.9679566
126.1325732
128.5584329
131.7313471
133.3605324
130.9572773
130.7940831
134.0028338
132.4161011
130.7825051
128.4266646
133.9951152
131.305719
129.3733012
124.4829887
123.0434615
122.7159704
124.2277221
122.527415
123.1967317
122.7275484
123.7640521
120.7245602
124.8986928
124.8986928
124.8986928
124.8986928
124.8986928
134.2377012
126.803544
123.6400024
124.8104797
128.8340988
128.8462281
127.3532217
127.3328224
127.0764532
131.5058524
130.592847
125.1545107
126.3641326
123.2733668
122.9166552
118.460792
118.8891768
121.8845622
125.7030858
125.2063359
122.7562176
124.6544528
125.1958606
125.1958606
126.0950827
125.5602909
127.124419
125.3794541
123.0539368
116.9551051
113.2049465
112.9722846
116.6755799
113.8902519
110.5282309
109.8539522
113.7005938
112.0653438
112.0669978
106.2548586
107.9154698
107.9154698
117.4209804
116.1865486
117.3680525
116.8365687
118.5429405
113.4607645
114.0705374
108.4844442
107.7098231
106.9605632
107.8790819
110.8253988
110.9494484
113.6206507
116.4484312
114.5915459
119.3484361
119.8358134
121.1678309
125.7846829
122.0549237
117.6139465
118.369271
116.4021193
116.4021193
112.7429305
117.7308288
122.1084028
120.2338749
117.4799729
117.4799729
112.4457627
99.80758522
106.912046
107.5747468
107.7561349
108.3769345
104.9752176
103.4397587
100.7779291
98.30741155
104.5264336
104.5264336
108.0858313
107.8531693
107.3917047
107.3917047
110.4868811
109.006004
108.417733
108.417733
105.3220053
105.0898946
108.194995
105.889877
104.6240193
106.7587758
101.9087105
99.73977142
99.40566438
101.2994889
94.70500995
94.77778574
99.42055034
104.748069
106.9975025
110.146158
113.9608224
113.9608224
116.2565677
112.0526632
119.1135688
120.8293132
115.6269469
117.7936806
110.4626225
108.6707943
108.3300713
113.2457451
112.7462385
112.3685763
111.8111799
113.8185788
115.8954454
117.4424823
117.7368935
117.7462661
119.8931519
117.4987182
119.065603
119.7795776
120.0183042
121.6767101
118.8125417
119.9196158
121.3431544
118.703378
118.703378
116.7031465
114.2960321
111.8051153
112.2682339
105.2988494
105.4620436
106.5283192
103.478352
96.93349285
98.95743168
102.2075323
102.295194
101.1826066
98.91553046
93.25445614
91.82816092
98.99492223
102.200365
101.2289185
102.3944338
102.3944338
105.1279365
104.4387719
101.7030638
100.9350586
103.6398922
100.3997155
100.0617492
102.0702507
102.3541865
102.0586727
100.0336312
95.10968745
95.77128554
94.06160581
93.33384791
93.09181327
89.90952646
89.14482934
89.14482934
89.14482934
89.14482934
88.56152035
85.18295944
78.19262428
77.64129254
82.67715667
81.41129899
74.90393044
79.72918585
79.72532653
81.47304815
82.67329735
83.7544589
79.86591612
79.86591612
81.19683095
82.49852519
82.5856356
79.38736017
79.32450835
74.41930984
71.66320247
70.13325688
74.01628634
68.2091091
68.31606746
68.89220913
74.12545002
71.63728987
74.13923332
73.43628535
70.24242057
68.72515561
67.26633182
69.27869268
74.44963309
75.7612513
76.18908473
75.44258156
75.33066121
76.48239322
77.12690003
77.62916324
73.57742627
75.36318978
76.51106247
75.67744888
75.15092706
72.95001075
72.01826011
70.65371405
69.45456751
72.07229062
76.00163194
73.39162748
70.38411282
69.17393965
69.71314209
67.89374735
70.25785786
70.54565302
71.49559762
73.10769163
76.25744987
74.65583116
77.07011286
75.40564233
73.32105701
74.29911952
73.47653256
71.12069203
70.67631865
68.9247377
68.9247377
69.25278009
69.25278009
69.25278009
69.25278009
69.25278009
72.29613131
72.38710104
77.92853638
81.90749756
82.41582543
82.40920945
78.57194052
78.61439307
82.32485569
83.30843152
84.52632333
84.08580927
85.6598614
88.20425738
88.88625475
88.88625475
88.88625475
88.88625475
83.47769036
83.64419255
83.03221431
87.71136681
86.65666918
86.02318901
81.53755396
82.75765111
81.3611278
83.68940175
84.4232243
84.79592456
84.84995507
85.62567883
85.72271321
86.15881662
84.96352941
86.65280986
84.180087
82.18150944
81.91080555
82.19584406
81.00662149
81.02702077
81.02702077
78.5438226
79.85985147
80.20663914
80.48892099
81.93341015
79.56985098
76.12347626
73.85198948
76.28170847
76.23208861
75.78661256
75.07043263
74.3178648
74.25887231
73.60278753
75.72486341
76.81815425
74.63432922
74.02621031
73.13415555
73.37012554
71.9730509
69.92099416
68.29346286
68.29346286
70.68513996
69.04162003
68.16004058
71.05618622
72.53706328
72.83864174
71.40076856
72.19964825
76.48570121
80.75190623
79.32947034
80.0688062
79.30080109
81.06175467
80.44095513
79.47281659
82.75654844
82.75654844
83.92923106
84.12495383
84.05383203
85.93773259
84.81356717
83.139724
83.21360246
83.27810827
83.30732885
82.49687119
81.05513869
85.12617227
85.95151589
88.58963827
88.5102465
89.12112207
88.66351672
88.58633028
87.79792589
89.98395625
89.46570441
86.59050938
85.74090716
86.17315125
83.92537174
83.92537174
84.52025868
87.65678496
85.48949989
85.01259793
86.14062267
85.93938659
86.40029992
84.70771148
84.72866208
82.87122545
82.91698598
83.09286081
82.63856345
81.58937915
81.18966363
81.05403602
82.94730923
82.95282254
82.72126321
83.22573176
82.67164335
80.39960525
77.88663517
77.4599044
76.99954239
78.06250999
76.5358724
76.50940848
76.50940848
75.43706824
76.85123416
75.62176437
74.04440426
74.29250354
74.78429146
75.10847452
76.70182325
75.69895082
76.80933294
80.21325512
80.96306629
81.18084232
81.04245806
80.52310356
80.44205779
77.84804195
78.85311971
79.8830074
81.92955083
81.92955083
82.31162373
82.31548305
80.23365439
80.1261447
81.28835201
80.86823723
81.05458736
82.78301237
82.44559734
81.48242079
81.09373191
78.08731992
77.73667293
80.29319822
78.9380248
78.82500179
79.1585575
78.28414535
76.70347725
67.28783376
71.18519785
69.55215323
68.22620039
69.80190651
69.47221012
68.2212384
66.73209137
67.99243573
66.47020879
66.31252791
66.04513202
67.03642649
67.03642649
67.03642649
67.03642649
70.29424575
70.48776319
69.44960552
71.24804966
70.51532978
72.60377442
72.76807128
72.17538965
73.55647567
74.69442438
74.3073895
74.78318879
74.73797959
75.12446314
77.37444798
77.52606421
77.81716737
78.49475408
76.20838135
76.6869373
77.67988576
78.79964053
80.32958612
81.04686871
80.59091736
82.4014908
84.87035434
85.67640135
86.23875972
89.2153998
89.24076106
89.72041967
92.13249604
90.49007879
90.28553471
91.86234349
95.36495405
99.80648256
98.95302102
93.14915178
91.89873139
94.46903997
95.51491628
95.55571483
102.7792633
102.9937314
105.7377094
99.43488496
99.61186245
101.9996802
101.4477972
99.17079706
96.13957514
96.33088726
97.14355025
99.85003777
96.60379647
96.75155338
96.75155338
97.88012945
100.9813705
104.964191
104.964191
104.964191
110.6225087
111.0001709
114.8164892
115.1864328
112.1193743
114.8710711
110.5679268
110.2453978
113.8274001
109.363267
108.09355
108.432619
107.8421427
109.007658
110.2360251
113.0616003
115.5232965
118.3163431
118.6383209
117.3691552
113.3025323
112.938102
112.6321129
111.1606084
113.034585
112.9943378
110.9417297
112.695516
112.695516
112.695516
112.695516
122.6740692
120.5773546
121.5824324
120.0999013
119.0848996
120.4428297
121.0415759
120.9792754
122.1982699
125.3733894
124.9984838
124.9984838
126.9805214
128.7569123
128.7425777
126.7224982
125.5382376
125.7830289
129.0860574
129.223339
129.8176746
129.4967995
130.6595582
134.3049636
133.7834038
133.1807982
135.0635961
132.4530403
133.0446193
136.7732758
135.1468472
136.1712216
133.8071111
139.0045154
140.8680167
140.2295745
140.2295745
136.5637698
134.7945462
129.7586821
131.053209
133.6858181
137.3124783
138.2392669
143.3853974
144.5216921
142.4122969
145.0675106
146.6366007
145.3117505
138.2910921
137.2463185
131.9006059
132.7794287
132.7794287
135.0139763
134.3452109
128.6389273
128.9107339
132.2926028
131.3410042
127.0091907
127.6636215
130.9958705
135.7417342
134.6875879
137.9018519
135.9837688
131.3145403
136.0036167
133.3009885
135.1898511
133.1157411
134.765877
132.9018244
129.7311155
126.1226493
128.2259799
128.6984712
129.2536622
129.2536622
127.1801035
129.7697087
130.2140821
130.9815359
130.9815359
130.9931139
129.0044603
129.1676545
124.1797562
123.6223598
123.8186339
122.6547726
121.4126222
112.7385199
114.1967924
118.9503746
118.9503746
119.7492543
120.5856246
123.3246407
126.4087904
125.9059759
128.3693261
125.9666224
121.0156633
125.9103865
124.4151749
122.731959
122.731959
123.0897733
119.986327
115.1274403
119.0021998
115.6043423
115.6048936
110.7796382
110.9185738
114.8798924
114.3004427
112.3773976
110.8777753
106.4434141
105.7476334
106.9390613
107.6072754
109.1410803
109.4112328
112.025648
112.4126828
112.4126828
113.7154797
113.6642059
117.1524818
118.5655451
118.4585867
117.6718363
116.4721385
114.541926
114.2475149
114.2001003
116.1143241
118.6559635
116.7759222
113.609624
112.9403073
111.2234603
110.1753786
112.9783492
114.9245503
117.1149913
113.4910877
111.2289736
115.2509386
111.8370925
111.7444688
111.7444688
107.495355
106.1385276
103.5693217
104.4751597
104.490597
101.7830069
102.3773425
102.2736921
102.2736921
103.0824958
99.21766026
100.5739363
98.3256055
92.43021518
92.94515903
97.63037617
100.3826242
101.7736342
103.0251573
107.6679219
104.6179547
102.3585972
105.326416
105.2393055
105.650599
110.0028118
108.7727907
105.8843637
106.1853908
104.3059009
108.9255096
107.7610969
110.7846002
110.7818435
109.715568
106.6060569
105.8975956
105.9273676
105.1759024
109.3268791
108.2352422
108.7319921
110.4885351
111.9236516
112.690554
114.9267556
114.4906522
115.4439048
116.8238881
118.7800131
119.3611168
120.4439323
116.1192861
117.3294593
116.6943251
115.354589
113.8709553
113.4723424
115.7680878
114.8010519
111.6904383
113.7816396
114.8743791
114.8743791
115.1461856
111.8596971
109.8363096
109.8363096
108.9288176
107.0377497
101.8199461
101.8199461
101.8199461
103.242382
108.3328279
109.5920696
107.0620083
106.803985
102.9556895
102.9308795
106.2851819
106.3094405
105.7443254
105.7845726
103.596337
103.1442449
102.6866396
100.9587659
101.4130633
99.06328737
96.31214198
97.71362727
94.42989541
95.57942209
95.57942209
96.97980472
97.41480546
96.81826452
94.71713925
92.4704624
92.21354181
92.24882704
94.0423092
92.24496772
92.16116529
96.78408195
97.23782797
96.99799867
97.50467254
97.39936817
99.45914356
94.90514337
94.37972422
93.30076801
91.83146891
94.91341335
92.3315268
89.53903153
88.87412545
87.9561581
88.28530315
86.76252488
86.96155564
87.0789893
88.47882059
84.81687516
88.64532278
89.27714895
93.8339058
95.0098964
93.81295519
91.29777979
91.25863523
90.06941267
91.34188633
87.1258525
87.37340045
87.45444621
87.70475083
89.78713081
94.342785
94.48282326
91.20901538
92.44675514
92.94901835
94.63278549
96.79676258
99.59311717
98.09790549
100.358917
99.34281256
96.36562116
95.70402307
93.86753704
90.66650494
90.83025047
95.91518312
96.36892915
96.36892915
96.0033962
96.0033962
97.10826501
99.71496149
99.71496149
99.5275087
101.5922461
98.66908518
97.61769554
99.19615832
97.68771467
95.55792016
96.68043158
96.18423301
95.40906059
98.01520573
99.09361062
98.32781083
100.6654574
101.4152686
101.485839
104.2673077
101.9522657
102.8316398
103.6261089
103.6261089
105.4554276
105.3837545
105.6897436
106.7334146
107.8884546
106.2741552
109.3009665
109.5093699
112.4374928
111.2896201
108.8709277
107.1259628
108.9585895
109.699028
109.941614
108.4590829
109.6455488
111.5448867
112.5212952
113.5236163
115.2928399
116.8779186
116.2317578
115.2305394
116.0001985
119.15547
117.8692131
118.7430739
118.7430739
115.1825735
114.9868507
116.3811687
115.1412236
116.6072147
117.4242884
119.8065928
120.8960243
119.1449947
118.7728458
121.3685156
119.8049388
120.4764609
117.4044404
117.3415886
116.3569101
116.6105227
115.6760154
118.0583199
120.7377921
120.7377921
120.4759096
122.6542213
122.4700765
125.5459563
125.7879909
126.1364326
125.2267352
125.8844739
124.3980836
125.3778001
126.3459386
126.1176873
126.6320798
126.7241522
126.6133345
127.4232408
128.9658671
128.9658671
128.9658671
128.9658671
125.2465831
127.011396
127.4287542
125.8150061
123.7662574
117.9166276
117.9656961
119.2910976
117.220847
114.0385601
113.7915635
114.5209754
116.0161871
118.3108298
118.3108298
120.1478672
121.0845798
120.2592362
122.4458179
126.6392471
126.6293231
128.3202576
127.6454275
129.8287012
127.9293634
129.6329785
130.5691398
131.1937986
126.3205774
124.8749855
127.4089062
130.0365533
130.847011
131.9899217
131.2847684
132.6294665
133.6681755
135.2769615
132.1023933
134.7735956
133.3704563
131.654712
133.6929854
136.7683139
135.5002509
132.8466912
133.95983
129.110316
128.3268736
129.0358862
125.8078388
128.5584329
130.724064
130.6391589
133.1096764
134.5966181
134.6302494
134.755953
133.2579847
130.6788548
130.1639109
130.3260025
132.1828878
131.7313471
134.1478341
136.4336555
134.2310852
131.8228681
133.6097343
134.764223
133.7530806
133.1344864
131.9640091
131.9640091
131.7765563
132.3350553
135.6325705
135.6325705
135.6325705
137.1933906
138.2332023
138.5744766
139.4450295
139.3204285
144.6093539
145.9154588
145.028366
144.3871672
143.9036493
144.5382321
146.9822857
148.0755766
148.0755766
148.0755766
148.0755766
150.2461696
149.0828596
149.3778221
147.2193584
146.0350978
146.8775327
143.3953214
141.9602049
143.2249599
145.9821699
148.9582587
149.3000844
151.0356767
150.8890224
151.8643283
151.8240811
152.302637
150.6172159
151.2948026
150.3217021
150.1199147
147.1697385
147.0754608
147.1322479
151.0913612
151.0913612
153.8397499
152.9565165
155.5428137
154.8856262
153.3391407
151.6658489
149.1236582
148.2200255
144.9142403
145.03002
144.7223769
148.9428214
148.8242851
150.9551822
147.3957845
147.6052906
147.3202521
146.2214479
148.2900446
150.5052955
150.6811704
152.2414392
152.6709266
152.302637
152.302637
157.1201738
157.8754983
159.1551392
156.7728348
159.3878012
159.1793978
159.1705765
159.1705765
155.1816914
155.8140689
158.5778949
160.4413962
158.8188269
161.4740405
158.5216591
157.2100409
154.0685526
148.862327
145.9060862
146.0025692
146.2793377
146.2793377
140.8823513
142.2893499
134.3198496
133.4537074
138.5204461
133.3070532
129.3154114
122.0951709
125.5635989
132.3218234
131.1700914
133.7971871
135.7163729
132.5335348
132.5335348
135.8464872
137.8334868
135.2190717
137.3190943
134.8276261
128.3786987
130.0591579
135.0183869
135.096676
131.8272788
128.9592511
122.7887462
121.0597699
123.6394511
123.6510291
125.2840737
122.5946774
124.2189008
123.7122269
123.1151346
127.6310929
130.6942921
128.5165317
129.4047271
130.828817
129.0684148
124.8016584
124.8981415
125.0381797
124.9968298
121.3321278
122.2919963
122.4215593
123.5947932
120.4775636
119.6527713
121.6491435
123.4271884
121.1093897
124.2310301
122.1596767
121.3613483
121.1286863
121.5410825
122.8306474
120.1395972
121.3878123
118.9013061
120.3027914
120.6534384
123.3687472
121.4589341
122.7280997
123.8147746
124.5028366
126.6375931
128.2204665
127.2650086
126.1402919
126.8322132
129.2718562
128.5005431
128.6047448
129.4830162
131.285871
131.7908909
131.762773
131.5593316
130.8690642
132.9696382
134.1009709
132.4596563
132.9277369
132.2666902
131.8509861
132.9448282
136.3123625
139.5084326
138.9615115
138.56345
139.5348965
138.3252747
139.249858
139.2294588
135.912647
135.0674554
135.3618666
135.3618666
135.3618666
135.3618666
135.555384
137.6008248
143.8088202
143.8033069
144.3033648
143.6935919
142.4183616
141.7005276
137.1228202
137.1288848
135.5950799
134.6473407
135.3921898
136.610633
132.8053413
131.5494076
133.034144
129.796724
130.7698245
130.3260025
133.9708566
134.4108193
134.6015801
136.1017538
138.7194769
136.941432
138.2001224
135.3640719
134.5205344
136.8228957
137.0048352
139.9963612
141.0185303
140.0867796
141.677923
140.7329404
138.7839827
135.8988637
137.2578964
138.9752948
138.9003137
136.5483325
137.0588657
139.3485464
138.4201038
139.4748014
139.2118161
137.2253679
135.2058397
136.6778955
134.8662194
132.0924694
131.5494076
133.4399241
136.8273064
137.8483727
138.0551221
139.042006
139.1445537
139.2878999
138.1339626
138.7128609
138.6218912
138.8115493
139.5448205
141.3598046
141.3598046
141.5279608
140.7831116
140.3982821
138.4068718
138.345674
138.7773667
140.3492135
139.8717602
140.9176366
145.2312561
148.5348359
147.7695874
146.7193005
145.9209721
147.3593966
148.0965272
147.1432746
148.8965095
148.1990749
147.4139785
148.7895512
147.6113552
146.992761
148.4240182
149.1793427
151.5930731
151.5930731
151.5930731
151.5930731
151.0141747
153.4262511
153.9753775
154.2107962
154.0674499
156.1046207
156.6245265
154.9462727
153.1472772
155.898974
157.5198893
159.915977
159.915977
158.307191
159.1738845
158.5492257
158.0364871
157.0154207
157.730498
156.34445
160.166833
159.472155
155.4281367
155.6977379
153.7989514
153.8761378
154.0850925
153.9952255
152.5088351
151.3085859
152.6758886
154.7775652
151.8996135
150.6795164
152.1554314
154.5840478
155.2610831
155.2610831
155.9127573
156.3251534
157.2409154
156.0742975
155.8851907
155.7253045
150.9292697
149.4395713
145.9727973
146.5428743
147.213845
147.0214303
147.0765634
147.9096257
147.6323058
145.4484808
143.2674124
142.1267071
143.188572
142.4768027
145.0289173
145.0289173
146.9409358
146.0610104
146.1211055
144.4814449
144.1622239
144.5393348
145.8630823
146.0119418
146.7893196
150.0565115
150.1232226
149.8459028
149.6562447
147.5904046
147.7166596
150.1524432
151.0671026
150.7793074
150.9077677
151.3273312
152.0258685
152.0258685
150.7925394
151.2760573
152.8534174
153.9643509
154.3497318
153.4620877
156.000419
155.7638977
155.2903037
154.1093511
153.5910993
155.314011
156.5666367
154.625949
153.0921441
153.7840654
154.045948
154.965018
156.6300399
156.9674549
156.7518842
157.2888813
159.119854
158.7217925
161.7458471
162.7641568
164.103893
165.7645042
164.8718981
165.2561763
167.7349638
167.904774
168.2262004
167.3043737
169.1755936
169.177799
169.5306513
171.3842286
172.8766836
173.8718374
173.7643277
174.0344803
173.4225021
170.2699872
170.1222302
171.6604458
172.4714548
175.6432663
177.153364
177.153364
174.9221244
174.3950512
170.9729351
170.4072688
174.4441198
174.7225423
171.3219281
171.4983543
169.5874385
166.4674521
167.9731391
169.5471912
173.2306386
174.3492907
174.1414386
175.8924683
179.2837098
179.9772851
181.0071728
181.9069462
182.9489632
184.6740802
184.9701454
185.2000507
185.2000507
187.641899
188.5951516
188.9601332
184.7656013
189.378594
189.1249814
192.1176101
191.9384273
190.3268846
190.3268846
193.6911109
191.1566389
186.6732091
185.9388353
189.8935378
191.8915641
187.3700925
182.7256739
182.1980494
180.7022864
182.3998368
177.6258553
179.1293369
182.0536005
182.0662811
181.4002724
181.2536181
179.9866578
176.1449782
178.7869599
184.1602391
187.4202636
189.267225
189.7397163
188.8189923
189.7987088
190.3781584
191.4747573
195.2039652
195.6003727
194.7568351
196.4648609
196.192503
197.2742159
196.199119
191.3788256
196.8447284
198.1894266
197.924236
198.0113464
195.9377877
198.6326973
199.7088968
201.0232717
202.1369618
204.286053
205.9543828
205.4548763
203.825691
206.3623683
206.5625017
205.2293816
204.852822
202.413179
205.424553
205.7917399
208.7049769
208.6531517
210.5282309
211.7262748
213.4480838
211.9032523
212.9573986
212.9573986
213.6686165
213.9900429
216.8917019
215.1224783
217.2930714
216.7053518
215.343011
214.1267732
214.8639038
217.2324249
218.015316
213.8014875
208.6774103
210.0904735
206.2598206
204.1972886
208.8775437
211.435723
211.8128339
216.3844767
216.3844767
219.506117
216.4252753
215.8127457
209.364921
211.1380038
209.7618798
205.8744397
207.9887969
209.8434769
207.1143848
207.6111347
203.6867554
205.427861
209.02089
211.1617111
210.5552462
209.5948263
212.8906875
213.5715822
215.0612805
213.8290541
213.8290541
213.4464299
207.4170659
209.5611951
204.7624036
203.9365086
203.1017924
204.497213
207.8834926
206.2107521
207.511895
208.2699761
209.0710611
209.7707011
208.1663258
203.9701399
204.7756355
206.5073685
208.4960221
208.8527338
208.76838
209.3875256
212.828387
216.4578038
217.900639
218.1178637
219.3004703
219.9251291
218.1090424
215.808335
214.9184856
218.1178637
222.9977009
221.3062152
221.9110261
223.8213906
222.9486324
226.3277447
222.5130803
222.3818634
226.200387
225.9247212
220.6159478
220.6159478
223.8351739
222.8791646
224.1676269
224.1676269
226.7241522
226.7114716
226.9204263
228.276151
224.7669245
219.6985318
215.1406723
218.369271
212.5687097
213.5969434
208.4298623
207.0912289
207.4766098
201.9224938
206.0944211
207.4898417
204.2193418
204.2193418
201.1655153
203.8179723
202.8740924
202.8740924
197.1606415
189.8279294
191.5116965
191.7818491
186.2194631
188.9860458
188.1855121
195.0336037
193.1491518
188.9579279
188.5890869
191.3203844
190.1664471
192.2322871
193.9094382
192.4528198
196.2305449
201.4130633
201.2101732
199.9889734
199.1211772
196.6705076
198.3041036
201.6738432
201.7973415
201.1842606
199.1382685
194.5131465
194.5131465
191.2779318
190.9151556
197.5074292
197.2593299
196.1125599
199.1156639
199.4856075
201.8353834
201.8067141
202.3381979
200.4245254
201.9015432
201.735041
203.5654624
201.5271889
204.7205024
205.0446854
203.2478953
200.9642792
201.2465611
201.2465611
204.4509012
206.8398216
207.7423517
206.2818739
208.0522001
206.3138511
204.2651024
206.119231
205.6125571
208.419387
207.4154119
208.6112505
209.4399021
210.2227932
210.8083075
210.3451888
208.9486655
209.0148253
205.6086978
204.6874225
205.4796862
209.2022781
209.6852447
212.6486528
212.6464475
211.3254566
211.1242206
208.2622575
209.1311563
207.8945192
210.6412539
212.2638233
211.6849249
212.2858765
212.2858765
208.7987033
208.7987033
208.7987033
205.4835455
206.5498211
206.2294974
206.915354
209.4354914
210.8584787
210.0855116
209.9829638
209.7453399
210.5734401
210.3165196
210.6941818
211.4770729
212.0300586
211.1545438
209.0958711
209.8346556
211.0007222
212.1111044
212.1292983
211.0630227
212.3007625
211.5504
214.7916793
214.3643972
214.8639038
217.1673678
218.0246886
217.6111898
217.2958281
216.3436782
216.3166629
218.8401083
217.9976734
217.5869312
217.782654
215.6214336
217.1414552
218.5379785
219.0904129
217.7076729
216.6844012
215.7702931
214.5540553
211.7108375
211.4759702
210.1367854
211.2405516
216.527823
216.9837743
218.7171613
217.6376538
219.5711742
218.5677504
218.1476356
218.1476356
217.4943075
216.620998
217.8774831
217.8774831
217.8774831
218.8505836
214.3715645
212.2616179
210.9511024
208.7942926
209.1168217
206.0343259
207.6260207
211.4864455
212.5880063
212.8465809
211.4495063
211.8536324
208.7860226
209.4509287
209.9768992
212.7489952
212.5246032
210.3336108
209.2397687
210.4240292
209.119027
212.7908964
217.9067036
218.2705826
219.748703
219.1709073
218.02524
219.1863446
216.8112075
216.8045915
219.6588359
221.6254362
223.3610286
223.3610286
224.4129695
224.4355741
226.3679919
227.00478
226.5819086
224.1257257
218.0902971
218.0902971
218.0026354
211.5581186
215.7063387
217.1458658
218.9845572
219.5601475
223.2458002
222.527415
217.215885
220.2393882
220.1770878
222.0543723
221.9099234
221.9170907
223.2265036
222.6608373
222.7523583
223.2540702
221.4208922
223.2491082
223.1537278
224.2894712
225.3722868
229.0695174
228.2524438
228.0892496
230.0608119
229.3578639
232.0875074
233.2767299
231.9353398
232.9310449
232.455797
232.7810827
229.0656581
232.3604166
233.7310273
235.1997751
233.0788018
235.3728932
233.6654188
233.9995259
233.9995259
235.909339
236.7892645
237.754095
240.2235099
240.5129591
241.5472574
242.1377337
242.1173344
242.7370313
240.6656779
241.9629615
243.8308735
242.741442
244.8817118
248.2078962
248.4278775
248.4278775
246.986145
248.5833531
247.8941884
247.1339019
252.6257174
256.4613323
260.6812255
260.8350471
260.8350471
261.3428236
257.5623418
256.7811048
258.7488077
257.5838438
265.0549402
264.9772024
269.8322298
269.2064682
266.2154935
266.7795059
263.4505648
261.9900871
260.9381461
258.2289019
260.5500085
258.905386
263.0530547
268.1787859
272.3330705
273.5950689
276.6544087
280.6471532
281.7547787
280.495537
283.8068354
293.410483
289.9679676
289.9679676
285.9686072
287.1037992
293.6425937
294.8252003
294.7739264
297.9589699
291.2079127
279.1199643
282.8050656
285.7910783
274.033929
273.2626158
276.9714245
272.980334
273.3579962
279.8703268
281.1042072
268.57795
272.5409226
268.8850418
268.8850418
251.611267
243.8215008
257.0975692
258.1120196
261.3378616
267.8827207
266.161463
268.2085578
272.1367964
271.3384681
273.8696321
278.7141841
279.9910684
278.9496028
277.8507986
281.5948925
281.1428004
273.4864565
275.5462319
270.2358046
275.6140457
278.5807618
278.4721495
273.8343469
284.9414761
286.5546728
286.6020873
286.6020873
286.6020873
286.6020873
291.1439582
292.1159561
294.8351242
304.7993428
304.7993428
301.5657821
300.0011027
303.1966214
303.4419641
307.5802601
310.2172798
304.6835631
304.743107
299.5225467
295.4641938
298.7859675
293.8967576
284.0417027
289.5484042
288.3994288
295.8765899
302.9154423
308.3438546
305.9350862
307.9000325
306.9489853
300.5127385
299.6896002
305.8242685
305.893185
294.6327855
297.3552616
288.3751702
289.6426819
296.4422563
293.3239239
289.3107802
284.1150299
280.6692065
271.586016
271.3357114
269.2456128
280.7667922
279.9337299
276.3395983
283.3359981
284.881381
284.3752584
287.5873172
290.5838052
294.2110167
291.6765447
288.4170714
291.3181791
291.5414684
290.4134437
285.8440062
277.241577
280.0224943
280.0224943
277.2437824
282.8822521
289.6371686
289.6371686
287.3767084
287.7130208
284.9800694
284.9800694
284.9800694
278.399925
278.0630613
279.2638619
273.6992706
272.6958468
275.2606421
271.6946284
265.4811196
263.6854322
261.2772151
255.3779655
258.7918116
260.3857117
253.005585
242.0208514
245.3222258
250.2478236
254.8944475
244.3689733
247.0269436
240.4512099
246.4689959
248.0805385
257.7073421
258.1561261
258.1561261
258.1561261
258.1561261
248.0821925
247.9002531
245.9788619
256.12502
255.2688018
255.4783079
259.1678199
254.1363664
257.0209341
253.9207957
257.6136157
257.9019622
259.478771
261.4343447
256.8219033
250.6993643
250.9540796
250.9204483
254.1336097
248.842479
243.7834589
245.8752116
248.7928592
242.3389698
239.739992
236.0096814
238.2183163
244.6110079
244.8954951
248.4752921
249.8822907
253.8943318
254.9109875
254.4390475
258.3336549
258.9930477
259.3304627
266.6863308
270.317953
270.0990743
271.0892661
267.8220742
267.8220742
269.6756515
272.7928812
267.5337277
266.2491248
268.0459149
269.9391881
270.3025157
275.1349384
273.1473875
274.5091769
275.0555467
280.0726655
280.9581043
279.0697931
281.0038648
281.0038648
284.9249362
284.9249362
286.1996152
284.6779396
282.9296666
278.9512568
278.9512568
282.572955
282.4659966
289.8113894
290.4614095
289.2992022
286.6153193
282.445046
280.3130462
279.0157626
274.3178648
278.6590509
275.1818016
282.0023266
283.3679753
282.0354065
276.9758351
279.116105
278.7880626
278.7880626
274.3944999
268.5222655
269.8101765
262.6577498
264.8217269
267.5067125
265.7777361
269.274282
263.5839871
261.8098016
259.1341886
258.3501949
259.3889039
259.7935814
254.1347124
252.528683
252.3583215
246.6316387
244.2151517
238.9664735
239.5100866
232.4811582
230.4307555
232.3306447
236.6365456
235.3304407
227.8251617
226.9722515
230.2592913
227.8235077
236.2081608
235.7681981
240.1716847
246.2738244
241.1613252
240.185468
235.111562
237.3411475
240.1898787
237.4177827
233.0997525
231.9221079
239.0662646
236.8328197
237.2722311
239.5586038
239.7570832
237.4431439
238.8876331
238.8876331
238.3263774
233.9796779
233.6014643
229.0739281
226.8956164
228.2155046
225.7168691
225.8552534
222.7154191
222.7545636
214.1885224
214.103066
217.1375959
216.3012256
213.0456117
225.1429328
221.6221283
222.8317501
219.3578088
224.5425325
224.5425325
211.198099
216.8249908
211.434069
222.6266547
223.6940329
226.6122318
228.2695351
229.1450499
225.189796
222.1073002
220.6275258
219.160432
215.6875934
215.6875934
206.4279768
208.5109081
197.5680757
199.3643145
190.8269425
197.1777328
209.5700164
204.7541336
184.6751829
178.9032909
184.1354291
182.4538673
173.4533766
161.1834887
144.4323764
148.255862
156.3637466
152.2789298
171.2171751
174.3388154
176.0589704
178.7627013
182.3022511
168.8249467
174.7864968
176.8424128
172.752634
172.2977853
167.1549628
166.5942584
164.3867261
157.3737864
154.4649601
144.0034403
153.125224
147.345062
149.6352941
157.3511818
162.7343849
164.7257952
161.3273863
155.9717498
155.4705892
152.87106
156.1095827
168.4114479
168.8034447
175.2573341
176.4768799
167.6373781
175.9023922
175.7816506
177.4389538
177.8596199
179.3427023
179.0791657
172.855733
170.4822499
170.4822499
168.8431406
169.0311447
169.2301755
169.2301755
169.2301755
175.2689121
178.7996405
182.2840571
188.0967477
183.822824
179.4628926
175.7816506
177.7273003
180.0638442
168.9495476
172.3617398
174.5902227
170.558885
166.5699998
168.5057256
164.2742545
164.2742545
164.2742545
175.5192167
177.3540487
176.445454
173.7191185
176.7200172
182.230578
179.7512391
185.2943285
183.5311695
182.4682019
180.588712
178.7081195
180.359358
177.3507407
170.3107857
167.3920355
167.0055519
160.9480701
166.3439538
160.391225
161.3174623
159.5791133
160.7258834
154.2223741
155.9496965
160.8460737
161.1189829
160.6420809
163.276344
166.2342388
171.8671952
172.1230131
171.355008
171.1443993
177.254809
178.162301
176.4195414
177.5415015
182.0899884
185.9399379
186.7355096
189.0698482
188.7335359
182.2906731
183.1204274
187.0073162
193.7914533
194.9591739
196.9390062
196.2818187
189.3157422
197.239482
200.3037838
199.4999421
200.0826998
199.2584588
199.8439731
200.00827
202.1816197
201.6881778
204.8191908
207.034993
204.2083152
201.5994134
195.8341374
201.4715044
206.1616835
206.1616835
210.731121
210.731121
209.5060619
210.3518048
211.7191075
211.8619024
209.8605682
211.3100194
205.7746487
207.9071998
207.4385679
214.0804614
215.3689236
213.1046042
209.7287999
209.0820878
204.8252554
203.9067367
209.5143319
209.8307963
212.3867702
211.7858186
211.5741073
206.358509
208.7871253
208.6184178
205.5028421
212.599033
213.2485018
214.7255195
212.344869
210.1654547
209.2342553
206.4737373
207.8267054
210.7471096
205.4416443
206.3717409
210.7316724
211.2692208
210.6892198
210.8568247
214.329112
214.4901008
215.6611295
217.9723121
218.9321807
218.4652027
218.4988339
218.1961528
210.6054174
212.4038615
218.5467998
220.8226972
221.839353
228.0120631
229.8849371
230.6336456
230.5371625
231.3757381
235.2549082
235.6149279
235.3569046
237.3394935
240.9893097
241.815756
242.4304909
241.338854
241.8328472
243.0297885
242.5446165
242.6879628
239.9362661
239.9230341
244.9881188
237.9321752
239.2862459
239.2961699
244.0795241
245.4473781
251.1156198
249.5167577
250.9055624
248.5144366
250.1061314
247.933333
253.4284564
251.735868
251.4409055
250.1767018
250.5279001
252.550185
250.7963987
256.4227391
257.5496612
254.4087243
257.9322854
263.4450515
265.5858727
265.2335717
264.5300724
269.1077798
268.4219232
265.5820134
264.7064985
261.8577674
264.328285
262.1119314
257.0666946
257.0666946
250.1678805
248.6406916
247.7315455
250.4837936
256.334526
254.7351127
253.6671831
257.0826832
258.8149676
255.3713495
256.9189377
258.3562595
257.2403641
253.1340453
255.3327563
258.4918872
257.5215433
251.0720646
247.5474007
246.4916005
243.304903
242.0175434
246.984491
242.4707381
246.1304782
247.1658792
248.3562044
250.6083946
246.291467
246.3273036
250.1325953
249.0067759
252.3103557
255.3713495
255.1282122
254.9788013
252.6880179
253.4990269
251.3697837
239.3187745
244.33865
247.107438
251.0968745
254.8597136
256.236389
257.4575888
256.7353442
257.8324944
261.1487548
261.2573672
261.880372
262.1598972
261.6521207
258.6093208
258.3490922
258.0420005
260.06208
261.4001621
264.5008518
264.5008518
264.7693504
263.0988152
265.0637615
265.0637615
265.0637615
267.3071304
266.4233456
268.9142624
264.2158133
265.6459678
264.7131145
266.0203221
261.6129761
264.3756995
266.6085931
267.9577018
267.4537846
268.5250222
270.4100254
263.9269155
262.4807723
256.804812
254.3155492
257.7685399
251.599689
252.0600511
250.132044
253.1853191
252.9835317
244.8342972
243.1202069
246.3460489
246.1740334
250.4931662
249.3656928
249.3656928
250.4209418
255.0063679
253.8921264
249.2907117
254.627603
254.5851504
251.3438711
247.2502329
248.3512424
248.3512424
252.322485
253.4306618
252.7911169
255.2269006
259.4942083
259.4087518
259.4230865
258.1781794
258.6650053
256.5148115
256.3935185
262.5298408
261.0484124
262.9251457
260.5941151
262.6103353
262.922389
264.1138169
265.5141995
264.8718981
265.9800749
264.7235898
269.9347775
271.7993814
273.4142321
273.2350493
272.7002575
273.891134
271.9361117
268.5674747
268.9043384
273.1192696
274.4319905
272.757596
267.7035379
269.4633888
274.5549375
273.0503531
272.6335463
275.4056423
274.8829798
272.5188693
271.5369475
273.8905827
270.199968
269.9447014
269.9447014
264.4705286
258.6192448
263.1478837
261.195618
260.0885439
265.3306061
265.7165383
258.7570777
257.0479493
254.9308354
250.4622917
250.4622917
252.2320666
245.9832726
247.9895688
252.2188346
254.9115388
257.3644137
255.2980224
255.2980224
260.5367766
261.5666643
257.4559348
259.2179911
257.8639203
258.4957465
263.0491953
265.6189526
265.5395608
268.1153827
268.2818849
268.6507258
273.0972163
271.1807872
269.9044542
272.0772526
270.0136179
269.8537317
266.2491248
264.0476571
261.0853517
259.234531
259.8117753
262.3594793
260.1574603
264.1568208
268.6997944
270.6029915
270.6862426
274.5020096
273.5200878
270.7011286
269.5262406
270.3543409
272.9759233
270.5175351
274.4771997
276.3715755
276.674808
277.5641061
276.9962344
274.82509
278.6254197
280.2617723
279.676258
278.3822824
278.0514834
279.0477398
277.6076613
274.1408873
268.0712762
271.941625
271.3279928
272.7030141
273.4980345
277.133516
276.2662712
274.8769152
274.0614955
269.8399484
269.383997
269.5361646
274.3542527
270.9608058
273.7202212
275.041212
275.7149394
278.0597533
277.8122054
275.9657954
276.4239521
278.993158
281.6941322
281.3324586
282.5641337
280.4023619
283.3376521
284.279878
284.279878
284.279878
284.279878
285.6416674
286.8529433
285.6968006
287.7152261
288.2588392
289.3499247
290.1918083
290.2392228
294.3863402
293.408829
292.4638464
291.1549849
287.4759482
288.1849608
292.2664697
292.6358619
287.8326598
284.9387195
287.188153
288.3068051
292.3541314
294.936018
295.0065884
292.8095314
292.7990561
288.8074143
294.1272143
294.5351998
296.9533408
298.9226978
299.3940864
299.9090303
300.1323196
303.8532575
294.7673104
295.738757
297.3629803
296.2525982
295.5309049
299.9448668
302.3883691
303.6321735
301.4704018
302.1457831
301.947855
298.1155481
297.6772394
297.6827527
301.3617894
305.6092491
307.9810783
307.8002415
309.4988946
308.1580558
313.9542064
313.1090148
314.9245503
317.0769494
317.7749354
316.1578794
319.5750335
319.5248623
321.4649987
321.8691249
321.8878702
320.2608902
318.7353553
320.7532294
322.879716
323.669223
323.669223
327.4105602
329.7548228
329.5034155
328.630106
329.4967995
327.5120052
328.6444406
330.0977511
329.4085864
332.7650941
331.6254914
331.0295018
334.3871121
332.4546943
326.1435999
328.2469305
329.1218939
333.6207609
333.9818832
333.3461977
326.7947227
327.2980885
327.2980885
327.2980885
327.2980885
328.9498784
326.7285628
322.733613
316.0944762
310.9632317
318.5032446
317.7126349
313.9503471
312.8487862
318.1029777
316.4737924
311.2510269
310.0557396
308.416079
310.3060442
307.2417424
307.2417424
305.7967019
312.3321884
318.257902
313.503217
315.5232965
315.8932401
311.6755523
307.2224458
312.6900027
304.8197421
310.7686116
310.9114065
313.7700616
316.3232789
317.5047828
317.1006566
320.8657011
324.5226845
325.1605754
327.5180699
331.0973156
333.1311784
335.3050794
334.6065421
336.7931238
335.8426279
334.4483099
334.8055729
334.2106859
328.9697264
334.759261
337.7987529
337.2567938
336.0967918
334.5547169
343.2040093
347.6256899
346.8367341
348.9042282
347.6460891
348.5618512
348.6335243
346.7082738
352.9118586
348.4769461
344.1115013
344.1115013
338.6334691
337.6421747
337.6421747
342.276118
334.990269
334.5839375
331.392278
331.2632664
336.6448156
329.9444809
332.3730972
323.5688806
324.2045661
320.6264231
329.9533022
331.3614035
329.545868
336.8956715
336.5494352
331.8730393
331.7352064
331.7352064
329.6550317
326.9314529
324.363901
320.2112703
321.0840285
325.9991509
327.0797612
320.2250536
316.2152179
313.6939778
318.9454126
321.1672796
319.5540829
325.877858
322.5742782
321.2714813
326.2257483
326.8719091
331.3823541
335.1429879
337.7678783
339.1142304
340.3635482
340.531153
336.1072671
328.0881469
330.8685129
330.0657739
331.7633243
328.2937937
327.933774
332.8731551
331.1022776
334.880554
331.3437609
334.1037276
334.865668
331.4826965
328.2728431
334.6666373
326.2014897
316.981569
309.6653968
298.396176
287.4533436
276.7464811
277.032071
277.9125478
272.9483568
272.9483568
287.2532101
287.980968
281.2569261
262.7272176
258.0414491
269.4358222
265.9966148
268.7411442
271.6918717
279.7082352
281.8722123
287.5547886
288.1799988
285.2998418
271.4123465
268.828806
280.365974
283.3178042
277.585608
277.585608
277.585608
267.451028
271.9394197
282.4152741
280.1129127
283.1568153
285.6096902
276.6003782
260.276548
255.6999432
269.4093583
268.6562391
276.8898274
276.4757772
276.4757772
266.6245817
260.5511112
268.3805733
276.1493888
276.9245613
281.3627818
283.9209611
285.4983212
287.1076585
291.1693195
286.8055288
289.2969969
281.987992
287.2614801
297.1429989
296.077826
296.091058
300.0215019
301.8502693
299.2942954
299.6956649
297.465528
292.4478578
302.664035
300.7272066
297.4886839
298.7881728
282.9897618
291.570689
297.6436081
294.8025957
290.1388805
292.7538469
286.1659839
282.8905221
284.4199163
276.8176029
279.106181
276.4559293
283.264325
290.7034442
289.0080991
301.3248502
300.7283092
301.8816952
298.4970697
300.9036327
299.6747143
293.1656917
297.5625624
291.2525706
289.5026436
283.1005794
287.2515561
277.7868441
279.68122
289.4789364
289.4320732
292.5426869
290.6813909
288.6613114
286.1213261
286.3556421
286.3556421
287.1341225
295.6698405
293.5620993
292.3712227
288.9226426
285.8395955
289.8637659
288.4970145
291.5172098
293.8074419
291.0590531
296.7129602
296.7918006
301.4058959
307.85758
307.85758
307.85758
308.2887214
308.4017444
309.8980588
305.4614922
307.5311916
307.4551078
311.307814
308.7364028
309.2634759
310.5276796
313.9663357
315.5271558
311.2885174
313.5357456
313.2683497
317.8124259
313.292057
318.4062102
318.4144802
318.5396325
319.4267253
315.2685813
317.3548206
312.6850407
315.2570033
319.9901863
319.9901863
320.209065
317.1331852
314.9962234
311.9352295
315.1329536
318.8169523
316.5349903
320.8662524
324.7448712
324.8650616
322.8030808
325.3557468
324.696354
322.1541634
322.8471874
323.0103816
322.2423765
326.9739055
325.7764129
322.7683469
322.0896576
325.2708417
330.1043671
325.2101952
327.6454275
327.6448762
323.0445641
322.0317677
322.0317677
320.0734374
323.3797738
320.5652253
318.7248799
322.6393353
322.0036498
317.1392499
316.7897055
315.8502362
316.3679368
317.9397835
320.3298066
321.5515578
321.5515578
324.4355741
323.5958959
321.2053215
315.4753307
316.9622724
314.3219447
313.5307836
309.0479052
309.458096
307.0112858
296.1131112
297.2830372
286.7652815
290.4178543
295.5606768
292.1242261
292.7461283
293.9370048
293.9370048
298.6569559
298.3211948
297.5950909
295.9852023
287.2289515
289.8097354
289.8097354
298.7914808
296.4279216
301.9599843
299.7971099
300.8418836
302.3663158
299.6350184
305.2619101
305.2056743
307.2307158
303.9034287
296.1153165
291.5183125
290.3544512
290.5159914
290.9554028
297.2273527
296.1654877
298.7225644
299.9454182
299.7485927
296.5811919
291.8243016
290.8236345
289.9734809
283.1772146
288.5295431
289.4927197
290.5104781
285.913474
291.0700798
291.0110873
285.3875035
286.503399
282.3838482
284.6724262
293.3603118
296.9064776
303.9502919
303.1266023
300.568423
296.4725795
303.5654624
303.569873
306.5691177
312.6243942
313.730917
310.5486302
314.8490178
314.8490178
314.4708042
311.3861031
310.9268438
310.5894288
309.0071067
310.4179646
306.0657518
303.7462992
303.6095689
306.2554099
302.3624565
302.3437112
303.1855948
302.4027037
296.5602413
297.558703
306.6600874
306.0492119
305.2668721
310.3711014
310.2034965
320.2812895
319.0611923
319.1207361
318.9768386
315.585597
317.3002387
317.7082242
315.8915861
314.0970013
315.4620987
316.7511123
316.7511123
316.8955612
316.8955612
316.1793813
316.4192106
313.958617
313.1795853
307.7335303
305.0353128
304.2149312
302.8250238
306.1556189
308.7628667
310.3810254
307.2075599
306.5454104
303.6051583
300.5811037
303.7055006
298.1965939
298.8085721
300.0253613
301.8188434
298.8041615
302.6734076
300.3942022
303.9056341
306.0453525
302.0481974
300.0942777
299.1360632
297.7676578
299.0412341
295.1918359
294.0015106
296.3457732
298.9028498
298.4832864
301.5635768
304.17303
302.9551381
306.7554678
304.7193997
308.5699006
307.6023134
309.6240469
308.547296
311.1545438
312.0350206
313.8158221
314.1918304
315.696966
317.3531666
322.1999239
320.7069176
318.1277877
319.8247868
319.8247868
320.539864
316.5101803
317.1872157
317.1872157
316.8018348
318.0230346
319.7525623
319.7525623
319.7525623
326.1595885
323.6929303
321.6463868
321.5824324
319.268493
317.782654
320.4114037
318.2518373
319.7183797
315.6208822
314.782858
314.1581991
315.9979932
315.010558
317.2169876
314.9614895
311.9401915
308.2958887
306.5409998
310.3738581
312.0686518
311.9247542
311.4031944
310.6351893
308.1343485
307.0989475
306.6005436
311.1655704
311.1655704
311.0282888
316.1077082
316.860276
317.1916264
316.7637929
317.3184327
324.7746432
323.4806676
323.8048506
322.1877946
320.6016132
320.789066
324.3247564
324.3247564
322.2726997
322.6343733
323.3450399
319.8661367
319.3875807
318.8665722
316.7428423
318.3036625
318.0820271
315.0276493
311.8392978
313.8919059
310.6770905
309.3913849
309.0666505
314.2254616
315.4450074
316.9132038
316.8376714
318.7105453
317.2087177
315.4990379
314.8451585
310.6936305
305.5971198
305.4565302
306.1368736
308.2617062
310.4714438
305.4592869
304.1239614
304.2287145
303.7336186
298.8372414
299.6945622
302.7698907
301.0006671
303.3989602
306.592825
304.6730878
303.5549871
307.7384923
307.7384923
306.6137756
307.732979
306.9875785
304.6515859
304.8666053
309.356651
303.6398922
304.2061099
308.4116684
308.8742357
312.133709
312.133709
312.4556867
311.9523208
314.2706708
309.9173554
310.7206457
311.9214463
312.2142034
315.6798747
316.963375
317.0819114
315.6148176
316.0487157
311.2069203
311.2069203
303.4353481
304.5429736
301.5608202
299.7893913
294.8875008
296.2575601
295.4250492
298.7363476
296.5679599
290.2077969
285.7447665
282.6870806
280.5848527
280.5308222
289.9894696
294.3091538
292.8426113
292.2080285
287.1991796
288.9524146
286.7217263
283.7594209
286.014919
285.4773706
295.2844596
293.6894569
294.7077666
293.0510147
296.5387393
293.7859399
292.4528198
293.5273654
298.1012135
299.6488017
299.4988394
299.5473566
297.822791
300.8292029
300.1301143
300.8694502
301.484185
300.2547153
298.6690852
293.4909775
294.1354843
294.1244576
294.914516
301.0712376
303.1927621
303.1927621
302.6254418
302.0520567
297.683304
294.4960552
292.4037513
296.2537008
299.1421278
299.1900937
298.9585343
304.3070036
307.7340817
306.7962664
307.4721991
307.9022379
311.0134029
312.0306099
315.4224028
319.3660788
320.7240088
320.1142359
318.3372937
322.4766925
320.5723926
320.5723926
320.5723926
320.5723926
321.1816142
320.8927164
319.270147
320.5216701
320.8530205
318.1013237
318.8952415
319.8280948
319.8280948
319.8738553
320.0789507
321.9981365
321.9981365
322.2936503
326.4644749
326.0465655
330.1688729
328.9449164
330.9936652
332.8819764
332.6890103
332.4602076
328.4371399
329.9020283
327.8687169
331.1370115
331.8520887
333.6858181
328.0015878
330.1903749
327.8031084
326.090672
325.7543597
324.2552886
320.333666
320.322088
323.9834821
317.428699
318.1956015
325.3298342
326.9435822
330.3954703
327.1938868
322.986123
324.71124
326.454551
327.5555605
328.3946874
331.5819362
331.3294262
329.0910194
325.8359568
321.6496948
321.3503217
320.6380011
324.4488061
323.2441462
320.9026403
319.412942
317.9888521
317.9899547
318.9977892
320.3049967
320.8601878
322.2434791
324.5083499
324.3242051
324.3242051
323.7133295
324.2734826
324.9670579
324.9670579
324.9670579
316.5917774
312.4308768
313.6746812
314.2695681
314.0920393
311.3419966
309.6080583
311.5399247
311.4610842
311.9071116
312.6188809
310.2128692
312.0449446
314.0131989
315.0607292
311.0404181
310.3451888
305.2867201
306.358509
309.913496
309.913496
309.913496
306.1677482
300.4002668
301.5448315
304.749723
306.9423693
306.7400305
308.5219347
309.3081338
307.85758
310.0083251
311.0089922
311.1253232
310.4482878
307.6866671
313.737533
