100
99.85035453
98.77302407
99.24768079
98.08266743
95.96775608
94.53443307
94.49994447
93.48340747
92.00536619
93.51117372
95.07748245
93.89084065
92.08661901
90.10089378
85.90965155
85.3058087
88.37441764
89.16268684
89.96644668
89.96644668
89.96644668
89.96644668
89.96644668
94.9781085
99.9766179
100.4164937
99.7100619
100.4682266
101.4002958
101.4569974
100.7596261
101.7413822
102.7012176
103.3348727
102.8122826
101.0752845
97.85176915
98.71749157
100.7286448
98.99603089
101.941007
101.941007
101.941007
101.941007
99.08429833
98.20834624
96.99773778
98.76016391
96.90099432
96.89924067
96.47339409
97.13919951
97.55101683
99.22926738
100.0233821
99.27632387
98.93611424
98.49185426
98.47957865
98.17794951
99.80271349
102.0728236
101.0501488
101.3357027
99.39206528
99.97691017
103.0063541
100.7128619
99.34763928
97.88421182
97.93477562
99.08663654
98.72216799
98.91214759
98.41586242
98.56930748
98.33139457
98.26855516
99.92342361
99.66066721
99.62120991
97.98300121
96.29919741
97.54809407
97.54809407
96.91385448
97.87018256
97.90525571
98.51289815
98.45181241
97.75473341
97.75473341
103.1422626
103.97525
103.97525
105.7201396
104.1991337
104.3511174
103.6590071
103.5152071
105.1955036
105.3568401
106.6104132
108.0010639
107.4147576
108.2483296
108.2483296
110.7297555
111.4858743
112.3483817
111.6217828
108.9401477
109.0474131
108.4342174
107.2426069
106.6685762
108.0700411
108.6507941
109.332967
108.3775158
108.7481221
109.6097527
109.2514219
109.2072882
108.3646556
107.0052785
104.7778408
105.3612243
105.2109943
104.8918285
105.9565911
107.2180557
106.8494952
108.171461
108.4619836
107.7017729
109.0468285
109.7409847
109.9178119
109.7900872
109.4305873
108.4879962
108.6399799
107.8596022
106.7059876
107.1365106
106.5005173
106.9579297
107.1981809
108.2810646
108.0644878
109.223948
109.7129262
109.2733426
108.0291224
108.0317529
108.0317529
108.232839
107.8660322
107.0634415
106.0840236
105.1037289
104.0281521
104.9932484
104.4575059
105.1434784
105.1332488
105.3743767
105.3188442
104.8704924
104.0901146
103.6221803
103.6221803
103.0680244
101.7215074
100.4995002
101.1381239
100.1446768
100.1356162
100.8756598
100.6544066
101.9366228
101.4070181
101.4201706
101.7843469
101.344471
101.8933659
102.6874806
104.0401354
103.657838
103.5219295
102.9613435
101.4543669
102.2554963
100.5950746
99.93482238
101.2222995
100.8847204
100.4883937
99.66972777
99.13515441
97.96634146
98.32145717
98.45473517
97.82224924
96.6212859
96.78934477
96.60228794
98.09465076
98.09465076
96.90274798
97.85936833
98.82475697
98.34483928
97.60041153
97.81611144
96.14750601
93.96186379
94.07702065
94.53852494
93.6187314
93.07948162
92.13426004
91.73588744
90.28064371
90.01642593
91.34277581
91.30653354
90.75266994
91.47313104
93.89347113
95.92946788
95.26892343
94.32896283
94.69489276
96.81506509
97.18421006
97.67377288
100.4638425
101.7545347
102.2306528
102.8947045
101.5782921
100.6488534
100.4404604
100.8633842
101.5484799
102.866646
102.4741189
101.7872696
101.0600862
103.4649356
103.8869826
102.8996732
102.8996732
102.3399641
102.0462264
102.9514061
103.3652694
103.3652694
103.1557073
105.8905367
108.5312531
107.9727131
109.2178101
108.5783096
108.5543429
107.9613143
109.6866213
110.6283356
110.4567694
110.5055796
107.1867821
108.716264
109.3680402
110.2980634
109.3040317
108.6937587
108.2933402
107.3630247
108.2164715
107.9519615
107.9519615
110.4310491
110.935518
111.0334306
111.0097562
110.226748
108.9357635
109.1555553
109.4674141
109.9368099
111.7734742
112.2130577
112.2130577
112.2130577
112.2130577
112.2130577
112.2130577
111.882201
110.7896721
110.6449954
111.4475861
112.4740605
113.641412
115.3626272
116.5703129
116.3835484
114.8704339
111.51101
113.3207849
111.7313864
113.9076758
114.765799
114.5065499
115.1717708
115.7498933
118.2909435
118.4198374
119.0698599
119.3045578
118.2123212
117.4740313
117.6046788
118.298835
117.7502324
117.9928217
117.9133225
117.7914433
115.8080563
115.8042567
117.5146577
117.234657
117.7122364
118.5525308
119.3922406
119.0353713
119.2843907
119.921553
119.979716
119.9382128
119.5553308
119.0087741
120.0524928
120.0524928
122.0575083
122.0575083
121.6641044
120.8089039
119.2563322
119.0903192
118.085181
119.1861859
119.0672294
119.5982954
119.643306
118.6010487
118.30205
118.6001719
118.6001719
118.0094814
117.5292715
117.1346985
117.943427
116.9260132
117.0420469
116.7120669
117.2428407
117.2428407
116.6892694
117.018957
117.1989992
117.3220476
117.0511074
116.5568682
116.0167416
116.1397899
115.9848835
116.4124837
116.3823792
116.4116069
117.002005
118.2801293
118.4607561
118.9523648
118.5665601
116.7886433
117.2475171
117.5307329
117.3995008
117.5225491
117.1688948
117.437789
116.7556161
116.4002081
117.2720683
116.7749063
117.3723191
117.318248
116.8643429
115.7756136
115.9030461
115.4497256
115.7545697
114.3054638
114.1923529
112.8975688
112.5392381
111.4791519
111.4791519
108.2749268
110.2805268
111.943579
112.5959397
113.9345652
112.5865869
113.6437503
113.6542722
114.2730211
113.9868826
114.1838769
113.9947741
113.2956492
114.1748163
114.1055468
114.0418306
116.0453847
115.8691421
115.8466368
115.6055088
115.2208732
115.0007891
115.0700586
116.1389131
114.788012
113.4815369
114.7067592
115.2004139
114.8485132
114.788012
115.6931917
115.3325228
115.4906442
115.8209165
117.396578
117.9001701
117.7636771
117.8010884
118.0226339
117.627184
117.3395841
117.957164
117.7312344
117.818625
118.5864349
118.4104845
118.8731579
119.5895272
119.8344547
120.0583384
119.3676894
119.0990875
118.8424689
118.8845567
119.8329933
120.7855218
120.7288202
120.9453969
122.8527921
122.6376768
122.817719
123.0383876
122.8060279
122.3790122
121.479678
121.3005127
121.0231424
121.8973409
122.240181
122.5134593
122.3074045
122.5380105
122.3413086
122.5698687
122.5698687
123.4177622
122.7312052
123.4396829
123.5054451
123.8485775
124.3583074
124.8703755
125.2289985
126.2636566
127.0393579
127.8650385
128.0544335
127.6031589
126.9113409
126.0076226
125.6893337
126.4346382
126.4667886
122.8349633
124.062816
125.2705017
124.4383911
123.9631498
122.704608
123.8386401
123.2783464
122.9580116
124.175927
124.3159273
123.7246523
125.1424847
125.1424847
124.8966803
125.1328396
125.6715048
128.0301746
128.0301746
127.6706747
127.8039527
127.8702995
128.200864
128.3189436
128.2718871
128.0906758
126.7546808
125.9810254
126.8748064
126.4781874
127.6198187
128.4902175
127.151592
128.6369402
130.1053364
130.3140217
130.1862969
129.1101356
127.2506737
127.1635754
127.7624495
127.961782
129.2369835
130.2017876
130.2017876
130.2017876
130.2017876
130.2017876
131.9174495
132.4716054
131.1449632
131.5883464
131.3589095
132.5607496
133.3306054
132.8863454
133.031899
133.4235493
132.7337772
132.0495584
133.1929433
132.0416669
130.5300139
131.154316
130.8757767
130.850641
129.439531
130.9894722
130.8363194
131.0572803
130.4391159
129.3381111
128.5761467
129.8028304
128.6749361
126.9475832
126.8803596
127.3819058
127.8475019
127.6142654
126.8879588
125.5037382
123.9470746
123.1190558
120.2266895
118.9251831
118.48823
121.5238118
121.715545
119.8891104
119.1458517
114.9589936
113.7489697
113.5619129
115.4739845
115.4739845
117.5447621
116.5220873
115.5260097
114.3069252
113.6621637
111.9707607
110.0803175
112.727464
112.727464
114.7619994
114.1622484
113.7463392
115.5666361
115.5666361
115.4161138
113.3845012
113.0191558
111.7533071
108.6160132
108.7364311
108.4830275
110.0166013
110.0166013
111.560697
112.2235797
112.3893003
112.5456682
114.1070082
115.0019583
114.9399957
116.2809594
117.2913586
116.6717328
115.7928579
116.6080166
116.5963255
115.7808746
115.5759889
115.0113111
112.5915556
112.5266702
112.4091751
113.5157332
114.657949
114.4223743
113.5335621
112.1066692
111.1821992
111.0416143
111.1333891
112.2791122
112.6929754
113.5297625
113.2056281
112.1174834
110.5245775
110.4439093
108.007494
105.4839803
106.1755061
105.8385115
105.4421848
104.5901994
104.5901994
104.4072344
106.5940457
106.1322492
107.7052803
108.8401892
108.4874117
107.2390996
107.7099567
106.8559253
105.7622274
104.4835185
101.7106932
98.19694747
98.87269029
96.2968592
96.33105553
93.31096445
92.97572353
94.28102951
95.14295234
94.14541331
91.04874584
91.50849647
96.44504329
94.22608157
93.64006757
91.32290102
88.36944894
87.65424882
82.39561352
81.5027094
81.5027094
80.38066066
75.35321592
73.42010043
83.94467794
90.28298192
91.447703
88.50886474
85.77608128
87.69633661
87.08284864
85.36367941
83.49778747
81.18558961
81.37878425
78.21226274
80.46951266
80.24095259
81.10258314
82.26233552
83.11549006
83.84910359
81.59974514
81.35014117
81.89435965
81.37527693
82.531522
86.31591561
84.99979541
85.97541372
85.58142526
84.91561983
82.77586499
82.6165744
81.84058081
79.04729615
78.11084287
75.11793349
72.87617422
71.31337281
71.55742353
66.55248406
67.97996154
67.97996154
68.37745731
73.58056012
74.73388242
75.78227753
75.47597196
73.27425455
71.24264194
71.27888421
70.33483174
69.68451695
70.08668915
68.93833554
63.77995101
62.05055211
55.41851044
57.28703287
58.74490709
55.56961729
53.83115782
56.37366941
56.04281263
54.41103402
55.46615148
56.53617504
59.38791496
62.56934255
70.29888175
65.72826487
66.27102197
60.88758469
59.37534708
57.82599038
56.12260406
57.28703287
59.48524297
59.78190342
59.21196462
57.74502984
57.22331663
57.22331663
58.01596998
58.76828919
61.03723016
61.94562492
61.94562492
59.71175711
56.92928667
54.51771487
54.53437462
52.97888011
50.98321749
49.65160664
52.38585149
55.05521099
54.19854914
55.7435217
61.38708489
61.04979804
61.87021763
60.03033828
58.04256712
59.03279925
59.03279925
59.03279925
59.03279925
59.03279925
59.03279925
74.49421585
73.23918139
75.15096071
76.79355355
76.21864606
77.87263768
77.65459955
73.03020383
71.60009587
68.91612255
71.93329086
73.74949582
75.87814416
76.31305131
75.43593011
76.10728879
74.23847408
75.70190155
77.80395274
77.70019466
76.18561884
73.32657201
72.45061992
71.9215998
71.31454192
73.95788883
74.00962174
72.60844912
73.73195924
73.24882651
72.64118407
73.22106026
76.18912615
76.41008704
76.81956615
76.36449194
76.80319867
76.36273828
75.75392673
75.28686919
75.01622134
73.2342127
71.46944836
69.68539378
69.06167615
69.06167615
69.35862887
70.46460242
70.13608385
69.5038902
69.23528827
67.01983387
65.72943398
65.52980926
65.95010259
64.93268877
64.45510928
65.07122774
65.69903724
64.39519264
64.39519264
64.43611132
64.9236282
64.9236282
65.20041386
63.30704795
60.64002666
60.92499605
60.08470167
60.08470167
58.8150534
56.58469291
57.96452935
58.39271414
56.61362826
56.94068545
58.53300676
61.06353502
59.51125556
58.71334124
57.39634421
56.37162348
55.64707051
54.79333142
52.55011077
52.96601996
53.95771346
52.88593625
51.65720666
50.77277855
51.47921039
49.65189892
48.75256472
47.81435778
45.61527085
43.8864565
45.50332903
47.53874122
47.0184894
46.1191552
46.07940563
45.57142941
44.63234563
44.2897978
44.75451713
45.67752571
47.33444009
48.08559019
47.60245746
47.60245746
46.87615084
45.77485372
45.03101052
43.12566128
42.40899977
42.23363399
43.81280287
43.36035915
45.15347429
45.12366211
44.3441612
42.65158911
41.85045975
41.90453087
40.98532188
40.53375499
38.41913591
38.87859427
40.44753348
38.75496139
38.73625571
38.02748566
37.18543763
36.04556003
34.94718567
32.8609174
33.60183783
31.87010072
31.94726166
30.7071333
30.88571412
33.96338362
34.48685049
32.15886971
31.43870089
31.97502791
31.85314869
30.67030648
29.61577357
29.61577357
25.80010639
29.0072543
30.85473283
35.87311701
44.09426495
34.63065043
38.14498074
37.24593882
36.09173969
38.65587972
38.09412466
38.70205938
37.79687966
38.74180896
37.28861116
37.73170204
36.28142701
37.58439478
37.43650297
37.43650297
36.25103027
35.7918642
35.21403394
34.87002473
34.53156876
36.09320107
35.57791794
35.90585196
35.7708203
37.60690006
37.08664823
37.1006775
38.1429348
38.41913591
38.41913591
41.21095919
41.18611571
40.96573937
40.84619836
40.84093739
40.48377574
39.836676
39.55316798
39.42602779
40.94498775
41.18611571
42.10357103
42.87342682
44.39443272
45.82044882
45.96278738
46.81418826
45.09618813
45.50975911
45.24641815
45.36946648
44.82875531
45.00090606
45.11372471
46.78700656
48.03473412
49.35290026
49.0994967
49.21816088
49.6089343
51.52275956
52.34668646
51.86706104
52.43963033
50.87945941
50.51908272
51.59612091
52.03102805
52.97332686
53.80543751
54.03955083
53.82355864
53.77387167
54.6319949
54.58669208
53.10631258
54.66940627
54.77550257
54.77550257
55.07303985
56.35291779
57.27504954
58.47776654
58.47776654
55.92385618
56.62619614
58.54762058
58.61542868
59.40808202
60.23814673
59.47968972
59.31893775
59.22774754
59.91693507
59.91693507
59.91693507
59.91693507
61.75418394
62.10754599
61.09334721
60.69555915
60.55965067
59.55831205
59.37242432
59.37242432
58.19367397
57.0201846
58.07471751
56.15124714
52.50948437
54.85909359
54.6480701
56.49905595
57.23383858
57.23383858
57.23383858
57.23383858
56.73579976
56.61304371
55.99371021
56.01680004
54.96869721
54.61299694
53.80572978
52.63340952
51.96321995
50.60267374
50.80259074
50.62576357
50.99724676
52.29232307
51.93165411
51.51545265
52.14092394
51.06154754
50.38522017
50.45916608
50.94229881
50.87565981
50.15782921
49.62471722
48.79085292
49.40726365
49.35377709
49.35377709
49.27106289
49.77290131
52.57904613
53.61575019
53.24689749
55.51759211
55.41295719
55.52752951
56.86089401
57.20987192
58.64816363
58.08143987
58.52190026
60.60641488
62.25280731
62.92621192
62.48078283
64.72721852
65.82500833
68.61858527
68.30468051
67.62104623
68.35582887
69.12773059
69.39516341
71.41742318
73.09041275
73.87079049
71.05207779
72.73734297
74.662567
74.84553197
76.23355215
80.34149564
79.77068001
81.72133208
80.87753038
81.15899247
80.17109855
77.09225994
78.89531247
78.37710658
79.28374768
77.84633281
77.05134126
79.06863232
77.95652098
77.2950997
76.65676824
75.53384267
78.28971597
78.53201302
79.96679741
80.53352117
81.68947396
81.3399115
82.65398577
82.20534164
82.06037259
81.8888064
82.6092675
82.94889257
83.57670207
84.02505392
85.98710477
87.23687826
85.13248885
87.86147272
88.89759223
89.25066201
89.16882464
88.34372863
89.46402371
89.9328349
90.1844848
89.14485798
90.04448445
89.30356402
89.1384279
87.84393614
87.65161833
88.62869803
87.55429032
85.22397133
81.76078938
84.06655716
82.5426285
81.90283566
81.11895061
77.31088262
78.59339105
75.26611758
73.86348358
73.42243864
69.3656435
71.01642008
71.21750618
76.24348955
81.74676012
80.51364638
78.48875613
79.71105564
79.17414407
80.00187057
80.87753038
81.38726026
80.56011831
79.86391615
80.3283432
80.45022242
80.45022242
79.28257858
77.12148757
78.45017566
79.15222335
79.05986403
79.35535538
78.91577181
77.44912931
77.4356846
76.20432452
74.90954048
74.1087034
74.33638665
74.07830667
77.58445324
75.62678654
73.73634339
72.17354198
70.40147073
70.33980043
70.94364328
69.87917297
70.53708694
70.72180557
74.08181398
74.75317266
77.19923307
78.35752407
78.88625191
78.70065645
77.79109259
78.11639612
76.1207335
75.61100362
78.30169929
78.07986158
78.32771189
78.40107324
78.69948735
78.06174045
78.35693952
79.8645007
78.96750472
77.45263662
76.68394994
77.20946274
76.66875157
76.15171479
76.15171479
75.1918794
77.03175874
76.71142391
76.57113128
77.64320078
76.39664233
76.57493088
76.9052031
78.09009125
78.94996814
78.94119985
78.96721244
78.69101133
79.31239076
79.31239076
78.03748151
77.76332634
77.70224059
76.65179955
76.7584804
77.38336714
77.41902485
78.19384934
79.14988514
81.76926539
81.94550801
81.67924429
81.7382841
83.06872585
83.98179703
84.42605702
84.23081644
83.54396712
83.61382116
84.02826896
85.39056883
86.09232424
86.59270128
86.59270128
89.22318803
89.11826084
87.93395725
87.51892489
87.51892489
87.51892489
90.95667881
93.94666542
96.33222463
100.6590831
103.6563766
103.1054358
101.1515686
103.2278995
103.1779203
103.2150394
102.7927001
101.7983761
101.6121961
101.4426758
99.41661649
99.41661649
102.0643476
104.0053545
104.0053545
104.0053545
106.4300787
107.9724208
108.7323392
109.1155134
109.1152212
108.2939247
108.6259506
109.3171841
110.1916748
109.8146384
108.7373079
109.4671218
109.5770177
108.8045315
106.5177616
106.7007266
105.3983434
102.3896511
102.7383367
102.0848069
100.8017139
101.0814223
100.1405849
102.7593806
101.5280205
101.1682284
99.91436304
99.91436304
101.1688129
100.5164522
101.7352444
102.9391305
105.5561726
105.4334165
107.6506246
106.8275745
107.088285
105.5482811
105.7102022
104.4358775
103.999509
103.2471898
103.2471898
102.5807998
101.7533656
100.5792916
101.450275
100.6605445
100.3901889
94.02441092
94.94186624
96.72825903
96.45381158
96.65635906
95.44750425
95.98120079
97.19180925
97.90730165
97.44053639
97.44053639
97.69189401
98.34542383
98.47314858
100.6430079
101.1600447
101.2345751
101.5473108
99.68580297
98.95598903
98.93523742
99.76764034
100.519375
100.519375
103.9290704
101.8904431
99.76793261
98.4345681
97.85527646
96.38161933
99.26814013
98.76513261
100.3668068
99.45490469
97.8128964
96.77882283
95.75380982
93.35100631
91.8004805
93.84992196
93.52607981
94.24829457
93.7236586
93.7236586
90.81141748
88.11487628
87.92051254
90.61062366
89.12381409
88.08155678
87.00393404
88.5217249
91.21066692
89.49705093
89.78435854
85.5969159
86.85195036
88.16456325
87.88719304
88.24347785
90.1993909
91.10281696
92.65421959
92.87839552
92.16991775
91.20452911
90.27538274
90.78598944
89.59876309
89.18753032
88.20548193
88.01608689
87.43416476
86.62718988
85.53641471
85.45428506
86.26505954
86.09963115
86.89023856
87.18631445
86.86802556
88.09441694
87.38038592
86.20777338
85.26810506
85.24384612
86.06543482
86.5319078
88.03274664
87.60894599
86.44510174
86.08238685
86.11950594
85.36601762
84.85599546
84.52835372
84.83232108
84.62451263
84.62451263
81.32705134
78.66938289
79.51435369
79.55410327
78.81581332
78.42036347
76.95079821
77.27610174
78.82107429
79.22909201
79.67744387
78.22570745
78.2017408
79.03735876
78.8678385
77.58766828
77.40937973
77.16474446
76.19614078
75.24741189
74.40711751
73.26723992
73.92456933
73.72582144
73.51830527
74.11834852
73.79479865
74.38373541
74.48807805
77.29919156
78.73514506
80.63932519
80.61009756
81.23410748
81.46062161
82.13402622
82.60400652
82.8892682
83.8242601
83.8242601
83.13273436
81.23673796
79.21097088
79.60203658
78.58754552
80.09013801
80.75331295
80.74863653
80.07990834
79.4933098
79.3994891
77.62771013
78.57117805
77.76712593
76.91046408
77.66453695
78.21577006
76.80641371
76.01492947
74.80285963
75.48678619
77.24862776
77.96996569
77.35969276
77.17614324
76.47088051
76.31538952
76.92800065
78.41042608
77.86913036
77.53213578
77.80424502
76.43142321
75.77818567
74.93350714
73.78047711
75.11471845
74.93672218
74.20018589
73.75914094
73.14711436
73.14711436
71.65387471
71.65387471
71.65387471
71.65387471
71.65387471
70.05190827
68.87403476
69.621093
70.45817234
71.00005261
70.89220265
71.62318569
71.03541804
71.27566917
71.62347797
71.34990735
71.33383215
72.0610156
73.21258425
75.25851839
75.25851839
75.25851839
75.25851839
75.83167223
76.13096317
76.32035821
77.26236475
77.26236475
78.11698067
77.80015315
77.90858766
77.37109154
76.32532691
76.92916976
77.11681115
76.37121429
75.99943883
75.51952113
75.89392708
75.60983451
75.8024446
75.50081545
75.81121289
75.53998048
75.39998013
75.47714107
75.45463579
74.63187799
74.85576164
75.12991682
75.12991682
74.62895523
73.92427705
73.81467344
73.25817935
72.43922114
72.22293668
71.38965693
71.16606555
70.51195118
69.53487149
71.3715358
71.06961437
70.84865348
70.84865348
70.19658504
69.92038393
68.92956726
68.72526612
68.99240666
66.79799615
62.29957152
61.96637653
60.62365918
57.90052084
58.26031297
59.71117255
59.26866623
60.68503721
60.78441115
59.92511881
59.22219429
59.43234096
60.30449346
60.07797932
59.99964927
60.06248867
60.82737577
61.74132378
61.55777426
61.55777426
64.68863805
64.10730048
60.61576772
60.61576772
59.96340701
60.30741622
60.44098649
60.18232196
59.57292586
58.83755867
59.15263253
59.22248657
58.22114794
57.83505094
57.86077126
58.28106459
59.03601429
58.70106564
59.05033583
59.17133822
59.64248762
59.98357407
59.80850056
59.80850056
59.29584792
58.90536678
59.35313408
60.35710319
61.32512232
62.30804754
62.91481315
63.08784072
61.87518633
61.26871299
61.85151195
61.46190763
62.26508292
61.65656365
61.69835916
62.20545855
61.84508187
61.49756534
62.13998866
61.34733532
61.95556231
62.62779781
65.08964114
66.30112643
66.18743095
66.11085456
65.11273097
64.06082854
65.40325362
66.35490527
67.22822688
68.63758323
68.95061115
68.92839815
67.56755967
67.5807121
68.5256414
68.3578748
68.72000514
69.95896441
70.03729446
70.50785931
70.20564561
70.0182965
69.34459961
69.76956936
69.69299297
69.04910826
68.56246821
68.61916982
69.85959046
69.58485073
69.37470407
69.4544955
69.3483992
69.20196877
69.58397391
71.08218225
72.64556821
74.26214846
73.71062307
73.63316985
73.48469349
73.48469349
73.95467379
73.70770031
73.84565473
73.7831076
74.8575153
74.71780723
74.21333832
74.21333832
71.51241297
69.19758463
65.40413045
64.9803298
67.86509695
67.36004349
64.86108107
64.65210351
64.69799089
64.03540051
65.47866091
65.57540436
65.32287764
65.51227268
65.69056123
64.93707291
64.84822091
63.59172507
64.83886807
64.09560943
64.66554822
64.93999567
65.93841154
65.68734619
66.2768675
66.23156467
65.55991372
64.8607888
65.30563333
65.55085315
65.44183409
65.17557038
64.45014058
64.12016064
63.65836407
63.15243378
63.24508537
62.83589855
62.74207785
62.70612787
63.40905238
63.39502312
63.87903268
64.84266766
64.84266766
67.16947934
67.4573715
66.62175354
66.44083451
67.3957012
67.3957012
68.1901082
68.30760328
67.89520141
67.94634976
68.06530622
67.50618164
68.09424157
68.62472307
69.25574761
69.67896371
70.30092768
70.87408152
70.80510431
70.75980149
69.86689737
70.18869358
70.18869358
70.18869358
70.18869358
70.0972111
70.20096919
70.459926
70.459926
71.44694308
72.29980534
72.70139299
73.27045496
73.27045496
72.11771721
72.22965903
73.4303301
73.89446487
73.33270981
74.32498787
74.94870551
74.78035436
74.06953838
74.25659521
74.35187729
74.11162617
74.16774322
73.96373436
73.33329436
73.08456723
72.843147
73.90878641
75.39179639
75.56160892
75.90094171
77.12148757
77.12148757
77.73585237
77.31468221
76.97330348
75.95822787
76.27943953
76.27943953
76.27943953
76.27943953
77.00983802
77.45088297
77.4196094
78.32449685
77.44942159
76.73188325
76.06169368
74.93935267
74.97442582
75.4780179
75.82494987
76.83301086
77.94687586
79.63009511
79.58391545
80.00771609
80.74571377
82.37193914
81.69093534
81.50913948
81.15986929
81.15986929
81.93907793
81.67602925
81.50826265
81.6693069
81.12508841
80.48091143
81.22241642
81.82625927
81.84905682
81.96976694
81.97181287
81.70496461
81.74237597
81.64621707
82.76271256
84.01014783
84.58037891
84.62275897
84.44388587
84.63123498
85.46188425
85.24881482
86.09378562
85.65566344
86.86247231
87.93980277
88.05642102
87.03286939
87.03286939
87.04192996
85.87633205
86.32585301
86.32585301
86.41821232
86.32497618
86.35011194
85.82810646
86.47754441
86.37758591
85.83219833
85.38676924
85.16347014
85.40430581
85.50280293
85.5352456
85.21871036
84.67040001
83.73774632
83.07281772
82.96438321
82.96438321
82.28016438
82.72325526
82.03845187
80.29151639
81.11748923
81.30513062
81.17623677
81.99753319
82.41899562
82.23252334
82.2515213
82.33248184
82.63001911
81.96976694
81.62838821
81.7926475
81.1610384
81.64913983
81.07744738
78.84094908
77.67096703
76.26365661
77.30942123
79.09289126
79.13907091
81.19260424
80.73168451
80.99882505
81.4188261
80.3455875
81.23118471
81.33757329
80.86028608
81.16045385
81.03243682
80.36984644
80.02086853
80.35932449
79.55965652
78.48700247
79.30712979
78.22863022
78.67932028
78.52236791
78.95464456
78.88245232
78.75589667
79.1700522
78.70153328
78.69598003
78.6445394
78.68019711
78.76349586
79.14988514
79.25481233
80.03811283
79.79786171
80.40901146
80.71911662
80.7182398
80.17635952
79.76278855
79.63594063
79.68036663
79.49769394
79.40299642
79.03239006
78.00153153
77.90244986
78.07372378
78.07021646
77.33309562
77.32783464
76.01229899
74.90486406
75.53384267
75.9713803
76.41710167
75.36286103
74.94110632
75.72937552
74.41968539
74.13851559
73.78456898
72.47166381
71.41508496
69.59712634
69.9072315
70.8916181
69.83650063
70.73378889
70.91733842
70.86385185
70.72531288
70.45729551
70.47337071
70.26059355
69.41036178
69.96802497
68.88046484
68.21553624
69.47612395
69.96334855
71.72694378
71.56969913
71.8143344
71.7576328
72.21709115
72.15805134
72.94602826
72.7604328
72.3176342
72.67333446
72.30974274
72.30974274
72.05955422
72.72565192
72.37141304
72.45441951
72.01892781
72.03208025
71.48815404
71.20610741
71.46360283
70.98836156
70.21762894
70.07119851
70.30092768
70.36435164
70.7188828
70.58297432
69.59069626
69.59244992
69.58514301
68.94447335
68.00451275
68.48443044
68.48443044
68.48443044
70.92961402
70.25650169
70.49733736
70.3661053
70.22405902
69.97094774
70.69287021
70.6955007
70.76067831
70.83024008
70.80072017
71.0137896
71.0137896
71.58109791
71.6909938
71.52702679
71.32447931
71.32447931
70.06915257
70.25971673
69.70351491
69.58309708
69.53107189
69.7777531
70.79224416
72.55583939
73.76147915
74.53484226
74.51496747
74.45446627
73.97659451
75.13225503
74.92707706
74.65759831
74.35859965
73.5647772
74.63889262
74.04820221
74.08385992
74.08385992
74.08385992
74.08385992
74.50093821
74.09701235
73.64515318
73.12080949
73.39934881
73.39934881
73.01383636
73.09392007
73.42331547
73.25174927
73.58991296
72.87734333
72.69554746
72.42285367
72.47721706
72.26005577
72.29395982
71.97508637
72.09404282
72.09404282
71.27128502
71.23270455
70.49967557
69.21862852
68.54493164
69.45537233
69.33641587
69.47583167
69.03975542
69.74151083
69.94318149
70.51838126
70.24451836
70.40468577
69.9960835
70.41433089
70.15625091
70.27871469
70.33424718
69.4755394
69.54802392
69.52201133
69.6900702
70.73817304
70.67299542
69.89934004
69.30981873
69.40071666
68.74221814
69.72046694
69.97474733
69.62138527
70.06593753
69.97533188
69.8505299
69.47904671
68.74309497
69.05466151
68.66797996
69.11925458
69.55240806
69.55240806
69.20489154
69.66581127
69.76109335
69.87537338
69.59215764
69.46823249
69.87040469
70.07090623
70.07090623
70.07090623
70.13608385
70.10042614
70.10071842
70.42397601
70.83374739
71.86109861
72.53859509
71.97537864
73.40110247
74.17768061
74.16335907
74.10519609
74.47083375
74.27997732
75.2880383
75.06269327
75.40553338
75.06415465
75.86089986
76.20666273
76.23939768
75.43680694
75.71446943
75.68407269
75.53033536
75.58791379
75.87492912
75.13400869
75.62035646
75.52478211
76.69885603
76.82248891
76.98353315
78.29000824
80.60980529
80.81849057
81.28788632
81.07130957
81.04178967
80.8304739
80.63464877
81.22241642
81.51761549
80.83427349
79.83527307
79.9299706
80.29414687
79.43953095
79.27965582
78.95201408
79.13614815
78.69977962
79.09142987
80.08692297
80.19944935
80.58671546
80.57005571
80.16729896
79.76775725
79.71807027
80.11410467
80.65978453
80.2777794
80.3777379
80.83398121
80.88279136
80.90997305
81.26655015
81.27181112
82.05101975
82.34125012
82.06212625
81.81456822
82.36054036
82.73173127
82.43477854
82.43477854
82.11385916
82.37836922
83.25198309
83.58839312
82.6548626
81.70817964
81.0277604
81.87214665
81.80755359
82.09953762
81.99344132
82.57214841
82.19745018
82.31231477
81.69911908
81.48721876
82.44559277
81.9937336
81.94346207
81.27619526
80.8871755
81.4138574
81.27648754
81.71051786
82.0232535
82.76768126
84.17762216
86.95833894
88.19905186
88.13738156
87.05391329
87.33245261
87.69370612
87.17170064
87.29416441
88.35103553
90.54836881
90.52294077
90.52294077
90.15876449
90.45922453
90.66820209
90.95024873
91.16010312
90.91839061
91.60144034
91.08469583
90.53989279
90.2511238
89.66306387
89.03028567
88.33203758
88.18151528
88.46180826
87.40932128
87.4584237
85.40167533
86.6318663
87.31082416
87.31082416
87.31082416
87.31082416
86.77157438
87.36664894
88.47496069
88.92448165
88.66318663
88.10903075
87.68172279
87.27779694
87.75040773
88.50155783
88.29433393
88.12832099
87.87374833
87.09863156
86.18088396
85.22104857
85.79683289
86.41528956
86.46936067
86.4579619
86.4579619
86.72130285
87.42072005
87.77320528
87.8123703
87.8123703
87.41984322
88.20197462
87.55633626
89.61279235
90.82047805
92.0793121
91.93668126
91.314425
90.9555097
90.65183462
91.05605275
91.43513512
91.98139954
91.98139954
91.98139954
91.98139954
92.52591029
92.07112836
91.69496876
91.21709699
91.4649473
91.4649473
91.4649473
89.73700978
89.94569506
90.79563456
91.07592754
90.3411449
91.22060431
92.10123282
92.03517838
92.37918759
94.394725
96.03644101
96.25710962
96.5262961
96.5262961
98.07945239
97.89882563
99.46250387
98.74613465
99.03051949
100.4162015
98.40270999
99.09657394
99.36751407
98.77945414
99.13866173
98.26300191
98.66926598
99.11264913
99.63436234
99.03022722
99.35553074
100.727768
100.8838436
101.3210889
100.0523175
99.8199578
99.0772837
99.79920618
100.0748227
100.2335288
100.1367853
98.61431803
98.68943304
98.86421427
98.44245956
98.49185426
98.5295579
98.21594543
97.89736425
97.94763578
96.3240409
95.67986392
95.70499968
95.07251375
95.61819362
95.94671218
96.94132845
97.42270753
96.7507643
96.38775713
95.63134605
94.19831532
92.99910563
92.99910563
92.99910563
93.84524554
93.11630843
92.39526279
89.90653004
89.33074571
90.31045589
88.38435503
87.41896639
85.78134225
86.07332628
87.22986362
86.59562404
86.88205482
87.21320387
87.29007254
87.43533387
88.80640202
88.56907366
88.7844813
88.87859427
88.19875958
87.3029327
87.66301711
89.02356332
89.45145583
89.30122581
89.84252153
89.74139392
89.0039808
88.19671365
89.01421047
89.27521322
89.47717614
89.82586178
88.92272799
89.28339695
90.15730311
89.74636262
89.6183456
89.58648748
89.5899948
90.2116665
90.69479924
92.28507462
93.25572423
93.58511963
93.09175722
93.14728972
93.00991986
92.84829106
92.00887351
91.42782821
91.80632603
91.92674387
91.51346517
91.93025118
91.6388517
91.38252538
91.2355104
91.05079178
91.29571932
90.70122931
90.81024838
90.05909827
89.97375359
89.79225
89.73642523
89.14573481
88.90109954
89.34682091
89.33892945
89.16619415
88.55095253
87.82669184
87.88339344
87.94184871
88.06022061
87.95324748
87.94097188
87.42978062
87.62443664
88.73654798
89.27521322
89.99772024
89.99772024
89.92640483
91.47371559
91.67743218
91.34394491
91.61254684
92.56624442
92.27455267
92.71442851
93.64620538
93.5965184
93.08532714
93.62106961
93.76048541
94.37221972
94.33831567
93.29196649
92.95643329
93.3092108
92.52298753
92.02290277
92.08515762
92.60336352
93.03797838
94.15768891
93.64883586
93.53630949
94.07175968
93.54653916
92.96783207
92.8181866
92.93831216
92.79071263
92.62469969
92.56770581
92.57705865
92.19914538
92.25233967
92.61154725
92.23012667
92.32716241
92.40929205
92.53000216
93.50123633
93.82624758
94.85155286
95.34374616
94.54787778
94.47656236
94.56746029
94.92579105
95.43639775
95.43639775
95.43639775
95.43639775
95.43639775
97.29469051
97.78542243
97.23009744
97.00387558
98.61285665
98.90922482
98.34630066
98.41936974
99.25644908
99.24884989
99.10709588
99.83983258
99.37745147
99.14304587
98.84726225
97.88859596
97.00212193
97.05327028
97.21811412
97.18333324
98.11043368
97.99498454
97.94938943
98.63156233
98.30479742
97.80529722
98.47519451
98.24488078
98.20659258
97.95903455
98.25598728
98.65465216
98.18467186
98.0756528
97.84826183
98.1940247
98.33314823
99.07991419
99.40521772
100.8636765
101.177289
101.397373
101.0583325
101.4350767
101.791946
101.6493152
101.3468092
101.3468092
100.4778718
100.0178289
100.2864308
99.85883054
99.7878074
99.69398671
99.69398671
99.97574107
100.1435077
98.96388049
99.58409082
99.72409117
99.72409117
99.72409117
99.72409117
100.1601674
100.2130694
100.0827142
99.32513401
98.90367157
98.6233786
98.69030987
98.1151101
98.51377498
98.37611284
98.81160454
97.76496309
96.84692321
96.56195381
96.2179446
96.76567039
97.42095387
98.10020401
97.73602773
98.02128941
97.78659153
97.32830228
97.22132916
97.3540226
96.6829562
95.64683669
94.90153211
95.26483156
95.45831848
95.41915345
95.62550052
95.24320311
94.87990367
94.20532995
94.26963074
93.5225725
93.63042246
92.63376025
92.77668337
92.99559832
93.64620538
93.18937751
94.01330442
94.22462019
94.01535035
93.14173647
93.22357384
93.53689404
93.53689404
94.33510063
93.66637244
93.66695699
93.63772936
93.7976045
94.46194855
94.46194855
95.63426881
96.81652647
97.06262312
96.65606678
96.63999158
96.69464725
96.32842504
95.65794319
95.31188805
95.00149061
95.20082305
94.68320171
94.98336948
94.35702135
94.35702135
94.57915135
93.03505562
92.55279971
92.80678782
92.81730977
92.0582682
92.04365439
92.08954177
92.54110866
93.14027509
93.71196755
94.07848203
94.01125848
95.09677269
95.45247295
95.19380842
96.09781903
95.78186835
95.6702188
95.55535421
95.47468595
96.47456319
96.35209942
95.85961384
95.13243039
95.48754611
94.98483086
94.87230448
95.37940387
95.87276628
95.89644066
96.5374026
97.02375037
96.622455
97.37974291
98.05577801
97.79506755
98.58567495
98.24049664
97.96166504
98.21886819
98.9922313
98.78033097
100.6319014
100.8774135
100.4270157
99.94300612
100.1207101
100.4454291
100.5111913
100.7429664
101.8182509
100.9624659
100.8215887
101.2711097
101.030274
100.605012
100.0774532
100.1277247
99.21114625
98.85047729
98.81072771
98.61607169
98.75402611
98.47957865
98.50091482
98.76250212
98.01193656
97.95318903
97.29936693
97.51155953
97.51155953
97.48087052
97.41335469
97.27452344
97.50717538
98.29018361
98.04291785
98.14930643
98.35769943
97.8856732
97.72638261
98.15427513
98.50179165
98.68651028
98.51582092
98.63974607
98.7145688
98.60525747
99.13340075
99.52271279
98.98930853
98.89636467
99.40901731
99.06909996
99.00538373
99.45461241
99.20734666
99.06997679
99.61039568
99.46133477
99.4116478
99.31958076
99.29035313
99.07669915
98.97820203
97.90028702
97.61736355
97.3551917
96.89836384
96.83932402
96.90362481
96.76713178
96.79139071
97.34963845
97.34963845
97.891811
97.891811
97.891811
97.69773954
97.26604743
96.95886503
96.2980283
96.02416541
95.4235376
94.94888087
95.22391288
95.13593771
96.23109703
96.83084801
96.5274652
96.54178674
96.49209977
96.63560744
96.22232874
95.99844509
95.70558423
94.70629154
94.43622823
94.44704246
94.69489276
95.31218032
95.63514564
95.98879997
95.76462404
95.961326
95.99552233
95.69330863
95.68278668
95.96366421
95.9057935
95.72604357
95.94875812
95.34286933
95.34286933
95.6591123
95.55944608
96.1735186
96.16679624
96.16679624
95.56236884
96.0796979
97.00972111
97.54867862
97.8067586
97.8067586
97.39523356
97.60771843
97.63957655
96.94980447
97.21665273
96.49034611
96.78116104
96.92086911
96.89485652
97.48934653
97.75151838
98.1607052
98.22442144
98.22442144
98.22442144
98.22442144
98.22442144
100.2206686
100.466473
99.69661719
99.21962226
99.5411262
99.31052019
99.69983223
99.98421708
100.0549479
100.2045934
100.0023382
100.0292276
99.91553215
99.83544844
100.3492702
100.0192902
100.3749905
100.6470997
99.97837155
99.97486424
99.75974888
99.19244057
99.40521772
99.42538478
100.3995417
100.4343226
100.5129449
100.5421725
100.5480181
100.5816298
100.6058888
100.7169538
100.7625489
100.5208364
100.8268497
101.0764536
101.3269344
101.7092318
101.8556623
101.205932
101.0980821
101.1933642
101.6659749
102.8786293
102.6073969
103.0700703
102.8824289
102.8824289
102.9072724
102.1342016
102.3294422
102.4618433
102.5819689
103.2647263
103.463182
103.6128274
102.9493602
103.085561
103.6186729
103.5985059
103.6420551
103.6420551
103.9787574
103.9167948
104.255543
105.1312028
105.5228531
105.6783441
105.5924148
105.5506193
105.5506193
105.3241052
104.7047717
104.310491
103.0870223
102.7412595
100.5450953
100.7692712
100.9563281
100.2875999
101.1609215
101.0396268
101.0296894
100.8116513
101.1793349
100.9358687
100.9940317
100.2297292
99.71824564
99.01912072
98.78179236
99.26171005
97.4773632
96.01422801
95.46387173
96.57598307
96.16884218
96.19134745
96.67214198
97.35723764
98.08763613
97.87836629
98.23406656
98.09640442
98.54241806
98.92734596
99.53177336
100.0426723
100.1578292
99.56275465
100.0853447
100.030689
99.9321919
100.319458
100.2028398
98.53014246
97.23652752
97.95085082
98.28989133
98.8466777
99.62588633
99.21962226
99.98217115
100.7441355
100.9715264
101.0022155
100.985848
101.0291049
100.896996
100.9431756
101.4911937
101.5063921
101.7425513
101.9564976
101.9822179
101.7507351
102.1412162
101.8229273
101.1340321
101.6782506
101.844848
101.8562468
102.2990454
102.6866038
102.6246412
102.9704041
103.1068971
103.3196743
103.8793834
103.8793834
104.0904069
105.147278
104.6153352
103.6999258
103.7013871
103.5631405
103.5105307
103.077085
103.2334528
103.5838921
103.7086941
104.3455641
103.9542061
103.3322422
103.9565444
103.9527448
104.0670248
104.235376
104.288278
104.6571307
104.26928
104.4943328
104.2412215
103.8168363
104.3733304
104.7401371
104.6156274
104.6319949
104.8590936
105.5371746
106.4718743
106.4508304
105.5891998
105.3983434
105.8072379
105.777718
105.777718
105.777718
105.777718
106.0109545
107.057596
106.6896201
107.0225228
107.0678256
107.7795184
108.0016484
107.3773462
108.6256584
109.0678724
110.2960174
110.5538051
110.6286279
111.7310941
111.3657487
111.9885895
112.5097182
111.7752278
112.1376504
112.8814936
113.2632065
115.0978249
116.1158233
114.6366129
115.4774918
117.4909833
117.4114841
116.9485185
118.3166638
119.2472716
119.4477731
119.5711137
120.2024306
118.6720718
117.6961612
117.0592912
118.8100262
117.9144916
115.3521053
117.0967025
116.9803766
117.2559931
117.2559931
117.1586651
117.8083953
118.4563719
119.4857691
119.4857691
119.4857691
121.5910353
121.918677
122.1337924
121.140053
122.0288652
121.3344167
120.5166276
122.2752541
123.5241508
124.5848215
125.2649485
126.1052429
126.0754307
127.2158928
128.8391954
130.6770288
130.1304721
128.7971076
129.5012013
129.690304
130.7267158
130.7267158
133.3718164
135.6416342
137.2386319
138.3285303
138.4366725
137.4400103
136.1914059
136.3188384
137.7881114
138.9291581
139.2272799
139.2272799
139.2272799
140.8234008
140.5778887
141.509081
140.1470734
136.0712803
131.4343167
129.5763163
127.739652
121.5182585
123.7030239
126.8505474
130.300577
130.5808699
132.0276376
131.9998714
127.7221154
129.1615762
129.7049178
130.9453385
132.5613342
133.0976612
134.6996276
136.0964161
137.369864
137.8486126
136.5041416
136.5278159
137.8769634
137.5990086
138.8753792
140.8336305
141.7823594
141.6856159
143.6546814
144.9731398
144.9038703
144.5902578
144.7685464
147.1617048
147.7360277
147.5799522
144.8287553
145.3130572
145.7365655
145.2265434
145.0576077
145.0576077
146.2515564
145.0982341
145.0982341
145.0982341
147.9178236
150.5030075
151.021798
149.3184117
149.1982861
150.367099
149.5379112
150.7154924
149.0273045
149.8933191
151.2357442
150.7783318
149.391773
152.2902771
150.3156584
148.4278457
147.9745252
148.9746947
148.6023347
147.7746082
148.6870948
150.2510653
150.2075162
151.3833438
151.5055153
150.6009201
148.8151119
149.3423783
149.6948635
148.8040054
149.1439227
149.1871796
151.0019232
151.7817164
152.9063956
152.4700271
153.0174606
150.8563696
149.8556155
148.88935
148.1639202
148.4912697
150.5360347
151.5616323
151.7676871
150.9802947
151.2442202
151.6382087
150.5579555
149.2166995
150.3045519
152.9867716
152.4030958
151.6399624
150.3168275
151.5101917
152.2025942
152.6427624
153.2387138
151.4575819
151.3278113
148.8487236
148.1621666
150.638916
146.7639167
146.1290926
146.0712219
140.9262821
140.8681191
142.8871638
143.5275412
140.5486611
140.7745907
140.5334627
136.8297374
132.0504352
130.9684283
136.7590065
135.1497332
137.5501985
141.0458231
139.6326671
139.7574691
140.3244852
138.564105
139.530955
139.530955
141.1361365
141.4459493
143.111632
143.2867055
143.5702135
141.8910862
141.5301249
142.0188109
141.6689562
142.2637384
141.247786
140.7924195
143.1516739
144.8708431
144.230758
145.5623688
145.1222007
145.1017414
146.5566928
146.5435404
147.2672165
149.8442167
150.0040919
150.3513161
150.669605
149.6998322
150.4977465
151.2988759
151.7673948
150.8008371
150.8008371
150.5702311
150.8119436
150.7078932
150.1324012
147.8456313
148.5964892
148.7145688
150.5293124
153.2819706
155.2069024
155.066902
154.7585505
153.4836413
152.4714884
151.1200028
151.9141175
155.6023522
155.6023522
153.5204681
151.3886047
151.4757031
151.4029263
152.1572914
151.5639705
150.9826329
150.1850109
148.672481
146.8410777
148.0502248
149.3163657
149.6711892
149.8363253
150.70234
152.1365398
154.7737489
154.3040609
155.3445645
156.7340461
156.3590556
155.3051072
156.2371764
155.1510776
154.0074004
153.1542459
151.9982931
151.1416313
151.1875186
151.1875186
153.4880254
155.5284063
155.5284063
155.8347119
157.7540904
158.5929234
158.5315454
158.5315454
157.488119
157.5617726
161.1895061
161.9459172
164.6056316
164.3317687
164.3317687
167.6061401
166.7898124
166.9777461
160.6078763
161.3838699
158.704573
155.1110358
149.0883902
149.0883902
152.4033881
154.8628932
152.1453081
153.0323667
152.280632
153.4292779
153.4292779
156.469536
158.4768897
156.4031893
156.4031893
156.4031893
155.3208902
156.6858205
157.5936307
159.3388125
158.2039036
156.3795149
158.2024423
157.3346739
154.3441027
151.6680209
152.1412162
152.699464
152.7792554
151.9991699
150.6959099
147.5960274
145.5156046
141.5733818
143.9180223
143.3381461
129.3837062
133.5407521
136.5286928
132.8465959
132.0770323
130.3075916
130.5785317
131.6593695
131.6593695
131.7490983
133.0111474
136.1425958
138.0380076
139.1305364
139.4070298
138.0710348
138.4504095
137.1360429
135.4925733
134.8393357
134.6902748
135.2657668
135.6381269
138.1227677
137.6039773
135.898545
136.8992991
138.053206
138.3478205
139.6750472
140.9990589
140.4852371
140.906115
141.6917537
140.9163447
141.9419422
140.4267819
139.5607672
139.5607672
138.0643125
138.7421012
138.6865687
139.9763841
139.2304949
139.9795991
140.8716264
139.8705801
139.9968434
140.753839
141.280521
141.280521
139.5759655
138.8879471
138.4962969
138.1666092
138.2934571
138.3942924
136.4997574
136.7554992
138.3972152
136.5690269
136.0487751
135.6571248
131.773065
134.1454718
132.2795798
132.2009575
131.6485553
131.2753184
132.0115625
133.0213771
131.7751109
130.0623718
128.2666261
129.4348545
128.3589855
128.7687568
129.6230805
128.9908868
127.4272086
127.1995253
125.7708788
123.509537
123.509537
121.2885293
120.5014292
119.7663543
122.2191371
121.5810979
123.0120827
122.5868207
120.3409695
119.3641821
119.3609671
117.3787492
116.8997083
117.8040112
121.4723711
121.8608063
122.043479
123.437637
122.9887006
124.2826078
124.6871182
124.4775561
123.2412273
121.0474014
121.6980084
121.3867342
120.2114911
121.3107423
120.2711155
119.4644329
118.6513202
116.6179539
115.549684
113.7726441
114.1867996
114.0199099
115.9091839
115.0925639
114.3288459
113.7819969
114.0245863
118.2038452
118.2038452
116.6989145
116.5437158
116.388517
114.7333563
115.7303108
114.8347762
114.0272168
111.2795272
112.102285
111.0723033
108.5955539
107.2209784
105.6625612
109.6375189
110.5912165
110.5099637
110.6061226
110.0987309
109.660901
109.5597734
108.9185192
108.9185192
108.9185192
109.024031
106.9927106
106.8144221
103.8264814
103.5312823
99.83164885
101.8273115
103.7987152
102.0953288
98.69907816
96.88667278
97.31047343
98.233482
96.56049243
95.23648076
91.31062541
91.31062541
88.10932303
88.07980312
91.14168971
92.51977249
96.98370852
97.60713388
98.86421427
96.2635397
95.67986392
96.85452239
95.75439437
95.28646001
94.25004823
94.57681314
95.09121944
95.02311906
94.43096726
93.05229992
92.97543125
91.86858088
92.66824886
92.30290347
93.62925335
92.74716346
91.03033244
90.90669956
91.06072917
91.10194013
89.8638577
89.8638577
88.79149593
91.68532364
92.45196439
91.43981154
90.52557125
91.49183672
92.31284087
94.51280462
93.93672803
93.65146635
93.62486921
93.14202875
93.14202875
92.95351053
92.95351053
94.68963179
93.89113292
93.89113292
96.29539782
99.5139445
99.83632527
100.7178306
98.7467192
99.56684651
100.0815451
98.68797166
98.72070661
97.14913691
96.90157888
96.17001128
95.2508023
94.16558037
95.23794214
94.54992372
94.54992372
94.54992372
95.23501938
95.62842329
95.68541717
95.68541717
95.48170058
95.07339058
95.44808881
97.37214373
97.37214373
98.01456705
97.29030636
96.93139106
98.75753342
98.40797096
97.51506684
96.8840423
97.46274938
96.50934407
96.34362341
97.37565105
97.65155988
97.2035003
96.83493988
95.2791531
94.12232348
93.94900363
94.13635274
92.64574358
92.64574358
92.49902087
92.11643119
90.81404797
91.27146039
91.23492585
91.23375674
91.91066867
92.71179803
93.24315635
95.44633515
95.66817286
96.07122189
96.92145367
96.89251831
95.02691865
95.17334908
96.68441758
99.26843241
99.64342291
101.5858912
100.8476013
99.30964336
100.4562433
103.1747052
102.7737021
103.7624729
103.9170871
104.5545417
104.9684049
105.161015
104.8634777
105.2530821
106.1562158
107.8710009
106.3970515
104.7144168
104.5039779
107.738892
107.738892
109.6585628
109.4405247
111.0196936
111.2128882
111.0468753
111.0118021
110.9814054
110.7467075
109.64921
110.1595244
109.883031
110.9010294
113.110346
112.4527243
113.66041
114.7617071
114.4527711
113.7416628
113.233102
113.0250013
115.0019583
115.2202887
113.8731872
115.0221253
116.4232979
116.2257191
115.9550713
117.1376212
117.8253474
117.6818397
118.4701089
116.388517
116.1693098
114.3919776
115.1098082
113.7036669
113.2430394
114.7766132
116.7453864
116.9830071
117.0440928
116.8462217
117.3945321
118.0205879
117.5126117
117.0163266
117.0584143
116.8868482
116.9263055
117.0274331
116.4998743
118.0761204
119.7342039
121.0167124
122.2404733
124.3077436
124.0192669
125.2906688
125.9102946
126.251381
126.376183
128.1801124
127.3512167
126.9361844
128.8266275
128.6281719
129.581285
129.5044163
129.9916409
129.9837494
130.2754412
130.0439584
129.1720981
129.7151475
130.1588229
127.9243706
127.3211123
126.2128005
127.1863729
127.2576883
128.5930988
127.9959783
128.2131396
128.7412829
128.3268351
128.3268351
127.7329296
127.4663736
128.181866
128.5963138
129.9437076
131.168053
130.4382391
130.937447
131.5918537
130.8588247
131.4296403
131.9604141
132.8840072
133.4524846
133.4524846
133.4524846
133.054112
132.9728592
132.6829211
131.3527717
131.7239626
130.9438771
131.5658411
131.1382408
132.4879728
131.9621678
132.6162821
133.5220464
133.8377048
134.070649
134.0554507
135.4349948
135.6930748
136.9370028
137.3108242
137.6519106
136.8086935
136.9919507
137.7544996
136.8645182
137.028193
135.7255175
134.8083544
134.9881044
134.7870183
134.7224252
135.9935348
135.9178353
136.4109054
137.2666904
137.9471097
137.3374213
137.653372
137.5563363
138.2957953
138.5743346
138.0678198
138.2440624
138.0131641
137.6904911
137.9815983
137.7121195
137.3847701
137.3847701
135.8926995
136.7534532
137.2582144
137.4315343
137.0542056
136.4772521
136.0487751
135.3818005
135.8020939
135.9505702
136.6476492
137.3125778
137.0562515
136.8881926
136.8881926
135.4808822
136.0946625
135.997919
136.500342
136.500342
137.4642692
137.8538735
137.2000514
137.3122855
137.3122855
137.9684458
139.3143782
139.7983878
139.5303704
139.7130431
139.8027719
139.7887427
139.3333762
139.8422292
140.2221884
139.8796406
139.9766764
140.5276172
140.5016046
139.8489516
139.5216021
137.7258565
136.0467291
135.8739938
135.5098176
135.5098176
135.6834297
136.1957901
136.0353304
133.9438011
132.9792893
132.8658861
133.9844275
134.3015473
134.8153691
134.8153691
134.8153691
135.2985018
135.2166644
135.0158706
135.9640149
136.1613014
136.6140374
136.1905291
136.1905291
137.5066493
138.0239783
137.8190927
137.4324111
138.9949202
141.4275359
140.6705403
141.6841545
141.1565958
139.9196825
138.6798464
138.7356712
139.3374681
139.3187624
138.4521631
138.1791771
139.5607672
140.0529605
140.3092868
140.7672838
141.2431096
141.4009388
141.5681208
142.4607327
143.0034898
143.5216957
143.79702
143.8370618
142.4785615
142.5279562
143.1963921
142.8173098
143.0154731
143.5325099
142.8529675
142.0565145
143.05873
142.9368508
143.2969352
143.1724255
143.4343051
143.3945555
142.4931753
142.7883744
144.0045361
144.0483776
143.5480005
142.7217354
142.1588113
142.2134669
142.225158
142.9874146
143.4392738
143.6497127
142.8819028
142.3826949
141.9217752
139.4529172
139.0902023
137.0597588
135.7278557
133.1838827
132.7989548
135.0138247
135.0138247
137.0349153
136.7712821
135.9204658
137.9272349
137.9143747
137.0781722
137.0425145
137.4400103
137.6162529
137.8059402
138.1473189
138.2116197
138.8303687
138.9727072
140.5346318
142.2719222
140.9762613
141.8966394
141.4526717
141.4988514
141.4082457
140.8187244
140.108493
139.5631054
139.3696185
138.3750022
139.289827
139.8445675
140.4332119
141.2904583
141.350375
142.0679133
142.8976858
142.1553039
142.4890835
142.0588528
142.5791046
143.0400243
142.4835302
143.4474575
144.1381064
144.1132629
144.4847461
144.6703416
145.0476703
145.4320136
145.494853
145.3183181
145.419738
145.2718462
145.3343933
145.1455828
144.4189839
143.9066236
145.0815743
146.2942287
147.2309743
148.0873439
148.858661
149.0179516
149.9345301
150.0908979
149.0407492
150.152276
150.2794161
151.8290651
151.8290651
152.7634725
153.9451456
153.4944555
153.574247
153.5830152
153.3044759
153.8054375
153.8054375
156.0597647
157.6675766
157.4004361
157.4004361
156.8734619
157.2876174
158.3740085
158.241315
156.3751308
155.7034798
157.1785984
156.6171356
156.8474493
157.1256963
157.4159267
157.0780553
158.1533398
159.0059098
159.285326
159.2192715
159.9636993
159.8953066
161.0758106
161.1401114
160.4290032
159.4177271
160.3603182
160.2238252
160.8294217
160.8510501
160.9413635
161.5823255
161.8053323
161.7679209
162.5062109
162.8651262
162.4842901
162.7154807
163.166463
163.166463
163.9275505
164.6798698
164.752062
163.069135
161.5481291
161.8079628
162.0730574
162.0730574
161.4244963
162.4308036
162.1183602
160.3112158
160.5315921
161.5060414
160.9679607
161.1547252
159.9619456
159.9476241
162.1630785
161.6866681
161.9979424
161.9979424
163.1153147
164.2899732
162.3627032
162.7952721
163.0290932
163.0618281
161.629382
161.8111778
161.3122622
162.1925984
163.5151487
163.523917
163.1392814
163.2898036
163.8837091
164.668471
163.8547737
163.8547737
165.6537344
167.5608373
169.2373342
169.3787959
169.6804251
168.8851413
168.8079803
169.4872304
170.2939131
170.0624302
170.5283187
169.8651437
169.5448089
169.5448089
167.1767862
166.6340291
164.6523958
163.9272583
164.8596197
164.2595764
163.9877595
163.9877595
165.3304768
165.3304768
165.3304768
165.6154462
165.9492258
165.3673036
161.9792367
160.749338
162.0379842
162.0379842
162.2294252
162.3363983
163.4564011
164.3034179
162.6213677
162.008172
159.732801
159.7865798
160.0326765
161.1754768
160.6154754
161.4204044
163.2114736
162.5018267
162.8052095
163.6177377
162.9750221
160.6388576
160.8142233
159.4513389
160.404452
160.2580215
161.6138913
162.2522228
162.3898849
162.8031636
163.141035
163.5040422
163.3704719
164.0637513
165.1761549
166.8129022
167.9951599
167.9732392
167.7283116
167.751986
168.785475
168.1936155
166.7737372
164.7415401
165.9471798
164.7894734
164.3978231
165.1928147
164.5167796
165.6537344
165.066259
164.66321
164.7386173
164.9189518
165.2480549
165.8153632
165.7779518
165.7779518
165.3199549
165.1036704
164.1792004
163.5923096
163.9336884
164.2446703
165.7013755
165.2617919
166.0798733
165.5146109
165.5146109
166.1678484
166.5054276
166.2523163
164.8724798
165.2913118
165.2498086
166.1359903
166.9800843
166.2777443
167.6672259
167.7093137
168.0644294
168.4093154
167.4214215
167.3962858
167.7508169
167.6648877
168.3736577
167.3083106
167.6128625
168.4961215
168.2304423
169.0599225
168.5186268
168.5946186
169.4504036
168.8906945
169.1400062
168.9526571
170.0273571
170.432452
170.9600108
171.4714943
171.2841452
171.307235
172.4658183
172.3532919
172.7227292
171.9972994
170.7352503
171.1254391
170.8381315
170.5291955
168.6989613
167.7835519
168.5005056
169.1584196
169.3054346
168.6866856
168.8041807
168.4478959
167.712821
167.4518183
168.4581256
168.1395444
167.0110656
167.277037
164.4895979
161.0404452
158.3403967
159.1280813
158.8752623
159.4393556
161.4490475
161.3999451
161.9406562
161.9833286
159.7348469
158.2553443
159.4744287
157.7318774
157.2303313
154.6577152
154.8555863
154.8555863
154.8555863
154.8555863
158.2585593
156.9187647
155.8540021
157.0511659
157.5714177
157.3986824
154.8006383
154.9087806
153.6517002
153.0782541
153.0782541
151.1068504
150.722507
151.6171648
147.6436684
145.2890905
141.7619
145.5641225
146.7446265
148.358284
148.6455916
146.3541454
145.1280462
146.4298449
148.725383
149.4785791
149.1398308
150.9826329
152.885644
154.8664005
154.3932052
157.0809781
154.2029333
155.5465275
154.5931222
154.1292797
155.4383852
156.4967177
156.4967177
157.98002
159.5255771
160.4994418
158.3699166
158.0267842
157.0888695
158.7954709
158.7954709
159.0681647
159.922196
158.0726716
157.7184327
158.9816509
158.8512957
158.801901
157.397221
156.1994727
154.096837
154.3961279
153.7379217
155.185274
153.6125351
153.6125351
155.1107435
158.002233
159.257852
159.8897534
159.7792729
158.8182684
159.0947618
158.0118781
156.4142958
157.219517
156.9529611
156.5084088
156.5306218
156.8015619
157.8800615
156.5203921
158.6361803
159.3358898
160.082948
160.082948
160.5380222
161.0120944
161.2646211
163.5335621
163.5335621
162.35715
161.4484629
162.62166
162.5056263
163.2991565
163.3280918
163.5981552
164.0716428
163.8235002
162.0610741
163.1597407
162.9729761
162.990805
163.5838336
163.5838336
163.5838336
163.3476744
163.8989075
163.6984059
162.8008254
163.7887193
163.7887193
165.343337
165.6271373
165.6271373
165.6271373
166.8915246
168.0144501
167.5321942
167.6797938
167.9428424
167.5508999
166.4259284
167.2045525
167.6008792
167.8496063
167.3357846
166.7065137
166.8082258
166.8093949
166.6024633
167.8241783
168.179294
169.4027626
169.8122417
169.7996738
168.0691058
168.5037207
168.5615914
167.1975379
167.0800428
168.5069357
168.882803
167.912738
168.2725301
168.7933665
169.1508204
169.1648497
169.4164996
169.0669371
169.6357068
169.0423859
169.2390879
170.5134126
171.2467338
171.3271098
170.5546235
169.8689433
170.3739968
169.5825125
170.1331611
170.1331611
170.5417634
170.7147909
170.0437245
169.779799
170.0837664
169.8511144
169.1341607
168.365474
168.0840119
167.6210462
167.5476849
166.2584541
166.5092272
166.5092272
167.774199
167.8855563
168.7337421
167.9390429
168.6533661
167.8282701
168.0524461
167.6035097
166.5624215
164.7380327
161.8766477
162.9875899
161.6898831
162.2212415
163.3763174
162.3024943
163.2360248
163.4336036
164.0897639
165.2340256
166.2336106
166.7260962
165.990729
163.7425396
164.2458394
165.3024183
166.1479736
165.6274295
166.4569097
166.0673054
166.0643826
165.3927317
166.3110638
166.8257624
168.0939493
169.0040977
168.9617176
168.9845152
168.8339929
167.9635941
168.604556
167.9831766
168.5586686
168.7863519
169.5392556
170.1588814
170.2573785
171.0018063
170.9044783
171.3084041
171.4998451
170.8746661
170.8916181
171.8079043
172.038218
172.5283654
172.5035219
172.6259857
171.7111609
171.2642704
171.4527886
170.0901965
170.3772118
171.1304078
171.162266
171.2107838
171.2370887
171.1952932
171.4010557
170.2407188
170.8623905
171.6801796
172.0481554
172.2375505
172.9343372
172.9416441
172.602019
172.1519135
172.1519135
172.1519135
172.5102443
172.4541272
172.0192201
172.0408485
171.8111194
171.4656488
171.587528
171.587528
172.1881558
172.1764647
170.5017215
168.2193358
168.9064774
168.1474359
167.3544902
167.4760772
169.2884826
171.1412221
171.1412221
170.671534
171.085105
169.1058099
168.9818847
167.8516522
167.9448884
167.7081446
168.338
169.4685248
170.3009277
171.1648964
170.9515347
172.1910786
172.0607233
172.23492
172.5266118
172.1063184
171.6810564
171.6591357
171.6527056
171.5220581
171.9867774
172.6221861
172.4023943
171.9458587
172.2089074
172.6283239
172.9717486
172.9717486
172.8609759
173.0027299
172.9106628
173.5305809
172.132331
172.1352538
171.6597202
171.7079458
171.0932888
170.9217226
170.5590077
170.5590077
170.0998416
170.0998416
169.6856861
169.0201729
169.1274383
169.0061436
168.6004641
168.1652647
167.3553671
166.2306878
166.9417961
167.0651367
167.2615464
166.8991238
166.7477246
167.4307744
167.5888958
167.7470173
169.0423859
169.9086929
170.5806361
170.7481104
170.7013462
170.184894
171.1631428
172.0653997
172.5342109
171.2446879
172.1709115
172.1709115
172.3471541
172.6172174
173.4247768
174.7236528
174.7236528
173.0714148
174.9948852
175.1269941
175.4034874
174.8665759
174.9077868
174.4258232
174.0093295
174.182357
174.4018565
174.2197684
174.0701229
173.7223141
169.6061869
168.852114
169.4308211
169.4308211
169.802012
169.802012
170.0425554
169.0391709
169.0032209
169.0032209
170.207107
169.9110311
167.9089384
168.1673106
168.654243
168.654243
168.654243
169.4647252
169.4480654
169.1364989
168.3152025
167.6792092
167.7248043
167.8753266
168.7185438
169.3194638
168.8871872
168.9497343
170.4616797
170.5078593
170.4350825
171.0164201
172.0554624
171.9809319
172.4135008
172.9255689
172.771247
171.6088642
171.1666501
169.9560416
169.224474
169.6997153
170.3944561
170.5163353
169.9788392
171.7628938
172.6224784
174.370583
174.9589352
174.6353853
174.1838184
175.9558897
176.1438233
176.6094195
176.6781044
176.6494613
176.9133868
177.4622817
178.4756037
177.5540565
177.3056216
177.6396935
178.8026609
178.2894237
178.1985258
177.784078
177.0583559
177.7951845
177.5023236
177.992471
177.6648292
178.6173577
178.6173577
178.0632018
176.3218196
183.3113152
186.2568758
185.7959561
185.0059332
185.9970422
187.7428085
187.6492801
187.403768
185.5115712
185.9613845
187.1468572
188.3361294
187.8147085
186.5111562
186.5111562
185.7754967
187.2316173
187.8667337
186.8271069
186.5865635
185.9166662
187.4470249
187.2094043
186.1706543
187.0834332
188.5126643
187.4622233
187.0156251
183.3171607
185.4475627
186.4810517
186.8744556
186.8019711
185.5182936
184.4698985
182.5917309
181.4904338
182.9725669
184.294825
186.8960841
187.1714084
186.8104471
186.5284005
186.7809272
187.0273161
185.8479812
186.3354981
186.5766261
187.7457313
188.389616
188.4892822
188.4740839
188.7681138
189.1249832
189.7525004
189.6598488
190.5659054
190.98123
190.7704988
190.6690789
189.6852769
189.2185116
186.5722419
186.9580467
187.545522
187.7290716
187.7822658
187.0942474
187.0942474
187.0942474
187.7217646
188.919513
188.8283227
188.5015578
188.12306
186.8160004
183.2870563
183.1491018
180.3680928
180.3105143
180.4040428
178.2140164
176.3188968
178.256981
180.9631673
179.7671727
180.4359009
179.654354
180.1453782
180.3137294
182.837243
184.7969556
185.1883136
185.5890244
185.4861432
185.4861432
186.1288588
185.6661854
188.0175483
189.1179686
188.5933326
188.1435194
187.2020974
186.0119483
186.2723664
185.3259758
185.5559972
185.7494841
185.8041398
186.3392977
186.4547469
186.4138282
185.5866862
186.3305294
187.3736636
187.1813458
187.1813458
187.8278609
188.4536245
188.9563398
189.4289506
189.4032302
190.5428156
190.8830252
190.8295386
190.8526284
190.4940054
190.8675345
189.6692017
190.1745474
189.7823126
189.7823126
189.4476562
189.8080329
189.4333347
189.3953388
188.4089062
187.1299051
187.3736636
187.8863162
188.3305762
189.7872813
188.4089062
188.0073186
188.0213479
188.3922465
188.1496572
188.3513278
189.3392217
189.7343793
190.3852786
191.2933811
190.5659054
190.8181398
190.9040691
192.4291668
192.5712131
192.7176436
191.633883
192.0901263
191.8691654
193.3621128
192.7819443
193.4150148
192.4730083
191.927913
192.103571
192.103571
192.8094183
194.6314688
195.5638302
194.9564801
194.9564801
193.6318838
191.7443635
191.208621
190.6471582
191.1700405
190.8663654
190.6898305
191.5608139
191.5608139
190.2078669
188.9738763
188.9738763
188.450994
189.2152966
189.12586
188.5389692
187.8372138
185.0833864
185.3718631
186.291949
187.9503247
187.9503247
187.9503247
184.986643
185.8830544
187.1284437
188.2908266
189.0726657
189.7399325
190.100017
189.0238556
189.3135014
190.1157999
189.9038996
190.3917087
190.1716246
190.378264
