100
98.33169909
97.65396782
97.72587701
97.23863233
91.80121298
85.95852307
88.03217317
90.36821905
94.2410141
95.36981922
94.42882721
92.43719053
89.01259924
89.402969
89.82880189
90.85526714
89.12850316
87.28048827
85.18273739
83.3781275
90.50755538
85.80314576
83.90272248
83.8981225
84.08825525
83.919825
83.86246278
82.81771553
84.14054569
82.64794852
82.69052788
78.45008779
80.56364376
79.94905417
77.67037051
74.66477111
76.00973624
73.08685796
70.70768229
67.56034828
71.61093082
70.66773711
70.09729953
69.96165892
70.32372107
70.67261231
69.70464945
71.59870351
73.1518475
72.93132339
73.10513995
74.12421378
73.40626211
73.97473389
73.2925599
73.2925599
73.74780125
74.29728333
78.70945623
82.23041133
82.70912441
81.9537438
82.49229601
82.93043484
85.73151179
84.37062362
85.03667801
84.23266336
85.48857749
82.98449451
81.62730206
80.15554243
80.15554243
80.15554243
79.87973985
78.63562056
78.98753915
80.61848974
83.98603334
86.97166015
87.2093261
87.58216086
86.85025198
85.98136573
85.98136573
86.57063573
88.55582457
88.07510637
88.07510637
87.20472611
88.19502053
87.53254392
86.78667781
87.74779967
88.85619972
90.10177371
90.29241757
88.34772434
88.23610588
91.98446541
92.54715772
90.7863853
89.00473602
87.59285485
88.02026038
86.93057481
87.15349721
90.1583496
91.07343229
90.51836731
89.58704707
89.13860741
88.64747044
87.67695203
88.39533616
88.67109943
88.75008551
89.13966894
91.12116206
90.5871312
89.47873116
89.89756578
90.94970446
91.20018746
92.54755088
93.27560679
95.64389189
95.78833931
96.37941785
96.34336497
96.03658129
100.1191672
104.7306728
107.0984468
110.9519376
109.2632316
109.9282245
111.8222786
110.450775
110.4274606
107.8550855
106.0796482
106.5128725
107.1463338
107.9894287
106.6224858
103.1822074
103.3919982
103.8583267
102.8324119
102.7408447
105.3364162
107.1356791
108.5380851
110.3561805
109.175596
109.7294029
110.4626092
109.0301264
108.7965493
108.9818855
108.2879953
108.210346
108.1480692
108.1603359
108.3624993
106.9089824
106.5777048
107.0796144
107.9074546
107.5020661
107.4893276
108.9492531
108.9492531
111.7022858
112.2676516
112.5909873
113.5574562
114.1321006
113.516017
112.6317581
111.4341891
111.697843
111.0741714
110.010749
110.8341465
110.6079609
110.4230179
108.8741986
106.478982
104.5119179
101.7693433
103.606507
104.4607283
100.771972
100.0789075
99.49191779
102.6132638
105.2378114
101.5527508
102.4759326
103.1503614
102.3496886
101.078166
101.6845385
100.8902349
101.7167777
102.4274165
101.652024
99.74645034
100.1451944
96.69445792
95.82545373
98.35340159
102.2690119
100.5687863
100.6543382
100.6543382
101.0381028
99.73296492
99.40538301
98.57628467
101.4561511
101.093342
99.07929511
98.67602967
99.31012005
99.24328264
102.1896327
102.1896327
105.4507868
109.2537565
110.9712025
111.0968568
110.4057188
112.5800574
117.8691764
116.3608135
117.0896164
116.507384
115.5273117
115.8563877
115.5481886
115.3002611
113.7439325
113.7439325
113.1520284
112.2881353
115.6056688
114.6335384
118.4420516
118.5845332
122.6384183
122.5975295
122.5975295
122.9921061
122.9104858
122.0837858
121.8082977
121.8082977
127.5163693
130.6512008
130.0352351
129.542211
129.032045
126.8166603
127.1741618
128.1360699
125.6942244
124.6861198
125.6293528
125.1211526
127.3492758
130.2000876
132.4198757
132.3329478
131.3954156
130.8988137
132.1303911
132.657581
131.7672674
130.247778
131.787358
133.029079
133.029079
130.7785063
129.3257364
130.2911437
127.9672465
126.5226937
125.5669188
127.5777417
126.6205908
127.8222487
127.917433
124.7916442
124.9794966
127.7085071
127.8326674
126.859279
126.0870317
123.3332128
122.0222954
124.4558059
124.5193801
123.3794092
121.7252228
121.5008457
118.3314553
119.6666308
120.8185537
122.7289633
122.2497391
121.9319076
123.3253889
128.8224901
128.8472592
128.8472592
129.9188201
130.2078722
131.4221112
129.7914752
130.8744377
130.5767753
131.9849215
130.7881388
131.4188873
131.4188873
131.4188873
128.8998642
128.3793974
129.9564456
129.9321482
134.8998972
136.6270544
136.3955611
138.315839
140.1883871
141.029988
139.1653424
137.8563122
139.1021614
138.1744975
137.0590206
136.0951859
135.644977
135.644977
134.4674985
133.8833003
134.4016047
134.7472327
135.9665042
135.5684678
136.7810949
138.4025703
138.4314284
137.5781899
137.2036646
138.8687416
140.9696377
141.6745364
142.0239388
141.2240917
141.0641537
141.6530305
140.9353541
139.2982309
138.7803589
137.0125882
136.9462226
138.5929783
139.5298814
140.127801
139.8753129
139.217161
138.8265947
138.4402352
137.3654897
136.8062572
137.6654324
137.5477199
137.6911058
136.397173
134.5846213
134.9748731
135.8776498
136.9429987
136.8699887
137.4866227
136.3468484
137.1974526
136.7849086
136.5587229
134.2157181
131.3928994
132.9785185
132.8138625
131.5301912
129.526917
125.9788338
126.5344492
129.117243
132.1802833
131.9280704
130.2769113
129.9879771
127.7310746
127.3857611
127.6630577
126.8149304
127.4899095
128.415293
132.6069025
135.7344998
135.2805952
136.0826441
135.3082738
135.2684465
136.7431156
137.8718027
137.1564852
137.6399162
139.6113837
141.9399989
140.5981004
143.813412
144.3016396
143.374133
142.3723583
142.068484
144.8516721
143.8130975
141.1744747
140.1644043
140.3069645
138.6823832
141.1211621
140.3469883
141.5488428
141.6047896
140.5141998
140.418583
140.9296926
140.7409359
140.7409359
142.5709833
143.5960332
142.8684884
141.6820458
141.3526947
141.4172518
140.490846
139.1390006
139.0394128
139.2058773
141.0639178
143.6761987
144.3717009
145.0928372
143.8827656
143.9797978
145.0961004
144.7587681
143.4590165
141.6535416
140.195464
140.4830614
141.4628585
143.1382756
141.9105118
140.3903147
140.8324245
141.2333309
139.6531768
138.9671498
138.1001507
136.6015382
138.2731417
140.243587
140.1958572
141.7068936
141.9541134
142.238251
144.6064574
146.0289933
146.0822273
147.1810735
146.8147652
146.4354433
145.1714694
144.7009341
144.7009341
143.1028124
141.826218
140.3376704
141.1930712
141.4732772
141.5804137
142.1753845
143.1066261
146.8115806
146.2199124
145.8692126
144.0711685
144.1326196
143.0430913
140.7371615
140.7371615
138.9781976
137.9145393
140.8955662
141.2982812
143.5962297
143.2194634
142.9308044
142.9080404
142.9080404
143.6180502
144.3666684
144.9043557
145.6798268
145.6798268
145.7591667
147.0806208
151.1277829
152.2806888
153.7612159
154.0325758
154.8579391
153.5224884
156.3354388
160.2064254
158.9170139
160.4240008
160.8190098
159.7180798
159.5383658
159.4066962
158.6681822
158.7136709
158.485205
156.2261007
157.8847299
156.9247088
156.4217377
157.1872226
157.1872226
157.0252402
157.0805973
157.8578376
160.6151557
163.1887889
162.2389115
164.0861794
165.0083389
164.6129367
166.3100957
165.0871678
166.2694428
166.7533063
169.0114276
166.9144631
165.2294528
164.9030111
163.3869815
162.3143198
162.1430981
163.5901672
163.7425565
164.9636365
163.8948278
161.8399315
161.2369795
162.1002828
161.4627326
163.0268065
165.7357658
163.3005647
163.3005647
163.8791014
164.5588771
164.7515261
164.7515261
164.7515261
160.8921771
159.5008583
159.6958662
161.0092998
161.5731716
162.862701
162.4936799
163.0443022
163.678078
161.4238883
163.0189433
163.2852314
164.705998
162.8442225
162.7223032
161.5719135
163.8673852
164.7245159
162.7642142
162.9764426
162.1026811
161.9045279
162.1743544
162.1743544
162.386111
162.386111
163.8374656
162.907718
164.8421497
166.8743213
169.2247962
169.2183484
167.7785921
167.3564156
167.4443264
168.5028343
169.7321314
170.801176
171.8943214
171.6256351
171.6265393
170.9936284
168.8521187
169.7660612
170.840728
172.1772795
174.8192048
177.4779967
177.4189046
178.8481635
177.5115334
177.9361082
179.8032307
182.0438957
182.4983114
183.0279388
183.1171471
183.3013824
185.8295662
189.3866135
189.3072342
187.8598113
187.7362407
190.3270158
191.1097997
190.2961526
192.4244128
194.3589625
195.8838775
197.8100921
202.3695432
205.3616179
205.9603237
207.3575007
205.4272365
203.3784342
200.6031093
203.5997446
204.606827
200.2876367
195.177013
197.2716972
201.2277638
203.1410434
202.1426499
201.0216294
204.7832778
211.2903315
215.7672187
215.5957611
218.1306286
219.5485645
221.2962839
219.6483094
215.0484414
214.17008
212.4399741
212.9996391
212.6174078
209.8878862
209.5211061
213.3788037
216.6456981
214.3977989
212.5487225
211.5434093
208.7474828
208.4091676
204.249876
197.823381
197.823381
203.0565138
207.1196382
207.6797356
208.9798411
209.1157569
209.4316619
205.2457926
201.001067
206.0932909
205.1272545
205.1272545
211.2105197
213.8298776
215.0496995
220.6121441
221.2780806
220.3379928
221.2141525
222.441995
223.439327
225.9812321
227.7630779
226.6638385
226.2613594
226.1293359
227.8989937
225.772778
224.1623111
224.3168628
223.3919904
226.0577019
227.4039645
227.7337874
224.5892055
226.0175995
228.8178115
226.4832203
216.9135588
210.6013951
185.5037928
201.9441428
205.5158943
197.529375
198.9379537
206.9697651
207.1442894
206.4384864
204.3141578
199.2165084
194.9932101
194.7693834
187.2324047
191.6227571
195.1859377
198.0241684
197.7653504
200.6451775
200.6451775
206.7449949
202.4009568
204.8456331
209.9259442
212.5189995
213.5484921
218.8703614
220.1890634
220.1702703
220.336774
220.1332738
220.1621318
220.0254297
217.662924
213.6816165
213.6816165
215.3706763
218.3643629
219.5226551
217.0007619
213.661408
213.1326062
213.0761089
214.0628649
214.0628649
217.3113986
221.1462536
224.9253583
226.1022471
226.1022471
224.7324341
224.0013902
217.6500677
213.1668505
209.0136529
197.7394411
202.0673202
201.2893721
201.0335028
201.4590605
205.3835956
209.3373032
206.2821262
203.4167674
200.5276616
200.2252027
199.5828953
202.2237984
201.376536
198.7319372
203.8745643
207.2767454
211.3117981
212.5175448
212.5175448
211.8113487
209.4487644
210.1391555
210.3680539
208.8212005
205.6895143
204.5979022
201.4725066
202.7009388
205.4250348
204.7106216
203.3366804
204.8128435
210.4182213
211.9855977
212.3662171
215.2536322
215.3411892
214.051188
211.7023644
216.1013664
214.1155878
209.8486093
210.2269484
210.8394149
212.4680065
209.9559817
212.1681425
214.6524101
214.734109
217.3516976
223.2615395
221.5917052
220.8545673
220.7738906
223.644911
223.566436
223.1137109
222.2676673
222.3349765
220.3305621
220.269111
217.8083544
219.9612658
219.9612658
219.9612658
219.6044327
221.4957346
222.1553805
222.5808202
225.6317118
229.1420908
229.6677473
229.1822719
228.5025355
225.2081199
217.8724003
223.1428048
223.5157575
226.8312859
226.8312859
225.568806
225.568806
219.8938386
220.061168
220.4508694
216.4732576
214.7700046
212.1407391
211.707908
213.1610317
207.5972504
207.0130128
205.4893953
208.2021682
207.2267353
205.8881
200.2079823
200.7996506
200.5106378
203.6951648
198.0263308
200.5114634
199.3889096
205.3796247
206.2571604
206.3907566
205.3037839
199.1146796
193.5560094
189.8405967
183.0626943
185.4581075
195.0227758
191.9117306
195.5334136
194.6261155
197.2216478
196.849678
191.7955121
188.3734371
188.7625487
193.9696542
199.1834042
199.0278696
200.2818573
197.1039353
201.1742545
203.2739319
202.1953728
203.4501075
206.0571593
207.9180306
205.8678915
208.3612019
209.3016828
205.761109
203.989328
204.6734678
201.8647242
201.583496
200.6221776
194.3391078
194.5034492
194.876913
190.5978252
187.4878808
183.2581347
183.2926936
180.641529
175.8278599
170.4532677
164.9724433
162.7530091
163.2061667
164.1862782
162.179033
167.0656335
166.6070503
162.8758719
160.1564153
159.075851
157.9644629
153.1745801
144.6218694
148.2468156
142.4104949
142.4104949
151.521062
148.4840884
144.9400547
150.8450214
152.3630561
148.8280651
134.4982831
137.249114
142.8911345
161.3310236
161.3310236
161.2673315
164.3320624
165.3297089
168.4196807
181.2411784
173.6953535
174.1392325
174.7958904
172.3704396
170.6771337
161.5046436
167.0084286
162.8156003
163.1798642
160.612207
161.2867144
163.7155463
167.9175745
168.411503
169.1794254
179.3869909
179.8472647
179.8931073
180.6020163
180.9427691
187.1655673
185.9391402
186.0966799
182.7333038
180.0855991
181.8705902
188.3447756
188.3447756
190.2978039
195.7898333
195.8741271
196.7880696
193.4874814
190.668201
189.4995687
185.415135
184.2446941
182.2465703
182.3411255
187.3419394
184.3601655
184.3601655
189.2197166
185.223233
185.0389583
186.1857702
184.9481774
175.3381776
174.1050668
175.8823913
171.5282883
173.930975
175.1117561
174.6565934
174.0743216
174.4260829
176.1380247
175.3135657
172.1847496
172.3750396
174.315526
177.1217927
179.5691032
179.2598819
180.2648019
182.8367445
182.8367445
180.126763
178.7811295
180.7141459
181.7752093
181.7752093
177.137873
173.2142815
172.1337566
168.884987
167.1927426
165.1859692
159.6488835
153.8853762
156.8590509
168.3757253
169.7874492
167.500863
176.4047846
173.7367534
172.1253823
173.3242487
175.3834698
177.619063
184.3029606
184.255506
187.3202369
186.3156707
188.1647078
186.3931235
186.3931235
186.4669984
183.7851673
183.4958006
190.9729796
190.6039585
190.184141
192.4370726
189.1987611
190.6853429
194.9432393
196.6841571
196.3866913
196.8481053
198.4768935
196.672087
195.6059518
194.4721929
192.096595
195.7962025
199.6513053
205.1322869
210.4870638
216.0806861
215.5277049
214.8029909
217.9982119
223.7754012
221.6669956
222.6076338
219.2785413
216.5643137
212.7960602
220.4926231
220.9319021
216.7312106
220.5050077
222.3670191
224.0563935
224.0563935
224.0563935
231.14163
233.1059027
231.5463109
233.6979248
234.9524629
238.5439511
237.8756164
237.4403869
246.3166693
247.8744133
245.9569661
240.2032093
237.5241696
245.7005464
245.8111033
242.4726537
242.2138357
245.283481
247.6374157
244.6968845
251.3142986
249.9328481
249.9328481
260.7696288
267.784804
272.2809561
268.3206434
263.2368332
270.0261374
265.0270927
262.0311258
262.3200206
257.1517988
259.2466009
252.5908143
247.1033849
245.0007588
253.6105565
247.9751412
244.7487818
247.9716421
245.4222669
243.8094804
241.2584146
241.5944102
242.3039875
243.3001794
241.5723538
240.5361775
234.5633512
229.669949
236.7463002
250.7337961
251.9713889
254.905315
259.9166656
256.9749155
250.8292949
247.7083813
245.8011564
248.5473087
251.4595323
259.960503
260.5051099
262.7198263
265.3876609
263.7027686
263.6601892
261.7710103
261.0667014
256.0717456
258.6180934
258.3952104
260.9390419
262.0188985
263.1903616
258.9156771
260.6222326
256.8014921
248.9464459
241.718885
240.7977083
244.8561541
236.3691799
235.7581681
229.424813
232.4414603
230.2199422
231.3409234
226.0538489
228.3959495
226.6253087
230.7355338
232.8536111
238.3969481
236.7659975
235.8167885
231.3244107
230.3076172
227.6687192
232.2827804
232.3595648
238.2142461
237.9172128
233.7589434
231.4771538
226.8217714
226.8217714
224.6283644
224.549968
224.9716334
218.9292962
216.0241102
215.0627918
221.9413042
223.4616978
222.3880926
221.4031844
221.4031844
220.5657904
221.9984305
218.5631452
220.8788254
220.6576329
221.1884005
224.7205607
226.4236957
225.7324003
224.2975192
221.9595469
224.9104969
222.7411513
227.3957867
230.0841444
235.459169
237.4558382
231.496458
226.6821598
224.2040648
215.5413476
218.5291368
224.1089984
225.8255009
226.3861881
229.3176373
228.5473952
228.4550023
228.4422639
236.5198786
241.745502
243.5366265
243.5366265
256.9548643
258.0594114
262.7714483
263.1137738
260.0160567
263.1770727
267.9874
267.081989
270.5330794
269.2113501
268.7693976
273.2757326
277.7474694
268.3925919
269.3049225
271.6164744
277.8610537
278.1413776
277.2894366
271.296913
272.935255
280.2033115
284.0109991
281.6676797
280.835554
292.1698802
293.4607857
295.4293045
291.4452055
288.6413764
291.9149152
295.7931752
300.1121689
300.649463
301.6490753
296.10047
300.0667981
299.6096302
302.2114531
303.8025371
309.3654142
310.8753498
310.8753498
307.9754715
290.2217665
292.6424207
291.7870592
303.6620607
317.8320227
309.5175283
309.3644707
312.8319951
317.0640216
320.3413347
314.0195779
308.3593541
302.4160542
297.0077288
294.642471
295.5974202
297.0229834
295.2039052
286.4126636
281.6563174
288.0596158
290.1868538
303.9390034
313.5907176
328.9244368
327.5804939
324.035438
334.5471923
328.9600572
324.9562608
325.74392
325.5279172
323.5677727
314.2371533
312.4490168
308.1733102
317.8838806
316.6226195
310.9124642
311.2162206
313.6356953
322.6259944
337.5693438
344.4661775
340.0126047
340.8680842
349.9059952
353.2798687
347.5497015
339.6694537
332.8587222
337.0877213
336.9996532
336.9447286
338.5853117
338.5853117
329.5010077
334.9742833
340.5278425
343.4531191
335.7844706
332.757955
321.8535113
316.9978526
313.0550355
304.162948
308.4907878
316.5627017
322.0052715
316.40068
309.2805307
301.8565072
293.6619663
276.0187396
270.7892239
284.6324297
275.6780261
275.6780261
275.6780261
275.2073336
289.0891477
290.618702
294.2399919
286.083509
286.083509
284.8610922
278.3649684
280.2513165
280.2513165
272.6999087
268.3794603
264.5546309
265.2310255
272.8687714
275.0017889
276.6227532
268.2808555
264.5183421
253.8788891
245.9343594
241.8840914
252.1805899
246.9519392
246.6357196
249.8937285
260.7452528
259.7151704
269.015831
288.2475862
285.7992141
273.9828723
272.1352899
276.716758
278.5200705
277.3067357
283.3081055
288.9821293
284.6266502
281.2006435
280.0065737
281.3108073
287.7071468
280.6409392
277.1628387
284.1463252
290.0122116
286.8106606
293.3840406
299.2960449
313.9587165
320.5659477
313.6400987
310.4443272
313.1921308
315.2798168
309.7056953
316.7953352
317.1280675
317.637172
312.7289476
310.1139145
291.356587
291.7687772
290.5348014
287.7903004
290.366096
288.8265947
283.1634222
273.9616809
279.7685146
279.7658804
281.2615835
279.5693784
282.6096939
284.9423193
284.7647284
279.4543394
277.6531107
279.2160838
280.0318146
280.1547168
280.5452045
282.330117
274.4022574
274.1196924
274.0672054
274.9886966
272.3765336
268.8339547
270.1034722
272.8593749
284.1241116
287.7352971
289.9592528
292.4547648
294.0687702
292.7951638
299.0012919
296.1022785
291.6743399
286.1523515
291.0804306
291.9606792
292.5971678
282.8072968
284.8982066
288.9991531
281.2091358
280.6389734
280.5167396
275.9745876
272.8303203
277.928009
271.8311797
267.8522705
267.2250211
271.4018477
272.9499592
264.51099
264.2806369
263.3771131
257.1547475
249.820404
254.3616517
251.0208037
247.0343065
250.9376108
259.2607154
258.8178193
256.4254334
265.4210403
263.543381
269.170422
274.5139938
276.0496421
281.2948056
281.8432262
281.8432262
275.7898412
278.043795
282.3496964
278.4007854
273.4364962
268.3485972
258.8600842
266.4881977
269.4974535
269.0008123
275.0565562
275.0565562
268.6021468
259.4147953
262.2365525
265.5114673
264.3681546
259.2736111
258.2730945
248.3737673
248.3737673
242.3591087
254.5824903
254.7310659
254.5632254
255.2697754
257.3857297
257.3857297
253.6712999
251.1801913
246.7141946
246.7627107
244.630283
231.9799283
236.5365093
241.6387981
241.6387981
241.67261
244.1384383
245.0758919
247.0409902
247.0409902
243.9919465
256.8630219
265.7902579
259.7518524
260.6652052
259.7332559
255.1470698
261.1599985
261.413273
262.8271593
263.7385855
265.7513743
271.6840195
274.7083334
274.1518137
279.3186202
276.5212783
274.9555924
280.8564702
281.5112409
285.469863
286.4731318
287.8451464
285.9499128
285.9499128
283.7266649
279.8267024
280.7196108
281.9535079
285.2025134
281.1715889
280.3235402
281.8646928
281.1573958
282.1689996
276.187681
265.8729791
265.3685532
263.6577516
267.3476874
267.6442882
266.6229734
268.8817631
271.1684672
270.368856
276.1903545
279.1711454
281.1902248
278.3255343
265.5825902
265.9025055
258.1933221
257.511384
261.174978
262.8647062
255.8286934
255.8286934
249.4733213
247.796017
249.0273978
254.5668425
251.0309866
248.5431805
251.517445
249.792922
244.01129
244.258667
249.3445217
250.6329109
254.6146902
262.8386789
264.0145061
264.0145061
264.0145061
261.5204094
266.8960238
269.7583946
263.748965
262.8983214
260.3020422
260.6182617
262.6043941
266.9281451
267.3238225
267.8749166
267.8749166
272.8010691
273.1862491
273.408739
269.5550516
266.8350838
270.9106714
270.3157399
271.576372
267.8731473
264.9943031
267.7876348
282.2996863
286.9701661
287.6574512
290.5386151
296.142381
292.0145422
290.8317168
290.4068668
289.1918807
285.6494197
287.2278047
287.4473066
288.3397039
290.0000236
293.8187983
295.6738508
292.2527586
290.0280167
293.7238892
293.9467723
291.9863526
285.3398839
278.0946701
273.2291037
277.4774463
281.647196
282.0563589
283.0051355
283.8547175
284.6599903
285.3021404
287.8088183
293.0189118
294.5504713
295.7867273
293.1817199
289.6113837
289.3483196
290.1981768
283.234663
280.0673564
279.064756
274.1905008
274.558539
274.8567124
277.9229373
276.4736271
277.1181363
274.8693329
276.6608112
281.1803957
282.0013949
283.0799934
279.704272
284.4553105
289.1736381
289.281089
286.0324767
286.5638734
286.6911396
285.2147407
286.7383976
287.3179172
288.2938613
283.654166
279.1194447
269.0120567
269.3302814
271.4071161
274.6517575
272.9013645
278.9875785
277.6704098
274.2093332
275.5551633
274.4270658
274.4646127
271.3570666
268.5239077
265.0629884
256.1182566
255.0713076
255.1502544
239.8977624
239.8977624
239.8977624
239.8977624
231.3051065
231.2379152
230.8746736
223.2710933
224.2435382
234.9786081
234.905834
236.5477144
237.0110942
238.770176
238.7749333
238.1829505
240.2089101
245.7469001
246.7364475
247.3717174
248.4486252
253.7421869
258.5382031
251.320825
245.5336888
247.5164007
247.2509383
245.7736744
248.531307
246.8254985
248.4669859
254.4295113
254.4711471
252.9373859
248.1597304
245.7474505
246.6729913
249.8860619
251.0433712
253.6710247
253.0692129
251.3844778
251.4810775
247.808834
245.396908
250.0758015
254.503347
254.7848897
251.1019522
251.1855776
251.1855776
249.1834042
249.5661466
251.6055131
252.4434575
256.6314892
256.8538219
256.6011765
255.6337247
257.3101641
260.0865505
266.6915407
267.6668163
268.193731
267.3081747
264.380775
264.380775
262.1615374
266.1901815
271.2030261
271.0256318
270.4124575
271.4014152
275.740696
274.92469
274.92469
274.4638264
276.239421
278.0511471
273.2842642
273.2842642
275.6283306
284.4424542
285.5968541
283.5363356
286.5705571
283.6821591
279.2497777
278.3882435
277.1900455
284.9951602
284.859323
286.5040342
286.0145879
286.1441738
284.5982246
293.2725794
291.9292263
294.3275882
295.2686195
291.6840509
288.837957
296.7873619
294.5275107
292.9586402
292.9586402
289.0799871
288.7724171
285.0517754
281.3270449
285.0021585
287.3584128
287.4680655
287.2475414
286.6567774
282.8551838
281.4464086
278.9199547
275.8597452
280.4778953
283.808639
291.2858966
288.4477839
295.5077402
301.2093245
301.5407594
306.1551744
302.0466006
308.6294558
307.6392793
312.0354112
308.5662748
307.0480828
311.0873816
314.2805976
319.0820001
317.2537612
317.2106707
319.0710702
315.5354502
313.6441089
314.4598004
314.5031661
314.5031661
315.618132
313.141531
307.6668792
310.7582664
314.3938673
310.6564377
310.9863392
321.319795
318.8716981
316.3783878
318.237136
324.6495558
326.579702
324.6403558
323.165097
319.8895925
317.845626
322.0904695
320.1532071
320.6437936
317.769628
320.8437947
320.8437947
321.3381556
323.3405256
324.6953984
318.8036026
322.4991999
315.8115673
314.0060531
315.4478932
317.3182396
318.8950126
323.3618349
324.8466475
321.4410066
317.6754659
317.5948285
318.3391613
317.5545295
317.2613885
314.2521327
306.594768
304.0732679
302.4503772
300.2157669
302.1941147
300.5518804
292.3423601
295.4593813
293.4963668
295.2670469
291.090928
289.2303712
288.2896151
291.1887465
289.7050741
287.3354129
283.236786
279.6960549
272.8707766
274.4157428
266.1663953
276.5693619
278.879066
272.6837498
270.0123767
271.6845306
273.4465218
278.8332234
280.4622082
277.0905757
272.5619091
273.9697801
273.8836384
273.120198
270.2551538
272.285045
274.1843281
269.9243479
260.5327491
250.5343061
256.447018
253.4868287
250.1393363
259.5557436
254.9997523
255.5355131
244.1851066
238.4077207
233.5987302
242.8313346
248.0566435
256.3869036
251.0396755
252.3238186
249.49754
258.7879391
263.0751653
264.82316
265.0816635
264.4746226
267.4936288
265.822851
261.4034046
266.9090374
262.5275311
259.8118095
263.1561566
264.265107
262.3598085
259.1834199
259.9305048
258.0710096
259.8375222
261.8442563
266.0703853
267.524374
266.0087769
263.9882036
263.9882036
258.753105
254.3220604
242.46884
249.1026096
246.3918417
243.8485999
247.2672152
253.425299
246.1283058
243.0751732
252.0652758
247.9739617
251.0247353
249.8109681
249.2102178
248.2949385
244.8440447
245.0501398
249.3385849
250.0387264
257.595088
252.1844822
255.9587511
255.0060036
257.8576017
255.5000106
256.0465047
252.1471712
252.265041
251.8130235
251.9562129
256.0079356
256.8919585
260.6849812
262.5868985
261.8750015
263.2830297
260.8194423
260.3087652
255.8448523
255.1034289
252.7391147
255.9599699
252.4177841
248.7425525
245.5382102
245.5382102
256.0611696
254.2956399
256.2662818
258.6044114
267.7523682
269.0648189
268.5856734
272.839363
272.092514
270.2226
268.5993947
267.1426931
263.5071709
265.8016203
268.1836267
268.1836267
267.5384099
270.677802
270.5346914
266.0423922
266.5574727
267.5481603
267.0952779
266.6238383
266.6238383
267.7590519
264.7449603
265.213805
264.9917475
264.9917475
270.1743198
271.8091627
276.7887458
274.0842686
274.027103
276.4937963
277.6187484
279.2592922
281.412007
282.1020835
278.6818956
273.2958625
271.6202487
269.669894
265.1839641
265.4804469
263.2961613
260.0939813
261.3236715
260.815432
257.238019
261.3392407
264.8032268
262.2578225
262.2578225
258.2873662
256.9628062
255.258649
252.5836195
251.1291983
251.2249723
250.4703781
253.2611149
255.1172289
254.5338956
256.2165076
259.1442611
257.2001969
255.8770915
255.6032154
257.1699628
258.6810779
259.2416078
258.3968223
258.8751029
258.2065716
257.3395725
254.7635017
252.6306023
250.9520792
256.5107887
258.8226945
260.2394902
262.593189
261.4218046
261.6228279
261.6228279
256.71653
257.2515437
257.6802074
257.4187159
257.0452521
256.2911296
255.3192744
260.1653007
260.8996865
265.7500375
270.6883781
271.7337151
269.019055
265.7325026
266.0499802
268.5572085
273.1840081
272.3157902
272.3157902
272.3157902
273.2457344
275.34494
275.5824487
275.1419902
273.466691
277.2574726
279.7895094
279.6729764
279.6729764
283.3196251
284.2689128
285.0925462
282.8549872
274.3840147
278.2743447
278.7933175
277.9070929
281.7778828
285.0499275
281.0722371
276.987764
273.1079314
273.9393887
278.5034791
281.9047952
280.3937981
285.214033
286.0930235
284.520418
286.7490916
288.0894961
288.8505382
295.2723152
294.9920306
295.8372879
293.0456861
298.0470111
299.7141325
303.7406929
299.9435027
301.350666
305.3084232
305.0740598
303.2733422
303.057418
299.5738919
303.4392955
301.3720933
302.6870602
301.0066892
299.5602492
303.4004905
305.9372845
303.9007881
304.3362142
307.2298019
307.1873012
303.821173
300.1961088
299.5430681
302.4750284
300.2508762
297.0753132
296.9355837
299.6057773
300.2468659
306.6199696
311.4470455
311.3586236
312.5018184
311.1702993
307.8301198
308.8220261
314.1871432
312.0766932
312.6727255
310.0923693
308.9054943
311.6690636
312.3621675
314.7002185
314.3884024
314.8151789
317.3037713
317.567779
320.7375232
320.6386432
318.6987858
320.5070914
320.1950001
318.0148819
317.8641833
320.6514996
323.8793137
325.0894245
327.1635071
328.3989768
330.0479735
330.228002
331.9969129
333.6856189
329.1599403
329.2416392
329.8370032
329.2272495
329.308516
329.308516
329.3930456
335.0190644
335.4126581
330.8660633
331.6836421
328.8769036
327.6461518
330.0501359
331.4510086
330.8719214
336.5344256
329.4999461
332.7499739
331.4170394
331.8324143
331.9003918
337.8292627
338.2149145
338.5185529
334.4384046
332.3418725
331.8418894
333.3086952
334.0800382
336.5742528
336.0819757
333.9882744
332.0449572
334.4231893
335.3630018
334.783954
338.8488083
340.0167329
347.4488949
349.2404519
348.9283605
352.6846226
357.7657986
354.6770063
353.7052691
361.710778
366.6833236
364.5763334
359.529677
361.8477947
353.4370152
353.4370152
352.9941191
348.0704042
352.9569654
356.3644541
359.0024478
363.6951806
366.7254312
367.5204817
363.3338654
361.9520611
360.4233324
360.2113006
355.6184701
352.5750093
355.5355917
355.5355917
352.8549793
352.6736141
353.9614922
357.9608459
359.9266912
360.9307069
362.6087189
363.9638276
363.9638276
363.3421611
367.0992881
368.4752737
369.425505
369.425505
369.5683011
379.0979781
378.051501
380.7090741
382.9924364
381.3330209
382.9986876
383.6521609
384.1586311
383.300085
385.7995287
387.2815105
392.2108083
398.2619916
401.7332511
398.1936995
401.7645075
402.2822221
397.6912788
393.3343844
393.179872
402.4123192
404.715654
403.8126021
403.8126021
409.7258644
413.4257079
410.272673
412.763074
416.7283406
417.8005305
419.4016794
422.9800361
423.8305224
421.1912706
412.4863278
408.0128218
412.3857572
415.1950119
417.3073097
416.5984794
424.5372689
421.3484957
419.8710353
426.799086
426.4725656
421.2554345
420.0001101
416.3695023
406.3930763
411.1727369
408.9483488
412.731857
415.178106
414.2387259
418.6806611
412.542196
418.2610795
422.6232816
430.007989
433.9465206
436.8893715
438.2986578
439.3750546
443.9161057
447.4896658
448.3065761
446.5936907
449.7812844
449.7812844
449.7812844
452.9238219
446.272478
443.4634592
441.1495483
442.2430082
441.4079338
442.6480036
437.0739607
442.8156475
446.8143328
442.8434047
441.6307383
427.7679531
418.5138428
415.9142217
425.1243765
430.942887
423.3895921
413.0777995
409.3953731
393.6282724
403.79145
405.2713874
409.1307756
410.0061884
400.7978027
406.6599541
408.8089732
410.2535654
410.6115387
411.767236
416.6872552
418.6391433
420.9141706
416.7983626
416.9732013
418.191372
416.7835404
413.3103544
419.7142426
432.1933362
430.6243085
424.5756808
425.9565415
425.7278397
419.7762441
425.3315725
421.5248678
422.2224144
424.8938268
423.5678121
422.1486574
421.6886981
423.7389158
422.4931846
422.9287285
422.8921645
427.9433423
427.2502385
425.0098094
424.6307233
420.5105513
417.0171568
414.0928631
416.5503172
418.9908653
416.0044915
408.3112704
408.337337
410.8881276
410.7717518
413.4970666
411.1234738
412.0022284
409.7706848
410.7027914
420.0074622
417.3671489
415.4161257
416.2807265
419.3601223
419.5368482
412.7535202
413.3983045
405.1159708
403.4668168
408.7017975
405.3849323
403.8540019
403.0544693
407.8209984
411.3116408
414.5784958
414.549048
416.0981425
416.6130657
418.3244571
418.7754523
417.9417146
419.296155
418.2076489
420.4924659
424.2138545
427.6506338
424.6767625
426.5607517
431.1867649
433.0377285
434.8034548
438.9276371
437.9302658
440.893679
438.9278337
438.9278337
445.8641015
445.763059
447.2571109
443.7002995
443.7084379
444.6287104
436.2975067
441.9996021
446.7847277
444.7781902
449.9897385
454.2540435
452.9843687
452.4841497
451.9491359
444.4484066
445.9082142
447.5327562
444.6993221
442.8243757
448.5882761
450.0141145
448.6754006
451.1882511
454.8680433
456.2970663
453.0043413
460.9205634
470.246976
468.0656784
474.2031605
477.084639
475.615828
482.5528428
486.3112673
482.5842564
480.6107052
482.3414794
481.5955739
489.7760397
488.9450935
488.4291087
487.9124949
489.4497159
490.3861865
482.5976632
484.2155215
484.8610136
485.370118
488.7972255
492.7483776
497.5376707
495.5993467
500.9535732
495.9753661
495.2203393
500.0132888
498.0296727
498.090534
497.355008
502.7920342
504.2788913
510.0972052
512.1609083
513.5194375
514.3688623
513.9593456
520.4685223
524.0545849
526.0724061
527.7774283
528.4788672
532.6891518
536.1532558
533.8534201
531.2939407
535.9909589
527.3904791
519.4882142
521.6759204
512.2901011
512.5656284
503.4437382
508.2547732
514.0712786
524.2423194
528.8574814
534.6059306
532.3702981
522.2384554
517.5167467
517.9587385
523.9551545
531.6811651
530.3473658
533.2094613
535.3983077
546.3789854
547.2310443
550.2721462
552.3542886
553.9861827
555.7797841
563.0837756
563.68889
564.3899357
560.1682887
565.5505082
563.0100578
560.2153501
557.0912519
558.9958427
554.9738037
557.597329
564.2593276
574.2527382
570.7199489
571.9598221
569.9657478
571.4245724
574.5692329
576.5118817
569.1631092
565.129354
554.0860064
558.7826707
547.1096755
544.2475406
538.2463674
540.6636404
535.6534693
535.6534693
533.4982776
523.6600477
523.6600477
523.6600477
524.2840338
516.2221455
518.9185236
518.782883
521.4596817
517.565656
509.557159
504.4588018
516.2480548
515.7695383
511.0633595
515.5027392
511.7151028
503.6291924
493.135838
486.467195
497.7140822
488.7975401
497.5281562
493.4328713
510.4732639
517.7713579
510.5034586
501.6138874
502.6567082
506.7798289
504.4645813
518.7415618
516.3233452
516.9607775
513.4910119
511.8343093
510.4388623
509.2410574
504.5279196
508.6342524
510.0819505
523.74902
527.320457
530.7219305
534.9639432
535.6358164
536.7251874
542.6223695
540.557998
541.1314236
533.3802899
539.9827245
546.037289
541.2586505
541.621499
538.7884974
538.4245874
544.0582728
543.70372
547.0166928
550.8438812
556.6010979
558.2625578
563.0797653
567.0968112
559.5760307
554.4676873
550.2601154
547.1314566
554.5872083
558.6447104
559.3326246
556.3378371
556.9460968
556.582462
564.6018889
570.1017816
572.1538078
574.5633355
570.8378973
577.752148
578.3535667
581.6642199
574.3532695
574.6832104
584.7921711
591.5273762
588.5848005
591.0277863
583.7359828
582.2530967
587.209562
591.9124383
598.3566648
606.3074064
609.7925839
605.3523393
605.5396806
599.7513255
605.2818062
607.2097507
608.8288278
614.486732
610.4280896
615.1388685
603.8663079
604.7027977
607.9266015
610.9058591
615.1238497
612.3716034
607.7597439
607.6174589
602.1118261
599.9000584
588.4211669
601.5408774
612.6722144
623.451397
626.3820992
636.8536332
643.8701451
634.0241307
639.4992935
638.1489814
635.0917992
642.1078001
649.2426929
649.2426929
657.7889165
653.0264763
660.4660297
658.3199593
657.3912732
663.6472935
661.6777132
665.3347414
664.1853346
677.774283
676.0319892
671.7401236
660.2452697
640.375296
650.631928
648.6270418
648.462897
634.9199878
628.3137395
623.8473497
639.3975434
630.8479779
631.9391575
620.0498057
624.8020237
644.2585491
644.3337608
656.488182
646.2111055
654.5806425
662.7605971
670.7532497
670.5097256
665.8064955
671.4949876
672.7109565
671.0191053
671.9703588
678.4627476
678.8230798
685.4591297
679.8133349
685.4158034
692.5467646
696.1544117
706.2126546
711.0427579
704.439301
705.7407432
710.3324335
708.4524153
701.1609264
703.7202092
718.1740729
718.177572
722.711507
728.7240425
721.7519184
719.8787019
734.0625818
734.0625818
745.2447546
755.722933
749.1804948
742.1668529
737.6795862
738.481635
739.3408495
738.5717869
741.2361617
740.0076902
741.7136167
734.2571966
741.4495696
736.3086331
741.5979486
766.4318577
774.4246282
769.7539519
773.2418421
780.9080923
774.8388629
789.5613736
780.3491743
777.6892422
780.215932
760.7491844
755.0113899
766.0344897
757.1213681
760.3989957
777.9428705
779.7050583
795.9294055
783.904531
780.7348261
783.5763987
791.1447124
784.7113371
774.8519158
774.8519158
770.3714902
765.0049578
766.125821
757.506784
740.4273898
745.4933898
753.6197172
766.0356692
765.235193
766.6260793
764.56733
775.5793427
789.0826213
788.1046721
779.5597853
772.6636592
787.407558
787.3840863
790.4897452
784.1423542
766.090751
760.2501449
758.6490352
762.3028002
774.2810851
782.3080214
789.9174204
797.3730541
804.3036211
815.4811546
815.4811546
815.7555418
803.9266188
807.4325945
804.676849
793.3715381
800.5415009
803.5755259
806.0676174
819.3099942
824.358931
832.8082797
834.105633
816.7808669
819.312707
811.2016736
806.4734777
806.4734777
806.4734777
817.7750143
825.9055485
831.8389014
834.0353358
843.3992167
841.8887307
848.8749692
861.0523903
853.2942584
862.2841643
862.2841643
883.782769
887.4169938
893.312446
891.4295184
908.9552685
914.0946323
911.0882073
895.4915419
884.1593388
866.7146585
869.4952518
843.9343091
839.1646347
839.7916088
804.1051926
796.8530198
784.3070888
808.3849488
816.2089746
811.0463749
783.5893337
778.3852555
799.6339276
811.2466119
788.6436568
779.041127
762.9722751
756.7684666
734.4026663
706.6196944
692.299938
695.3160348
743.4263448
745.2315444
725.3862612
735.4857074
758.4800939
762.032266
771.8095165
767.83505
748.4556235
753.5302337
785.6772162
795.6433415
831.3449337
845.8424383
806.3063056
824.6754258
810.5074296
803.0446796
800.6901552
794.657018
767.6855308
750.4905865
755.3292214
771.632712
811.2516837
796.2896985
793.8771434
815.7447692
819.7965705
809.2730607
818.5678632
824.9290541
819.4046675
816.2100361
823.4682636
827.8114761
830.062088
830.9333332
825.6208212
815.9320319
815.5429989
822.7264864
822.2209597
834.0248777
846.6126411
850.4003954
852.5810639
844.4462836
848.7492756
834.749749
836.1302952
846.8113841
852.8758955
855.5086208
861.5909032
848.8042002
860.6374873
868.6036801
861.5988057
848.1130228
843.5201924
842.9105173
839.4898183
858.9306959
869.1677485
869.5495474
876.1711682
886.0147844
885.3227028
894.0606711
880.0999888
870.8788254
883.6836137
888.337738
888.5074264
892.2176886
896.7213501
882.9346024
884.1297338
906.6119098
918.7999069
919.2194885
917.9541385
924.8758987
919.7338613
931.6073295
939.6361922
945.6744798
934.563076
941.7789207
947.5515493
950.8278009
954.6236543
954.2268367
958.518545
958.4725845
930.5009345
911.1119149
936.9585679
934.9164493
934.9164493
934.5984605
960.0786086
955.1162853
960.2457022
959.0538733
959.0316597
967.9161198
973.1871534
973.761955
972.6032304
970.6202432
970.6202432
986.9553046
990.2415818
990.4525914
994.3664718
979.2084564
975.9296493
992.4352247
1000.082367
1000.082367
1009.848767
1022.389862
1019.560123
1020.882128
1023.386132
1023.493229
1023.493229
1017.190502
1023.778625
1023.612711
1025.588346
1016.391441
1008.16871
1012.361617
1004.994838
1004.994838
1016.412475
1036.065148
1038.193566
1041.990245
1041.990245
1052.282261
1053.65117
1052.914936
1033.562874
1040.500793
1019.112549
1024.946392
1040.457938
1042.402632
1048.438167
1048.002348
1052.192857
1034.868051
1039.885299
1048.442138
1063.6412
1081.162074
1064.177511
1068.460766
1059.75661
1071.919523
1089.043659
1099.996108
1102.373082
1102.373082
1107.180735
1114.4828
1119.92423
1108.496253
1109.367655
1118.43124
1134.826533
1135.62241
1135.513779
1139.511835
1136.499709
1141.667617
1139.122055
1130.364626
1113.448865
1050.770635
1057.654731
1052.070859
1037.972255
1016.533254
1040.333857
1035.065104
1060.660212
1075.049479
1081.006225
1050.683865
1054.602856
1060.420187
1057.326638
1057.326638
1079.558173
1114.155965
1112.353479
1111.665682
1105.997163
1100.719642
1097.820943
1118.249796
1121.533596
1145.904007
1152.677782
1151.680843
1151.680843
1151.680843
1161.852473
1161.865919
1152.740216
1162.339993
1166.898501
1166.961446
1162.004037
1159.313517
1159.890874
1168.598844
1157.073835
1152.312299
1147.476416
1150.162651
1150.811092
1131.758657
1131.758657
1145.77163
1168.151034
1178.169331
1173.087959
1162.834629
1178.433103
1157.276549
1172.491887
1162.517702
1159.847037
1189.616298
1196.015626
1210.229622
1213.119435
1219.093598
1222.560572
1198.799875
1212.594093
1218.171478
1209.327317
1237.911237
1234.417095
1259.165217
1261.931341
1267.967034
1244.233544
1226.994998
1241.617567
1256.298796
1245.608586
1257.014782
1266.746583
1274.470549
1279.862598
1270.626219
1250.871088
1261.128585
1254.30598
1237.939387
1215.044549
1217.131488
1230.26724
1230.639996
1241.915426
1273.329399
1274.978278
1275.692101
1280.45576
1262.441389
1250.021663
1259.995376
1274.153662
1278.890074
1268.912508
1253.113129
1250.580188
1261.183981
1245.084188
1256.423232
1228.31256
1215.14225
1168.496308
1177.189731
1201.387702
1193.723457
1165.931088
1183.999479
1154.521826
1155.102092
1179.979721
1195.938684
1165.642429
1147.347459
1158.566235
1132.100707
1096.868353
1087.770288
1120.032467
1115.830518
1117.932318
1149.960605
1159.910965
1182.220936
1185.698722
1145.735538
1162.00097
1165.003189
1189.489386
1207.373974
1210.751347
1205.284165
1203.867134
1180.891737
1166.998757
1179.285477
1174.176937
1187.400442
1177.786274
1162.122811
1196.39656
1192.015564
1187.748547
1190.422279
1188.548866
1179.136036
1181.666422
1194.565136
1188.446604
1210.993377
1239.344663
1223.192658
1217.546588
1239.695284
1246.876334
1244.4718
1255.34652
1253.570454
1276.439933
1265.408066
1258.854776
1279.46468
1278.056651
1233.819451
1240.414651
1252.072195
1243.158484
1231.088317
1242.004399
1241.982775
1225.771363
1206.382658
1179.130257
1179.130257
1157.668373
1170.70607
1138.718986
1124.422269
1121.292431
1077.726081
1135.339255
1145.811103
1128.290111
1142.953686
1142.953686
1120.318295
1098.161893
1099.382658
1106.72514
1079.922398
1085.763043
1135.340159
1143.711623
1157.638454
1165.024105
1162.771134
1191.583913
1205.676461
1205.484874
1203.222231
1169.451336
1169.451336
1158.612275
1154.68314
1110.541084
1126.113374
1116.933689
1121.684059
1145.26571
1154.230021
1154.230021
1163.125451
1149.890623
1152.091421
1147.876733
1147.876733
1117.493
1126.317424
1100.148929
1095.642044
1103.665403
1106.882365
1135.456181
1120.293369
1113.584034
1083.272013
1057.257009
1025.558741
1022.446477
968.2757837
1036.191235
1064.102731
1081.560307
1056.860781
1070.540353
1096.855418
1100.149087
1123.114576
1148.041585
1148.041585
1088.598758
1084.840609
1089.577375
1091.582851
1115.951572
1120.212142
1141.481101
1134.369759
1119.684362
1136.274349
1125.879403
1137.313042
1143.965644
1147.672564
1167.160975
1179.128487
1183.447678
1170.350495
1118.724302
1138.637091
1129.62218
1127.333235
1105.619768
1099.426103
1081.381773
1131.45038
1123.632998
1143.031925
1115.727549
1115.727549
1136.424301
1110.499763
1110.499763
1110.499763
1143.343113
1156.406326
1157.363949
1154.873626
1152.824273
1177.251221
1211.883376
1200.700456
1209.033822
1197.647245
1201.449507
1199.104969
1182.560431
1192.152974
1173.247268
1163.865734
1174.812442
1197.465604
1195.9401
1196.080851
1212.201679
1205.660853
1198.200383
1195.807014
1148.957769
1140.577735
1132.09654
1136.673841
1136.673841
1144.713004
1161.020819
1173.062679
1156.30489
1155.096077
1152.731527
1148.166218
1156.186352
1177.029478
1181.11749
1176.677914
1186.746772
1172.942411
1158.584282
1167.334949
1163.735086
1167.87012
1169.538617
1173.877544
1179.393164
1182.595068
1169.964726
1160.842796
1161.179971
1171.610341
1146.07287
1138.375285
1134.622837
1118.17883
1125.538179
1123.526373
1121.128837
1100.761789
1084.289239
1085.673442
1069.967596
1069.367239
1065.440816
1082.507315
1067.149652
1070.81647
1075.546396
1066.256862
1044.329239
1038.041137
1032.832341
1035.63908
1043.900497
1026.980176
1019.69946
1010.630371
1007.062394
1005.872374
1023.416642
1037.990813
1034.088766
1024.816649
1004.0266
1000.392414
973.1211416
982.3055444
973.7059296
995.0405074
999.6887736
998.9830099
977.8190248
960.5897968
985.425829
1001.590494
987.8558404
997.8655672
987.9431222
978.8038936
987.4815509
1005.438756
1011.146356
991.6776031
988.5866484
996.9489118
985.8081389
998.9563143
979.6784806
966.570565
972.8434912
985.3646138
980.0390488
985.6946333
991.9342587
989.3075881
978.9778281
968.683256
985.9346582
961.7851248
956.3992096
954.8471664
953.596442
912.169951
912.169951
873.3334093
921.4336544
958.6226541
932.4199543
923.7772097
923.5887675
953.0689377
950.7359584
887.2055518
926.8680858
935.6020831
890.5000067
851.1548324
809.8792366
785.1214436
763.0426902
753.8867523
733.4783836
813.812146
816.4441243
772.2638143
751.1488956
756.4393907
781.9013354
757.8700256
701.636101
662.3039797
623.5921487
615.6254448
682.1713192
695.4658685
733.9841069
740.7557187
751.509739
782.8609239
745.0112169
720.5494742
726.1832776
730.8570993
720.2718238
687.5187833
728.1248255
715.6623233
715.6623233
697.4832965
674.6982684
663.6025911
665.2767894
713.7326881
697.4492881
726.597355
732.9124674
746.1572818
711.5458469
722.0496594
731.8509321
719.5654311
725.6823116
777.2759905
789.9629878
803.3420274
787.2213961
787.2213961
774.2168032
806.0102945
822.4508018
815.0085355
802.9788251
794.4274118
799.1116523
804.5986099
804.5986099
810.5036945
806.2034939
810.2946114
815.9095824
815.9095824
849.8773337
856.4475684
849.2949833
815.4463992
815.3683567
807.0870451
785.7026144
785.1887134
758.7907305
758.8042946
760.2724764
762.6544829
721.869395
730.2995574
725.5689632
728.8283089
736.9992601
741.5499043
762.1281973
740.8277065
739.0097292
739.0097292
745.7060507
742.5623731
746.3848435
777.0163469
779.1822326
753.5032628
742.774916
739.4669756
739.7717149
746.6337538
715.1799538
708.5744525
704.2795596
687.7396612
671.588442
684.3044153
679.3277022
675.8733093
672.542487
636.0786338
643.1159833
668.7405002
645.0666133
632.2694916
630.4891004
657.2366823
670.6166262
702.2205744
717.6313532
717.6313532
708.1292368
717.3971077
715.819863
707.1017493
751.2633056
743.3871073
747.0765713
751.8291432
740.0738199
708.1102864
714.3271479
725.8026189
756.8268117
767.6993308
760.2201467
746.9143137
744.9396616
744.9396616
744.9396616
788.1529916
785.7094554
781.0113757
795.2341393
797.2566784
772.9535763
768.7324798
774.8400817
786.5565999
816.5130455
790.3412875
783.5872499
814.9200349
803.2858054
803.2858054
842.464987
860.3491036
876.2209818
859.8985801
877.4490208
875.573288
865.1340719
842.990329
851.6970803
846.8782608
873.0064565
884.7376003
885.3400412
868.5058616
879.4240267
881.4816358
896.4100058
895.1302661
903.6206608
890.0632439
922.3100107
920.8385657
901.4645648
904.3995917
910.1846049
913.7887136
920.6134022
924.3871993
929.7693795
934.9515979
911.3589774
891.2321121
883.9227737
891.6354169
889.7154535
853.9452153
859.5584957
869.3049225
890.0164577
900.9275066
903.9676255
898.1565458
907.3973279
891.2658847
890.7517478
883.0901762
867.2825799
875.4563619
882.6454716
884.6985987
895.8205392
909.0363776
938.3379346
953.4504613
947.6327371
968.7156525
957.6208794
972.5016375
990.9354327
982.3704947
987.1991432
985.208686
969.5290637
983.9208472
992.9538043
1019.575535
1027.76697
1031.284741
1018.998807
1031.858992
1037.14127
1021.93061
1029.889451
1034.183361
1023.227649
1005.937245
1015.841998
1018.735743
1037.291143
1049.70564
1046.453725
1054.191727
1061.392632
1067.288163
1071.684806
1050.480875
1036.372168
1041.346522
1047.216576
1051.155068
1059.686548
1084.833256
1081.018924
1084.604555
1089.682113
1087.689258
1094.862956
1094.862956
1109.277543
1100.468687
1088.030207
1085.512875
1066.508799
1052.893195
1061.719113
1082.48227
1085.370118
1082.648145
1071.62709
1073.612318
1092.745861
1112.105826
1109.151181
1113.516214
1120.913581
1135.335795
1135.99379
1146.512149
1151.915442
1142.400548
1143.365798
1141.322854
1138.797501
1130.149566
1125.967786
1118.969477
1082.535426
1062.761147
1085.86267
1058.308872
1058.308872
1073.385149
1094.20673
1108.716109
1113.139251
1140.421768
1142.479062
1152.407051
1140.353751
1142.457478
1142.457478
1160.265478
1143.720351
1133.882435
1128.487477
1142.918459
1136.131789
1151.060552
1117.156414
1131.220616
1141.553797
1169.33496
1168.028092
1160.185234
1168.432301
1165.561045
1151.235312
1152.080019
1163.163391
1162.446383
1163.95451
1158.61487
1157.492984
1157.047768
1155.427551
1155.12639
1171.036404
1178.634913
1182.372578
1182.372578
1186.371775
1186.806297
1183.06926
1177.372669
1177.372669
1200.211914
1195.159006
1194.882496
1204.723635
1194.53388
1189.943487
1186.777792
1189.487145
1176.13142
1158.828159
1165.64412
1164.157971
1145.84232
1124.31761
1110.276801
1097.466941
1105.181275
1100.332182
1110.818813
1097.231713
1097.231713
1113.858578
1127.484798
1099.953804
1101.903372
1100.413448
1104.584417
1100.389112
1106.361191
1107.865111
1110.462177
1130.031893
1137.120275
1143.088344
1142.227282
1137.501838
1131.089261
1127.266201
1123.247425
1125.883846
1130.598753
1140.035094
1153.768057
1149.152698
1158.500617
1164.348457
1164.848716
1166.837286
1168.876337
1166.777879
1166.777879
1171.978301
1177.323838
1184.181552
1185.731433
1191.582419
1198.989025
1193.208494
1191.03101
1189.242323
1201.136904
1202.706915
1197.265171
1197.265171
1197.265171
1213.665536
1217.127242
1208.53781
1202.071527
1212.671428
1213.090735
1213.787809
1224.053838
1225.267527
1208.356877
1201.15727
1212.676657
1200.621037
1207.480246
1216.070582
1212.98289
1177.788044
1186.893618
1188.217903
1188.38995
1194.549606
1168.350877
1162.778447
1140.215633
1140.725091
1168.588504
1163.468484
1172.872546
1170.501194
1153.619285
1146.791254
1133.774631
1128.297109
1106.84014
1113.945624
1118.39558
1114.242068
1137.981416
1162.991619
1147.287188
1171.172595
1140.441897
1147.026561
1144.7868
1133.483455
1123.575636
1134.513852
1139.523552
1164.561197
1171.178296
1173.663586
1188.573084
1193.299236
1191.969643
1192.786789
1194.414713
1178.711972
1186.635153
1174.400292
1185.295889
1184.157648
1144.147953
1132.881447
1135.166303
1143.231651
1143.096483
1148.580531
1165.789511
1161.986856
1163.838291
1159.199068
1170.165238
1174.378235
1177.795868
1154.991181
1156.223349
1162.676932
1165.149405
1189.095399
1191.716094
1198.001955
1188.108564
1187.083239
1179.945398
1173.825804
1194.602251
1193.256538
1198.302487
1197.718328
1198.477955
1195.260167
1189.80934
1168.025773
1166.799188
1169.862543
1170.254957
1177.364098
1182.508809
1174.101882
1179.476553
1174.981777
1145.274596
1149.525533
1142.163354
1161.823773
1149.190442
1160.700157
1185.816356
1189.863086
1196.251994
1201.518192
1191.487981
1188.300348
1191.059475
1193.439516
1205.287704
1209.843223
1209.110292
1209.110292
1209.110292
1219.050822
1220.331034
1217.51541
1213.819537
1220.728834
1215.270617
1219.72702
1217.784725
1224.754176
1241.591973
1249.401609
1255.607186
1260.637841
1256.538546
1264.51504
1264.50407
1262.916485
1276.490376
1278.786359
1276.461596
1282.722767
1264.857758
1281.087846
1284.684012
1289.384844
1295.169897
1299.706938
1293.931636
1297.700793
1303.735503
1310.587713
1310.587713
1314.373737
1329.221903
1333.323478
1340.68377
1325.545138
1331.700273
1326.483967
1319.357921
1319.357921
1304.07374
1310.68506
1328.648044
1337.272546
1341.329655
1325.432143
1353.175327
1348.710077
1346.709713
1345.317686
1341.312396
1358.711351
1362.140031
1361.057462
1373.541785
1379.314964
1369.023183
1365.777205
1371.435542
1378.014544
1379.025007
1370.328203
1375.247751
1381.264925
1381.207563
1390.173919
1386.267391
1385.74083
1383.174981
1385.010454
1386.797411
1389.448812
1390.640916
1401.377794
1403.27405
1400.959274
1407.804761
1404.826054
1405.871037
1398.753168
1386.051152
1380.216247
1384.080353
1380.299518
1383.76775
1386.169926
1374.27043
1365.405825
1355.348329
1367.577058
1360.773364
1362.787214
1357.152703
1336.435781
1342.623431
1363.87403
1376.024126
1368.439024
1356.540197
1356.540197
1360.294454
1338.797343
1328.188478
1340.277242
1339.691313
1338.798366
1343.107019
1348.941531
1360.802812
1351.053829
1334.499305
1322.617856
1322.44518
1338.221362
1346.106289
1336.021429
1339.004579
1347.73201
1339.618657
1329.247851
1331.184878
1321.02744
1301.211644
1308.657685
1313.705245
1306.942047
1296.398368
1295.299719
1287.107301
1287.107301
1306.05307
1327.782461
1339.193139
1336.392298
1335.5413
1337.157311
1351.391437
1359.593605
1371.749913
1376.073114
1373.592188
1373.874714
1359.844363
1358.601541
1362.837264
1352.792192
1353.172378
1342.511223
1339.378082
1316.816409
1318.131494
1329.94815
1329.94815
1329.94815
1329.585891
1330.583813
1328.703166
1324.196005
1334.000502
1320.699426
1294.556211
1280.423403
1274.931767
1268.598687
1277.330365
1285.540829
1275.89973
1266.854349
1263.972123
1265.960693
1253.991137
1272.791004
1269.384066
1273.081983
1271.899708
1278.714764
1282.248104
1290.127447
1292.368623
1286.346652
1293.040418
1279.043329
1278.953295
1266.347092
1250.699277
1258.897395
1258.0072
1268.897136
1259.483284
1261.588466
1277.661918
1273.294565
1269.767477
1263.661683
1267.237681
1273.375713
1279.200633
1277.11794
1277.416428
1286.661063
1306.477016
1321.722274
1321.974723
1330.502193
1333.224323
1325.048025
1318.500633
1321.829489
1319.598928
1316.421321
1309.675107
1313.206442
1311.687621
1312.57762
1300.58522
1298.284245
1282.681131
1289.905547
1297.809227
1291.927064
1287.101482
1296.625537
1307.64789
1309.93196
1299.372829
1267.830607
1257.177747
1217.226083
1230.529557
1162.045948
1184.742987
1181.152678
1230.242195
1222.363677
1241.435062
1244.161517
1249.375581
1220.47155
1217.189715
1235.304971
1273.767184
1274.369035
1247.819174
1252.839843
1289.220857
1294.326566
1317.83159
1317.46886
1298.473945
1254.319426
1274.876174
1300.748854
1284.633098
1252.154248
1253.824593
1259.161049
1284.285426
1303.75005
1303.75005
1301.910331
1274.244325
1265.271993
1203.991019
1209.426354
1239.290682
1253.048533
1241.553246
1252.019984
1247.335389
1233.933507
1226.993819
1226.396174
1235.305679
1223.746858
1245.441964
1252.072746
1282.939949
1289.20458
1297.665841
1272.083746
1306.32789
1288.777489
1284.721913
1308.732936
1316.400326
1319.647169
1339.303145
1372.871406
1372.581056
1351.236177
1336.61813
1336.61813
1366.079153
1370.514483
1382.391136
1393.802128
1366.936244
1369.313847
1403.318713
1383.349269
1391.124229
1368.398529
1345.955
1352.509941
1352.509941
1338.877706
1315.597216
1315.147675
1283.576438
1321.640457
1326.099888
1362.426056
1352.494451
1362.364369
1376.104921
1373.102231
1369.359493
1354.463795
1372.665507
1372.665507
1346.90189
1330.927082
1331.053483
1332.790981
1314.792808
1337.586486
1351.976028
1369.029474
1370.367047
1375.809145
1372.942646
1356.625788
1377.647764
1372.179914
1381.080493
1381.053719
1381.061818
1367.756378
1359.418098
1358.968125
1371.368232
1375.377769
1375.302714
1347.349936
1360.321661
1348.480589
1379.953811
1387.621477
1374.46072
1367.178903
1355.005099
1368.815476
1369.937558
1367.263276
1369.354933
1372.832168
1384.018508
1385.82705
1401.61487
1401.61487
1397.734527
1400.320623
1404.770775
1399.260307
1398.713301
1388.229619
1389.225653
1401.723697
1390.697688
1404.511918
1388.670824
1390.705315
1396.669414
1395.057256
1387.295546
1397.783121
1390.198845
1397.676378
1406.382933
1400.730533
1376.451256
1377.900291
1387.879705
1382.649482
1379.556758
1395.861153
1393.396268
1398.910786
1402.759598
1402.759598
1395.674165
1410.945568
1407.298723
1407.741541
1428.361705
1432.9175
1431.636856
1438.892488
1453.345094
1467.938727
1468.327878
1448.301465
1448.301465
1448.301465
1449.664083
1435.346528
1438.84181
1445.68309
1439.199744
1436.04089
1446.934719
1446.226517
1448.963588
1449.271472
1439.740616
1438.732315
1445.546388
1449.832238
1455.321791
1462.039382
1462.039382
1466.998757
1466.371783
1462.161852
1489.979068
1457.553374
1455.194485
1455.133427
1441.891011
1424.274008
1408.446832
1395.034689
1388.162192
1374.131369
1395.310845
1394.840624
1394.642786
1401.935768
1398.748922
1405.604945
1422.78204
1420.027789
1414.779165
1386.886777
1386.895977
1384.397083
1390.394128
1389.864462
1393.227602
1382.684552
1393.069354
1393.42489
1404.703269
1413.161975
1428.682249
1446.040041
1453.956932
1438.599151
1455.676894
1460.249791
1465.847817
1468.398332
1473.522638
1494.972058
1495.262014
1508.793404
1504.810642
1491.722423
1485.218554
1493.180226
1492.490621
1495.862057
1498.668127
1504.398137
1516.4961
1528.819188
1511.124182
1508.910134
1513.915705
1522.093615
1510.457105
1497.456994
1517.767308
1534.088806
1529.978345
1509.335219
1512.388588
1510.912504
1514.847221
1516.038264
1514.657639
1505.676147
1498.876227
1505.0522
1487.253635
1497.333817
1505.118959
1509.942418
1504.840837
1496.533891
1486.030629
1480.916663
1475.976868
1492.335047
1486.364777
1488.525551
1487.808189
1485.464948
1471.723847
1486.743391
1476.655897
1477.20011
1492.53037
1494.521495
1491.322067
1490.548837
1499.993788
1514.499549
1515.46362
1513.129815
1512.130045
1525.33747
1510.067875
1504.783199
1514.278946
1500.80948
1504.797274
1520.0605
1524.474127
1532.3679
1535.141927
1526.540111
1541.953366
1562.453617
1554.837259
1552.475775
1542.328639
1553.909045
1549.371807
1560.684627
1580.466847
1581.6389
1584.188865
1576.659553
1567.185272
1562.665334
1565.42049
1555.967676
1555.504296
1557.901557
1548.053144
1546.76102
1552.881046
1552.881046
1550.388365
1549.071157
1522.821396
1516.635987
1510.613819
1518.107983
1525.737826
1512.496393
1504.747618
1513.006834
1513.006834
1527.123601
1544.201108
1556.978729
1552.521579
1551.10439
1547.489312
1552.104317
1559.649552
1551.094364
1567.19172
1566.540252
1569.849451
1576.34813
1582.633087
1596.239138
1599.507723
1599.507723
1593.237863
1594.278993
1606.162566
1624.617395
1621.096873
1617.769628
1617.675741
1615.416165
1615.416165
1613.733199
1612.084163
1622.762461
1622.494757
1622.494757
1643.854615
1646.85817
1653.078924
1654.026993
1651.149957
1661.061748
1661.406982
1662.407971
1664.469433
1659.974775
1664.233064
1663.441945
1672.010815
1672.891339
1678.449223
1684.68126
1683.627549
1689.286279
1699.572752
1699.901906
1691.357137
1674.843738
1693.278673
1693.278673
1688.285998
1684.44328
1666.046363
1670.156863
1669.784147
1663.003689
1631.630762
1621.759231
1630.593013
1631.037796
1648.033879
1633.277518
1629.945123
1624.719853
1609.156017
1607.658859
1617.962238
1631.022935
1627.02079
1623.16203
1628.158677
1633.714477
1628.351365
1641.483971
1626.999087
1623.796907
1595.925002
1600.015962
1574.714938
1574.714938
1555.599559
1570.060421
1571.982743
1576.929773
1585.784549
1617.456357
1632.530354
1632.530354
1632.530354
1628.367917
1634.824764
1619.167866
1612.274021
1600.450366
1608.484655
1630.511432
1646.268153
1645.654979
1629.98495
1592.84883
1601.72759
1579.292003
1575.210911
1588.191561
1592.489206
1599.90458
1570.612655
1579.52157
1555.935397
1558.310917
1571.329349
1571.329349
1564.540241
1583.299102
1568.337942
1579.866294
1568.857859
1551.491732
1554.126384
1554.402462
1561.896861
1563.294353
1557.37999
1559.01955
1532.717853
1513.419771
1498.205062
1511.579855
1511.818976
1497.888056
1523.612711
1519.574434
1533.47689
1555.464705
1535.717948
1524.561645
1504.029784
1516.326176
1502.832373
1520.631684
1490.857705
1474.56597
1473.249234
1465.886543
1476.579388
1473.517487
1457.799335
1402.890403
1421.620327
1401.363483
1415.476515
1450.151485
1482.71223
1521.910991
1542.505365
1528.870849
1527.784387
1541.142707
1518.803052
1498.105435
1503.519029
1495.913718
1514.141615
1509.640706
1508.315477
1482.997587
1504.129333
1505.905438
1491.272962
1498.899699
1523.29488
1524.401589
1522.269869
1535.236954
1507.287439
1501.722282
1524.657144
1561.642565
1566.887964
1563.043162
1561.598806
1573.142765
1592.179316
1585.823551
1567.453605
1578.536151
1581.276642
1569.548525
1565.501324
1546.842169
1560.785945
1547.562912
1532.47767
1528.493965
1510.570139
1484.149156
1469.664508
1465.602012
1480.942533
1503.815865
1482.266739
1490.240678
1487.658709
1495.373633
1534.323051
1562.075317
1560.756576
1528.646944
1541.042451
1541.042451
1542.090147
1570.066397
1564.589268
1542.814625
1548.984307
1542.29467
1561.011226
1546.510105
1530.994391
1507.029054
1549.108939
1547.97577
1531.13015
1530.981456
1515.855287
1495.752837
1495.167105
1519.129101
1539.220346
1537.215538
1513.13697
1519.687665
1513.589145
1523.285915
1520.701588
1538.0904
1527.999132
1517.451207
1532.90598
1549.050083
1554.546752
1545.242789
1546.848734
1546.591371
1544.668773
1518.464226
1516.903455
1505.846071
1497.110108
1490.998456
1486.581841
1491.917392
1512.297532
1539.136956
1539.136956
1525.437215
1531.074517
1538.123662
1544.64251
1533.530635
1537.510055
1571.696365
1580.259494
1594.180782
1580.607796
1569.780018
1571.636486
1568.612448
1568.263674
1582.800692
1590.93158
1585.016155
1585.016155
1568.597822
1575.174426
1563.967995
1575.936372
1580.340879
1579.059724
1591.357255
1593.865231
1593.865231
1592.624257
1602.859343
1612.20911
1603.742187
1603.742187
1583.050074
1577.951874
1557.55243
1566.240152
1556.385292
1558.195367
1590.290137
1578.555966
1590.481017
1593.995957
1580.915012
1570.975897
1572.835313
1565.889688
1576.662187
1556.981049
1536.509421
1532.604268
1522.467983
1523.647899
1536.077572
1531.898898
1531.898898
1501.752909
1494.98515
1509.442513
1520.110038
1505.116128
1528.974997
1526.385048
1513.994494
1529.564503
1529.352432
1516.925629
1501.289962
1487.227097
1491.444576
