100
99.975
99.943
99.943
99.598
100.52
100.723
100.723
100.79
101.06
101.778
101.654
101.925
101.925
101.925
102.06
102.454
102.772
102.797
102.714
102.714
102.714
102.714
103.069
103.069
103.178
103.591
103.677
103.726
103.759
104.261
104.31
104.704
105.435
105.386
105.353
105.403
105.386
105.445
105.781
106.076
106.658
106.726
106.726
106.726
107.249
108.528
108.504
108.528
108.528
107.882
107.701
108.833
109.038
109.038
109.156
108.788
108.964
108.964
108.905
109.008
109.008
109.008
109.58
109.456
109.481
109.232
109.173
108.586
108.596
108.375
108.434
108.434
108.434
108.434
108.669
108.669
108.712
109.3
109.946
110.1
110.572
111.236
110.836
110.386
110.386
109.963
109.244
108.975
108.089
107.888
108.299
108.299
108.299
108.475
108.549
108.456
108.721
108.721
108.721
108.721
108.721
108.973
108.973
108.687
108.629
108.629
108.712
108.887
108.438
108.438
108.403
108.018
108.362
108.362
108.325
108.09
107.972
107.545
107.62
107.275
106.981
106.981
106.922
106.494
106.296
106.03
106.03
106.03
106.265
105.383
105.15
104.213
103.544
103.763
102.307
102.632
101.943
102.105
102.327
101.595
101.659
101.05
101.334
101.471
100.899
100.741
100.534
100.362
100.642
100.987
101.208
101.208
101.032
100.791
100.914
100.693
100.399
100.399
100.399
100.399
100.223
101.258
101.14
101.258
101.434
101.434
101.258
101.14
101.016
101.016
100.893
101.059
100.678
100.889
100.889
100.978
100.811
101.038
101.567
101.684
102.223
102.91
103.204
103.328
103.798
104.092
102.604
102.604
102.427
102.427
102.679
102.577
102.775
102.972
103.052
103.364
103.676
104.142
104.125
104.125
104.38
104.38
103.793
103.974
104.267
104.35
104.383
104.728
105.201
104.907
105.19
105.328
106.265
107.117
107.486
107.586
107.561
107.906
108.051
108.051
108.051
108.101
108.133
108.596
108.537
109.126
109.185
109.848
109.848
109.815
109.815
109.815
109.471
109.205
109.23
109.23
109.24
109.5
109.599
110.322
110.877
111.458
111.703
112.325
112.438
113.102
112.602
111.974
111.73
111.779
111.897
112.399
112.725
112.744
112.626
112.626
111.527
112.478
112.478
111.444
111.525
111.5
110.921
110.678
110.619
110.56
110.56
110.56
110.641
110.596
111.008
111.066
111.411
111.947
111.947
112.189
111.57
111.583
111.123
111.863
112.26
112.378
112.605
112.546
112.84
113.427
113.427
113.427
113.267
113.032
113.37
113.677
113.677
114.139
114.214
114.214
114.214
114.214
114.214
114.441
114.792
114.786
115.206
115.771
117.141
116.839
116.839
117.115
117.561
117.486
117.486
117.561
118.071
118.901
119.184
119.574
119.747
121.519
121.353
123.74
123.156
121.757
121.829
122.236
122.735
122.548
123.186
122.977
122.853
123.416
123.152
123.972
124.93
125.326
126.907
128.932
129.487
130.111
129.224
129.133
130.829
131.773
131.753
131.753
131.753
131.753
131.753
132.482
132.932
132.992
132.376
131.999
131.999
131.999
131.604
132.409
132.409
133.767
133.828
133.767
133.749
133.882
133.882
134.004
134.343
134.268
134.329
134.945
134.903
134.806
135.02
135.541
135.733
136.491
136.479
136.176
137.978
138.9
138.676
138.262
137.678
137.704
137.168
137.168
137.504
137.262
137.051
137.195
137.567
136.841
137.003
137.297
137.141
137.949
137.887
137.887
137.698
137.826
137.881
138.181
137.832
138.02
138.296
138.296
138.818
139.276
139.367
139.807
140.303
140.303
140.303
139.612
139.447
138.968
139.06
138.318
138.42
138.667
138.968
138.6
139.07
139.07
138.834
139.676
139.775
139.775
139.863
140.031
140.13
139.874
139.803
139.902
140.224
140.682
142.745
142.881
144.476
145.86
147.555
149.451
150.593
152.433
153.124
153.623
153.49
151.847
150.798
151.435
151.596
151.578
150.55
150.943
150.375
149.586
149.307
149.196
149.042
148.664
148.658
148.733
149.507
149.983
150.468
151.013
151.106
150.795
151.004
151.078
150.938
151.129
150.997
151.101
151.422
151.441
151.441
151.691
152.11
152.71
152.705
152.781
153.169
153.169
153.642
153.578
153.556
153.381
153.344
153.088
153.088
153.088
152.953
151.82
151.762
152.244
151.981
152.055
152.093
152.078
151.807
151.745
151.742
151.582
151.448
151.422
151.256
151.338
151.482
151.614
152.056
152.005
152.342
152.233
152.862
153.204
153.403
153.547
153.598
153.615
153.615
153.585
155.303
155.303
156.074
156.981
157.495
158.505
159.608
161.919
162.247
163.178
163.601
164.267
165.363
166.514
167.106
168.064
167.679
166.012
165.233
165.506
166.081
167.101
167.554
168.557
170.119
171.109
172.968
173.935
173.748
173.748
176.14
177.885
180.184
182.319
183.139
185.36
184.592
183.888
183.419
183.721
183.132
182.871
183.209
183.272
183.272
183.307
185.85
188.264
187.372
188.061
188.451
189.103
189.747
194.454
195.622
200.818
200.499
203.495
204.605
203.299
204.551
207.821
209.899
211.467
214.393
215.899
216.7
218.058
219.889
221.096
225.132
226.844
229.702
231.583
233.595
238.59
238.116
238.679
238.679
236.851
237.573
237.375
230.93
232.514
233.417
235.425
234.734
234.734
233.958
233.725
232.371
229.415
229.415
231.539
231.771
232.915
233.124
232.874
233.468
232.77
229.066
226.19
221.29
221.29
217.325
213.308
211.806
209.901
213.512
213.786
217.459
220.973
222.158
224.388
222.272
221.571
222.376
223.136
222.841
221.87
221.798
222.278
221.67
221.135
220.6
220.012
219.406
220.455
221.05
220.513
220.791
219.752
220.929
221.356
221.358
221.248
221.248
221.744
221.047
220.901
220.458
220.837
220.981
220.981
222.07
222.921
224.293
223.437
223.848
223.185
222.917
223.222
223.615
224.394
224.254
223.705
225.263
225.83
226.835
227.952
228.317
227.697
227.697
227.135
227.08
227.445
227.445
226.107
227.752
227.488
226.922
226.838
227.411
228.322
229.322
229.782
230.053
230.634
231.598
231.537
232.334
231.553
230.952
231.062
230.818
230.828
229.883
229.266
229.592
228.568
228.005
227.949
227.527
226.132
225.397
224.496
225.194
226.024
227.64
227.593
226.576
225.872
225.996
226.705
225.502
226.295
226.401
226.062
226.038
226.598
226.619
226.756
227.253
227.273
227.047
226.527
226.299
226.056
225.462
224.696
225.823
226.056
226.056
226.254
226.747
226.869
227.891
228.258
227.327
228.423
228.423
228.45
228.696
229.332
229.112
229.165
229.304
229.092
229.322
229.54
229.382
228.544
229.127
229.129
228.398
228.266
228.658
228.936
229.526
229.59
229.718
229.256
229.119
229.569
229.346
229.201
228.622
228.622
228.944
228.722
228.935
229.096
229.096
229.659
228.719
228.724
229.252
228.73
229.549
229.147
229.725
229.156
229.522
229.87
229.462
229.704
230.695
230.231
230.511
230.831
231.058
231.678
231.7
231.7
232.09
232.98
232.8
234.071
235.97
238.066
238.401
238.476
239.246
240.196
241.245
241.898
242.49
242.721
242.784
242.553
242.965
243.059
243.341
243.759
244.217
244.217
244.586
244.738
245.546
246.774
248.102
248.772
250.928
253.214
254.986
256.239
255.409
254.308
254.103
255.571
254.642
251.942
250.126
252.05
251.103
252.424
254.145
256.422
256.542
255.847
256.678
256.678
256.678
257.44
259.124
259.758
262.679
265.908
269.989
272.078
275.878
277.486
277.015
277.111
276.384
276.384
276.089
276.982
276.982
278.01
278.682
279.383
281.107
281.62
284.478
287.843
291.063
295.69
298.356
300.508
299.022
297.336
296.905
296.565
294.204
292.692
292.09
289.562
291.322
289.304
286.719
285.238
287.897
289.892
289.478
287.919
288.728
288.838
289.529
289.37
289.885
290.115
290.71
292.778
293.764
293.708
292.961
291.327
289.82
287.669
285.09
283.751
283.306
283.574
282.896
282.896
282.896
282.896
287.706
285.972
286.781
284.632
285.78
285.657
283.937
285.111
285.254
283.602
283.139
283.838
282.73
281.877
282.301
283.062
284.026
286.684
288.656
289.347
288.869
288.56
289.457
290.376
290.719
290.719
291.433
291.726
296.119
296.119
297.844
298.297
298.224
298.178
298.462
299.008
300.651
302.093
299.522
299.538
299.146
298.503
298.347
295.971
294.918
292.835
290.472
289.334
291.554
291.422
293.432
292.234
292.118
291.217
290.877
289.773
289.499
288.136
287.994
286.544
286.691
284.587
281.776
283.208
285.791
285.611
284.823
283.872
281.713
281.623
281.8
281.098
281.871
281.33
281.742
281.241
281.029
279.58
277.812
277.985
276.513
274.703
268.686
272.739
274.372
274.372
276.221
275.821
275.657
276.342
275.719
274.644
274.706
274.706
273.79
273.396
273.98
272.959
274.776
273.285
274.181
271.654
269.772
269.415
267.986
267.778
269.196
268.293
267.848
266.923
267.264
269.241
269.754
269.139
267.588
268.425
267.579
267.142
268.577
271.458
270.564
267.084
267.115
265.83
266.231
266.231
267.64
267.452
266.145
268.178
270.608
270.608
268.393
269.295
269.202
272.849
273.751
273.751
273.751
277.238
278.728
278.897
279.935
281.571
281.37
282.047
282.363
281.939
282.053
279.292
280.147
279.39
278.877
278.516
278.32
278.454
277.868
277.824
277.77
278.408
277.956
277.37
276.655
277.33
277.146
276.543
276.514
276.704
276.704
277.09
276.607
276.231
273.192
269.957
265.809
259.426
261.726
263.715
262.529
264.263
264.488
262.922
261.871
263.265
264.017
263.422
263.422
262.441
260.165
259.797
261.404
260.169
260.399
258.48
256.636
255.636
253.246
248.444
246.968
254.356
256.184
256.917
256.775
257.806
256.362
257.096
256.703
254.766
255.158
254.33
255.255
254.42
254.891
254.823
254.871
253.596
253.878
254.041
251.722
250.909
250.226
250.131
248.39
248.781
248.781
248.803
247.641
247.165
246.248
245.977
244.403
243.191
241.65
237.71
235.784
238.474
239.478
239.207
239.268
239.721
241.312
243.595
245.908
248.846
252.008
257.66
257.662
257.28
255.903
256.284
256.121
254.993
254.087
252.912
253.263
252.254
253.157
252.218
252.378
252.47
252.47
253.058
251.571
251.162
252.054
252.981
251.757
254.233
255.881
255.643
255.19
256.572
257.477
256.3
256.661
256.373
255.1
254.906
254.857
254.465
254.671
254.217
254.911
254.911
253.152
254.769
256.127
256.981
257.466
259.294
259.294
258.818
260.845
263.067
263.304
263.594
264.422
263.876
263.891
263.283
261.86
261.855
261.309
262.245
261.905
263.044
262.085
261.029
261.414
260.197
259.898
259.459
259.122
257.711
258.481
258.836
259.069
259.149
258.981
258.452
258.129
257.545
257.794
257.972
257.161
257.906
257.591
256.019
256.767
257.216
257.498
257.758
257.588
258.365
258.243
258.765
258.701
258.47
258.125
257.77
257.607
257.346
257.701
257.626
257.968
258.244
257.715
258.159
258.391
257.909
258.457
258.768
257.899
257.792
257.792
257.872
257.471
256.601
255.989
256.055
255.126
254.651
253.821
251.537
253.821
252.61
250.38
250.228
249.131
248.921
248.517
248.7
248.807
247.685
246.613
247.696
246.968
246.378
244.918
244.564
245.307
246.647
247.429
248.822
249.194
249.194
248.848
247.88
247.838
247.581
247.399
247.399
247.399
247.272
249.613
249.493
249.603
247.798
248.327
248.282
247.604
247.018
246.538
246.355
245.028
244.927
244.223
244.206
243.032
243.783
243.584
242.169
242.325
242.05
241.243
240.109
239.79
239.136
239.089
238.225
236.126
235.845
234.201
231.831
230.314
228.208
228.335
228.666
228.771
230.476
230.251
230.128
229.586
229.715
229.582
231.326
232.563
232.436
232.364
232.034
232.034
232.541
232.069
232.742
232.919
232.614
234.642
234.217
232.774
233.759
233.8
233.159
232.467
232.377
232.377
231.633
230.022
228.426
226.204
226.206
224.664
223.021
219.877
223.11
224.76
223.99
223.738
223.086
222.607
221.121
218.991
218.991
213.282
212.347
219.361
219.449
220.451
223.925
227.552
231.697
233.321
234.384
234.66
234.111
233.003
230.588
229.897
229.671
230.854
231.274
231.191
230.378
230.042
230.248
229.913
229.602
229.323
230.258
230.357
230.257
230.097
228.938
228.374
228.395
228.395
228.395
227.406
226.646
226.606
226.514
225.373
225.982
225.484
224.771
224.823
229.103
220.824
218.804
219.03
217.816
219.419
218.151
220.75
218.723
218.578
217.81
216.459
215.435
213.113
213.029
213.296
212.707
212.025
212.847
210.953
211.504
210.121
210.692
212.292
212.795
213.247
212.929
212.046
211.762
211.67
211.063
211.063
211.063
211.174
211.18
211.114
211.114
211.259
218.344
231.107
229.346
227.246
224.578
222.702
222.434
223.937
222.729
222.811
222.838
221.74
222.297
220.922
222.115
221.035
221.229
221.434
222.183
221.449
221.208
221.016
220.383
219.421
219.659
219.637
219.956
219.621
219.094
219.899
219.649
219.876
219.28
219.467
219.211
217.471
216.478
216.527
215.93
213.705
213.528
214.272
214.955
215.433
215.379
214.771
214.629
214.062
214.517
213.424
213.634
213.629
212.929
212.929
212.816
212.627
212.23
212.069
211.663
211.303
210.56
209.399
207.017
204.764
202.746
205.206
205.281
204.273
203.641
203.591
202.969
202.274
201.579
198.216
193.861
193.262
196.912
195.804
197.449
198.126
198.116
200.451
199.787
202.177
202.122
201.102
201.403
199.207
200.115
199.285
199.285
199.285
198.937
198.937
196.941
196.52
195.787
192.656
190.177
188.762
187.619
187.619
184.473
185.516
185.197
182.876
182.159
178.285
173.851
176.097
182.419
182.208
184.286
192.714
190.729
191.064
191.52
189.932
197.821
191.007
193.186
193.873
194.056
196.28
197.707
200.869
203.73
205.998
206.267
204.576
203.161
207.446
209.976
213.757
215.241
213.891
213.754
212.711
212.938
212.938
212.938
212.967
214.702
213.52
214.285
213.425
213.686
214.003
214.411
213.849
214.497
214.262
213.112
212.441
212.441
211.793
211.065
209.09
205.969
205.81
205.55
206.099
207.321
207.113
208.906
208.111
207.62
207.276
206.247
204.256
205.142
204.923
204.96
204.457
202.739
202.81
202.692
202.379
203.189
203.189
203.793
205.423
204.577
204.118
203.704
204.756
203.406
202.549
202.478
200.61
200.129
199.215
199.608
199.263
198.907
199.873
201.782
202.108
201.209
198.29
200.791
202.336
201.889
201.631
201.631
201.631
199.124
198.231
196.697
194.757
194.197
194.536
194.439
190.873
188.875
187.94
192.963
191.6
191.47
192.602
192.791
193.643
194.065
190.516
188.543
187.585
186.642
185.856
185.191
185.014
185.52
184.9
183.205
181.646
180.758
181.461
182.458
182.76
182.541
182.261
182.355
182.226
182.132
182.132
181.085
180.909
181.42
182.563
192.23
191.045
189.704
189.163
187.977
187.143
187.143
187
186.794
186.353
186.353
186.353
185.031
185.05
184.973
185.168
186.938
186.625
188.83
190.438
190.436
191.462
192.902
192.243
191.946
190.777
190.842
189.131
186.782
185.875
184.742
183.638
184.034
185.18
185.32
186.491
186.095
186.256
184.982
183.509
181.697
182.334
182.525
182.941
183.207
183.534
183.518
183.816
183.866
182.655
181.17
181.464
179.87
181.485
179.467
178.631
177.47
175.191
175.918
174.819
175.043
174.335
173.423
172.906
169.743
169.472
169.472
167.345
166.566
166.74
167.252
170.512
172.998
172.135
171.218
170.403
174.409
177.102
179.819
178.894
179.428
178.73
179.243
180.215
181.308
182.912
183.089
183.482
181.372
180.595
180.392
179.674
179.462
179.552
180.449
180.449
180.449
179.075
177.911
177.477
177.478
178.472
179.541
180.495
183.007
180.078
180.078
173.488
171.243
173.463
173.804
172.672
172.887
173.856
173.856
173.497
173.469
174.873
175.052
175.619
174.708
173.734
173.227
172.205
173.376
172.636
172.198
172.093
172.287
172.292
172.351
171.639
171.571
170.026
169.254
168.367
169.809
169.652
169.214
169.905
169.626
169.316
169.05
168.65
168.842
168.842
169.18
169.216
169.53
170.498
170.514
170.43
170.756
171.045
170.795
170.485
169.904
170.243
170.529
169.948
170.083
170.967
171.9
170.954
169.958
169.483
168.556
168.478
168.869
168.834
168.597
168.984
169.08
169.444
169.311
169.114
168.875
168.365
168.114
168.253
168.25
168.231
168.482
167.832
167.175
167.138
166.455
164.788
164.156
162.52
161.643
160.935
160.935
160.625
160.383
160.627
159.132
157.811
157.062
155.698
156.302
156.1
155.7
156.911
156.542
156.525
156.368
156.627
156.403
156.38
156.562
156.567
155.994
156.609
156.866
155.349
154.947
154.399
154.448
153.2
153.271
152.341
150.865
151.254
150.485
149.355
149.418
149.654
149.793
148.312
148.247
148.851
149.823
149.582
148.483
145.539
144.133
142.725
141.162
138.202
138.272
136.798
137.277
137.485
135.615
135.829
132.602
131.953
130.054
127.969
127.134
128.065
130.681
131.679
134.416
136.27
136.27
140.986
145.313
145.909
144.5
141.653
140.43
141.561
141.686
141.065
141.651
141.651
141.817
142.261
142.123
142.123
142.123
142.649
142.816
143.56
144.708
145.963
145.352
145.398
145.323
145.694
146.044
144.669
144.531
144.26
143.918
143.982
145.371
146.018
145.77
144.815
144.285
141.477
138.592
136.863
135.09
134.813
136.414
136.271
137.038
136.881
137.174
137.544
137.513
137.33
137.37
136.514
136.417
136.851
136.371
136.737
135.588
135.502
135.713
134.269
134.725
134.7
134.357
134.863
135.043
134.739
134.43
134.359
134.629
134.706
134.631
134.631
134.752
135.281
136.327
136.872
138.555
139.856
138.74
138.74
136.637
137.13
138.026
140.259
139.522
139.267
137.758
137.951
139.311
138.772
139.036
138.805
139.423
139.423
139.547
139.738
140.228
140.857
141.647
143.496
143.859
144.237
144.25
144.682
145.243
144.247
142.935
139.643
141.108
140.871
138.476
138.476
137.198
136.38
136.019
136.318
136.748
136.898
137.925
137.416
142.099
141.715
141.957
140.825
140.179
140.571
140.657
141.407
142.858
141.824
142.508
142.796
142.393
142.796
142.573
142.546
142.906
144.117
144.588
145.019
145.632
145.632
145.632
145.752
146.264
146.674
148.325
149.178
150.063
149.831
149.373
149.438
149.863
149.59
149.319
149.435
149.435
148.816
148.533
147.201
145.603
143.606
142.536
142.254
141.674
141.513
140.713
139.961
139.892
140.302
141.142
141.815
140.984
140.838
142.475
143.374
143.523
144.439
145.194
144.989
145.472
146.286
145.92
146.571
147.08
148.034
150.164
150.915
151.543
151.611
150.298
149.759
149.388
150.001
150.729
151.311
151.39
151.39
151.161
151.332
151.155
151.164
150.605
150.502
151.289
151.541
151.541
151.541
151.428
151.207
150.806
150.889
151.092
151.371
151.252
151.559
152.331
152.944
154.136
155.227
157.98
160.61
163.222
166.04
167.381
166.131
165.923
164.146
162.185
162.069
164.216
163.164
164.418
164.924
164.355
164.798
164.304
163.445
163.858
163.731
162.142
161.785
161.067
160.193
159.826
159.476
159.82
162.716
162.265
163.256
163.01
161.771
161.543
162.701
161.783
161.594
160.845
161.194
161.746
161.286
161.942
161.942
162.132
162.044
161.767
160.834
161.919
160.859
162.275
161.877
161.955
163.169
163.169
161.713
162.47
162.181
162.181
162.181
162.908
163.435
165.978
169.776
169.661
168.873
169.877
171.095
173.993
175.304
176.16
173.659
173.409
171.632
171.681
172.499
173.325
171.603
171.806
172.948
171.515
170.004
167.592
165.493
167.697
167.688
166.177
166.254
166.261
166.46
168.4
168.174
166.729
165.733
164.463
164.675
164.68
164.185
163.632
162.787
162.299
162.93
162.718
163.906
164.812
164.257
163.786
163.964
164.305
164.14
163.738
163.628
164.208
164.695
164.695
165.392
165.59
166.214
167.049
167.651
169.193
167.609
167.609
167.333
165.778
165.926
167.853
167.853
168.33
168.33
168.518
168.99
171.965
173.399
173.344
172.837
172.697
172.724
173.338
174.176
174.226
173.902
173.81
173.214
172.919
173.108
172.412
173.168
173.084
173.098
172.665
172.946
171.388
171.401
171.401
171.993
171.241
170.677
171.012
171.415
171.617
170.938
171.1
171.278
172.023
171.926
171.984
172.732
173.67
174.419
173.806
173.428
172.509
173.371
174.455
174.164
174.164
175.67
176.292
178.074
179.41
178.897
179.94
181.681
183.733
183.745
182.709
180.795
180.655
181.529
181.207
183.506
185.793
185.566
186.558
185.702
186.183
187.585
188.266
189.276
189.663
191.091
192.435
192.625
193.513
194.952
195.197
194.101
191.556
192.524
193.773
192.976
190.635
191.352
191.169
192.689
191.217
189.953
188.277
188.971
189.879
190.634
190.251
190.286
190.807
190.601
192.431
194.107
194.452
194.637
195.521
195.467
195.447
194.285
192.763
193.126
193.113
192.548
192.948
193.042
194.73
194.73
195.703
194.955
195.309
195.456
193.309
192.197
191.605
192.845
194.566
189.766
188.066
190.741
192.452
192.801
192.746
193.9
192.173
191.78
191.601
191.98
191.671
192.698
193.487
195.961
197.201
196.998
196.665
195.131
194.824
193.933
193.975
192.159
192.314
193.493
193.876
190.667
191.158
191.478
190.704
190.289
190.226
189.441
187.649
188.232
187.447
187.295
187.721
187.987
188.479
187.886
187.737
189.092
188.904
188.068
188.622
188.898
189.828
190.475
190.496
191.359
191.745
192.052
191.551
191.551
192.433
191.306
191.275
190.883
190.662
190.475
190.962
191.811
191.688
191.643
192.79
192.613
191.613
191.383
191.383
191.616
192.706
192.947
192.291
193.282
193.533
193.608
194.354
194.391
194.143
194.091
195.232
195.93
195.783
196.399
195.877
195.998
195.33
194.717
195.313
195.753
194.784
193.403
190.979
188.377
188.523
186.943
190.859
190.621
189.149
186.637
186.589
186.352
186.676
186.406
186.91
185.548
183.191
177.811
175.378
176.667
176.887
175.935
173.678
168.98
168.332
167.386
165.28
159.937
158.526
165.916
168.118
167.845
167.492
168.091
169.174
170.746
170.894
170.67
171.397
171.397
170.569
169.808
169.808
169.935
165.349
165.156
166.996
167.541
168.489
167.94
168.146
170.464
171.997
173.446
173.609
175.493
177.698
179.546
183.653
188.001
187.16
183.943
184.113
185.18
184.908
184.695
184.91
183.988
186.512
187.037
188.222
186.408
186.68
189.141
189.305
187.958
188.15
187.252
186.393
186.797
186.797
186.503
187.235
187.268
187.43
188.156
188.64
189.267
189.267
188.917
188.486
187.713
188.343
189.14
189.284
189.884
190.38
190.637
189.339
190.342
188.548
188.637
188.637
188.708
188.697
187.992
188.267
188.166
187.031
188.001
187.364
184.907
180.584
183.855
183.806
184.298
182.965
183.54
184.008
182.859
181.759
180.515
182.013
183.674
184.182
184.994
183.843
184.078
183.737
184.111
184.42
184.327
183.908
184.493
183.954
183.501
182.014
181.008
180.032
180.108
180.401
180.824
180.86
181.729
181.264
181.543
181.774
182.426
182.403
182.085
182.624
183.35
183.35
183.35
183.265
183.188
183.217
183.776
184.579
186.117
184.034
182.281
184.262
185.445
185.184
186.399
185.538
184.881
183.833
183.228
183.386
184.37
185.226
185.275
185.628
186.212
187.067
187.309
188.745
189.838
192.006
192.403
191.777
189.41
189.509
189.302
189.759
189.067
189.468
188.823
191.133
190.852
191.494
190.919
191.028
191.075
191.201
190.541
190.862
191.559
191.538
191.378
191.724
190.986
190.568
190.256
190.101
190.168
190.605
190.957
191.152
191.137
192.637
193.243
194.354
195.306
196.574
199.594
200.56
199.286
200.055
200.628
201.877
201.248
200.947
200.679
201.441
202.381
202.68
202.993
203.985
203.914
203.638
205.398
207.332
208.158
208.45
209.459
210.582
211.193
212.563
212.634
210.234
207.34
208.573
208.714
209.549
209.485
213.613
217.095
216.013
212.376
211.32
213.216
214.811
216.48
217.015
216.965
217.179
217.7
216.956
215.916
215.206
213.477
215.075
215.124
214.681
214.43
214.204
214.457
215.319
215.185
214.883
215.209
215.749
216.38
217.42
218.006
218.788
219.539
220.518
219.625
218.646
217.803
217.855
218.413
218.161
219.254
219.453
220.663
223.084
224.606
226.317
226.317
227.023
228.283
226.629
225.656
226.107
228.66
230.126
230.126
230.126
230.126
228.837
230.506
230.042
230.283
232.02
233.767
234.464
231.515
231.626
229.314
228.234
228.064
227.151
222.228
226.506
226.243
227.266
228.875
228.89
230.849
231.924
232.11
231.499
231.886
231.494
229.764
230.067
230.737
231.171
231.29
230.404
233.192
236.508
243.484
245.293
249.953
253.729
253.729
253.729
254.473
255.424
250.857
249.886
253.161
257.311
257.488
262.405
264.857
265.901
269.84
279.067
279.067
287.28
285.956
282.852
292.774
301.365
301.954
305.998
307.397
302.74
290.989
294.236
295.522
297.87
302.842
305.669
308.514
307.48
300.945
302.245
301.052
301.071
300.905
303.824
305.7
307.651
303.036
301.784
302.583
298.062
291.14
289.131
294.98
294.976
295.574
294.368
296.736
302.913
304.956
309.155
314.5
315.115
311.987
315.285
315.439
323.363
325.144
322.207
324.177
330.312
330.312
330.312
332.948
330.6
328.108
328.644
328.6
333.194
335.227
336.651
339.278
341.686
345.97
346.769
346.769
339.102
340.642
347.92
355.744
362.944
362.301
351.896
350.185
350.223
346.023
336.994
335.076
330.341
322.166
305.033
292.181
300.571
300.109
294.317
288.1
290.293
296.987
301.082
303.562
303.37
294.762
290.413
281.757
281.707
279.258
273.708
279.51
287.433
292.151
293.666
293.331
291.576
291.717
290.337
289.041
288.162
290.71
295.659
303.58
306.295
312.108
314.273
314.25
313.021
307.041
306.327
307.256
306.598
306.202
302.326
303.271
302.019
300.202
299.022
298.633
298.494
294.578
294.665
294.482
295.15
296.136
295.046
294.799
294.892
296.02
304.813
311.395
308.888
309.083
309.083
307.705
313.363
313.323
314.451
314.451
314.254
315.4
321.953
325.697
329.035
327.626
332.09
332.042
331.613
332.174
332.538
330.32
335.761
341.064
345.987
343.062
343.368
344.991
341.158
340.885
338.334
334.852
336.593
336.904
336.493
333.664
328.817
332.68
333.524
334.567
336.928
334.719
323.678
318.658
319.91
319.472
316.866
316.081
312.815
313.299
314.136
316.637
322.174
323.972
324.045
324.045
324.045
325.282
325.703
328.993
335.261
337.774
337.846
336.667
336.667
340.617
339.163
331.064
329.947
334.492
339.642
337.107
330.641
332.309
333.863
331.561
332.45
332.331
336.845
334.575
331.099
332.294
331.125
334.18
335.419
337.202
339.726
343.832
351.461
354.327
355.189
362.289
352.713
348.029
348.538
344.191
342.017
341.477
345.159
344.865
341.212
343.2
341.641
342.91
342.91
343.41
349.678
356.166
361.835
364.859
363.165
363.183
363.183
360.578
360.733
365.8
367.241
368.222
365.556
364.882
364.77
365.892
368.452
375.709
380.787
384.286
385.59
374.632
376.9
377.26
382.405
380.379
381.193
383.981
388.099
391.55
391.692
393.164
400.897
412.008
403.883
401.517
388.217
381.978
388.73
391.082
393.36
389.579
395.738
398.723
405.448
411.307
415.707
406.357
406.389
413.65
412.783
408.892
410.384
410.206
414.204
414.883
417.581
421.865
422.166
421.461
425.758
426.25
424.389
424.389
418.998
416.526
417.89
419.056
418.607
421.045
422.202
423.594
426.051
426.808
428.705
430.568
433.685
435.334
439.943
446.442
446.708
445.223
446.291
446.468
446.468
451.435
454.301
455.492
458.877
461.662
452.677
435.558
420.385
402.17
405.035
418.147
421.948
421.128
429.374
427.581
421.633
417.585
416.601
417.308
417.4
417.155
434.436
431.062
431.749
436.24
435.512
429.062
428.181
429.512
428.484
426.052
422.935
419.369
422.514
422.773
423.279
420.304
419.087
420.486
420.353
415.957
417.09
418.616
415.558
418.631
416.784
416.801
421.604
419.911
417.547
416.362
412.061
413.455
416.402
417.37
416.863
414.573
413.576
415.085
415.448
414.824
417.757
420.33
420.33
426.859
427.247
436.59
440.06
439.961
441.21
441.367
445.158
447.135
446.631
446.631
443.892
437.328
438.016
438.016
438.016
436.923
437.803
441.174
442.766
445.595
447.241
447.164
448.301
454.003
464.706
478.509
465.569
464.233
468.951
460.555
457.475
456.418
460.298
459.243
459.242
455.1
459.119
456.203
454.967
453.783
450.792
452.508
455.284
458.4
459.935
458.722
460.896
460.727
464.208
466.892
462.954
466.427
464.158
466.053
463.254
463.696
464.965
465.995
463.192
465.175
465.928
463.85
464.067
467.119
464.177
454.96
452.357
461.977
464.313
464.313
461.233
460.907
459.646
461.597
460.268
460.831
463.277
461.884
463.852
463.952
463.128
460.791
456.303
450.332
449.441
453.914
457.385
450.887
451.931
451.328
451.202
450.24
446.772
448.331
451.597
449.973
447.365
447.141
447.731
452.632
455.141
451.409
451.409
449.873
447.35
445.926
448.943
452.169
453.907
453.907
463.208
465.707
474.635
481.958
484.47
494.141
494.141
494.141
494.595
499.277
502.615
512.013
509.372
498.999
489.052
496.908
501.576
501.746
501.096
501.821
504.354
509.184
510.569
516.303
512.35
514.844
516.959
517.01
517.064
519.499
521.302
524.219
533.668
543.129
536.612
537.223
547.911
548.167
544.26
546.133
546.956
549.767
545.425
543.694
538.7
542.073
546.543
549.382
554.323
560.279
573.712
576.939
570.674
569.314
565.256
566.484
566.484
566.484
563.049
566.09
563.576
565.821
564.453
567.196
562.824
554.273
564.198
569.919
576.206
575.111
572.901
571.196
569.687
559.882
561.696
564.946
564.832
563.594
568.225
565.403
561.94
558.919
556.348
559.238
563.912
558.869
558.869
559.132
555.092
560.189
557.783
562.67
563.381
569.594
573.757
570.346
560.678
567.327
558.867
560.906
557.067
559.848
557.287
553.569
548.826
545.364
557.662
556.241
553.045
550.783
556.903
557.089
557.267
553.685
551.1
548.277
548.342
549.795
551.25
549.48
548.01
546.998
543.51
538.703
540.735
542.77
545.944
544.172
545.71
546.874
546.75
543.808
546.217
546.144
552.242
553.26
556.989
558.555
557.905
555.655
551.981
550.662
551.995
551.093
548.146
545.64
544.288
543.881
544.348
539.676
539.676
530.602
535.757
530.696
529.069
533.053
531.877
535.253
536.371
536.525
532.988
532.988
531.438
521.184
521.678
521.678
521.678
521.203
520.768
521.533
522.617
527.282
524.913
528.651
525.443
527.195
524.65
521.083
511.51
506.706
502.908
503.578
499.763
482.073
470.217
457.378
467.674
486.229
497.952
500.198
493.25
494.506
491.25
486.249
467.514
467.514
467.514
467.16
454.389
462.118
458.862
445.973
445.05
467.921
468.808
459.926
458.801
470.788
466.932
466.703
461.461
454.163
447.76
427.376
442.886
450.498
453.167
455.009
455.359
462.955
466.664
466.664
461.503
460.968
456.256
453.367
450.207
447.917
444.138
444.138
437.699
430.858
422.05
418.651
426.64
429.527
432.303
425.968
425.754
419.258
409.576
400.848
399.547
409.065
409.065
409.065
414.036
412.262
421.49
420.414
419.493
423.79
427.291
436.558
425.216
413.55
415.231
407.319
407.319
414.59
411.386
411.386
394.906
372.34
361.63
352.005
342.613
351.221
348.456
350.14
353.969
363.218
367.056
366.506
369.402
364.371
368.519
364.616
367.064
369.873
370.56
370.512
371.202
365.866
369.5
371.184
364.972
365.074
369.372
371.917
374.104
377.979
382.021
380.903
384.318
391.032
395.195
397.39
411.225
419.141
425.553
420.61
420.303
419.032
414.466
412.051
419.004
413.131
412.8
412.8
412.8
408.286
405.568
415.728
416.512
416.297
413.289
408.277
398.544
390.199
392.57
399.757
399.555
395.803
390.04
390.566
393.337
395.185
398.342
399.86
401.549
398.977
396.459
395.695
398.717
399.839
402.897
402.621
403.455
404.647
404.372
419.21
420.328
419.571
420.229
417.078
419.125
419.125
416.748
416.258
419.975
420.186
421.776
425.644
427.844
428.647
423.181
422.13
423.102
426.942
429.533
429.212
425.096
414.276
413.612
415.749
419.843
409.14
419.51
421.255
418.9
417.945
419.967
422.697
419.784
417.133
413.085
419.086
426.327
434.868
440.917
437.591
436.34
435.536
437.165
439.379
434.622
436.219
439.106
434.953
431.204
426.193
421.712
420.137
424.042
427.494
423.372
424.021
424.457
417.076
408.943
410.901
409.917
407.155
404.431
405.281
410.525
409.597
410.282
410.39
407.594
407.594
402.02
403.116
400.961
401.321
408.609
409.186
406.732
403.911
398.508
401.9
401.9
402.386
403.913
400.977
400.977
400.977
404.185
402.635
403.586
405.106
402.766
400.696
401.787
396.904
388.938
390.981
390.354
392.191
394.346
392.973
392.05
388.39
391.106
395.529
396.942
400.2
400.2
400.2
399.576
396.9
396.892
397.149
397.825
390.305
390.14
390.513
390.449
392.301
395.36
396.058
396.489
396.907
395.89
394.668
401.07
400.399
398.818
399.487
389.837
390.884
392.783
393.239
391.612
387.961
386.785
389.97
390.506
389.816
387.667
383.321
383.321
379.402
382.135
376.352
370.584
369.233
363.575
360.785
360.785
366.629
363.273
364.141
362.439
363.785
364.642
364.596
359.175
359.364
357.7
352.038
343.966
346.725
351.856
355.298
362.624
369.271
367.26
362.883
362.79
362.668
362.668
362.579
367.362
364.331
363.147
364.231
364.524
365.179
370.132
368.305
368.305
364.7
362.7
370.057
383.495
386.253
386.253
390.789
388.392
391.042
389.575
394.802
400.493
401.574
399.22
395.448
394.285
394.878
396.397
396.196
393.997
389.279
390.82
394.014
392.115
394.349
394.163
396.755
397.684
396.581
399.867
397.643
395.79
395.496
393.897
396.705
398.525
397.694
394.146
397.12
397.37
395.327
393.122
394.107
394.485
389.082
390.95
393.953
393.621
392.956
392.921
393.735
393.608
391.484
394.261
392.346
392.571
392.191
392.836
392.2
404.794
416.21
418.672
412.479
407.728
408.965
408.041
404.242
406.992
407.078
407.6
409.083
412.003
411.804
412.562
429.132
428.638
434.176
431.273
430.998
432.196
432.869
434.846
435.595
437.232
437.577
438.419
440.106
438.37
431.841
434.636
433.19
431.514
432.18
434.802
437.587
437.99
440.285
440.854
440.662
438.669
414.62
409.603
414.105
423.592
412.682
421.402
419.119
422.47
422.482
425.742
427.818
432.464
437.188
435.625
433.315
432.64
435.919
433.81
432.378
430.289
431.026
427.214
431.631
431.227
426.303
422.97
416.047
414.19
414.274
414.142
414.483
411.65
409.928
413.9
416.985
420.933
425.631
424.774
424.018
423.913
423.266
422.834
423.006
423.245
422.878
419.299
419.437
416.589
416.331
416.331
414.73
413.309
413.339
414.808
416.667
416.897
413.108
409.414
408.43
406.177
408.957
404.937
399.011
393.333
393.333
397.811
399.553
408.022
407.405
407.37
405.976
402.21
403.827
402.475
401.958
402.841
401.531
401.64
399.139
399.139
402.544
401.68
402.487
399.757
401.666
403.747
401.161
404.502
404.099
407.455
407.583
409.71
408.552
409.101
407.159
403.572
399.171
403.647
406.712
405.373
405.44
408.492
412.197
416.837
417.216
413.021
413.348
415.501
421.576
424.465
424.368
421.905
421.142
421.361
417.76
416.528
415.288
415.362
418.314
418.314
420.484
420.481
420.913
418.632
418.739
417.078
417.994
417.994
417.994
421.936
419.522
417.034
415.596
412.509
411.828
415.11
413.525
417.021
420.667
422.989
430.533
430.533
440.864
446.985
444.436
436.942
434.038
434.041
435.103
441.666
440.5
441.806
442.151
441.671
439.101
436.893
434.092
430.953
433.235
431.598
433.96
445.687
449.56
451.612
453.266
457.543
457.543
468.342
465.555
462.166
452.676
453.988
451.199
452.769
456.614
458.016
457.086
459.448
460.898
449.245
439.265
434.529
439.15
436.371
438.465
445.512
451.833
450.395
445.913
445.102
446.234
446.523
446.523
446.523
440.11
427.021
432.518
435.119
440.376
449.654
455.357
453.855
452.394
448.866
447.944
446.251
443.733
444.386
452.336
450.692
449.411
446.429
444.81
444.079
444.888
443.983
443.941
444.023
444.635
436.865
441.516
440.675
439.907
434.492
427.05
419.439
420.067
428.545
440.242
432.319
432.3
427.56
423.817
427.404
431.132
429.201
431.782
436.08
432.424
432.264
434.942
435.298
436.866
430.114
415.551
429.441
433.76
431.801
436.599
426.607
430.864
432.075
430.534
433.404
434.992
430.457
437.201
435.249
432.23
417.894
420.75
422.68
421.395
424.995
425.237
424.83
424.171
424.19
426.615
425.98
423.376
420.794
418.093
416.685
419.354
417.781
417.94
414.714
412.489
409.304
407.427
406.595
411.632
408.108
407.461
406.352
404.594
401.658
404.376
403.352
408.063
404.864
406.936
408.717
407.701
403.161
405.335
407.349
400.034
403.717
400.892
398.167
398.385
396.413
396.977
398.955
393.52
390.918
389.819
388.663
392.992
391.622
387.314
382.664
378.736
374.751
368.211
378.896
385.476
403.291
400.8
395.672
397.481
400.773
395.696
394.41
395.675
391.759
389.322
392.265
395.149
400.888
400.888
400.888
406.855
405.165
402.065
402.979
399.934
394.356
393.7
396.185
395.106
389.756
388.695
390.067
386.245
388.418
385.958
387.252
381.206
386.222
388.517
388.18
389.362
389.394
385.927
385.165
386.553
385.041
388.178
391.233
392.5
392.673
392.95
388.201
383.322
381.134
382.538
383.859
384.335
384.172
385.374
382.34
380.548
382.325
375.085
377.608
376.484
376.645
376.645
376.645
379.271
377.983
375.996
375.909
376.133
375.061
371.183
371.183
369.718
364.913
364.83
366.68
364.897
364.092
361.469
370.455
364.166
364.315
361.545
360.268
359.053
362.76
361.72
364.334
367.434
364.735
362.452
364.133
371.252
374.97
378.243
378.114
371.762
374.419
364.958
363.366
358.539
360.207
358.675
363.037
368.713
369.929
370.026
371.806
371.463
371.463
369.064
367.888
366.815
367.87
368.148
368.952
371.429
371.429
370.899
369.184
367.732
368.015
369.202
371.775
371.307
372.583
376.522
376.522
378.994
377.161
377.267
373.626
374.502
373.766
373.456
372.951
374.373
375.503
375.318
377.648
374.44
375.134
371.793
372.608
375.381
376.436
376.121
374.32
375.48
374.997
374.316
374.163
374.43
373.087
373.456
369.466
369.304
369.846
368.567
365.066
366.942
364.533
364.354
361.511
361.336
364.795
366.501
364.89
354.849
351.346
349.305
347.315
348.537
347.546
344.813
339.244
334.479
335.003
340.389
346.007
341.696
338.932
340.031
340.212
339.228
340.202
335.77
337.922
337.922
338.071
338.783
341.887
343.622
344.34
342.488
342.91
342.541
342.094
340.392
330.855
324.067
324.845
326.295
314.191
321.187
321.146
324.858
327.204
325.941
327.789
329.409
326.763
319.32
313.638
311.255
315.151
322.045
321.325
328.481
322.334
323.502
315.326
317.132
318.167
321.752
317.163
317.965
312.417
308.818
315.024
316.975
314.743
317.623
319.229
317.084
319.399
317.98
311.449
311.796
312.71
311.779
307.774
313.892
320.351
320.847
318.225
318.477
318.122
312.289
313.269
314.522
312.836
312.836
318.27
320.12
319.831
317.15
315.773
315.008
315.513
317.249
320.177
318.175
318.175
316.123
313.512
313.167
313.167
313.167
315.551
314.652
315.214
317.34
318.793
318.701
320.146
323.412
324.381
322.188
318.535
318.455
316.472
314.313
313.734
315.735
314.965
315.719
310.858
309.443
307.584
302.305
296.852
301.374
297.827
303.959
302.228
298.752
299.341
295.93
297.167
298.222
293.969
294.118
291.763
292.753
288.679
286.465
282.794
281.347
277.729
277.61
278.404
289.667
292.504
300.547
307.153
307.153
299.533
298.051
300.968
299.824
303.381
306.751
306.751
313.919
312.828
308.556
308.824
309.224
309.289
312.42
312.42
313.84
311.197
310.613
309.624
309.145
308.567
309.831
309.467
307.878
311.239
305.816
308.473
311.004
310.755
311.204
310.839
312.879
308.189
305.25
303.567
309.001
306.332
308.908
308.473
304.058
302.167
301.128
295.662
297.165
298.883
296.951
296.951
295.293
296.005
293.499
292.799
296.435
297.023
293.979
293.979
292.24
288.358
284.698
289.095
290.775
292.516
290.599
288.451
288.451
288.451
289.182
292.237
291.755
292.987
290.281
292.074
295.847
296.51
294.752
289.678
290.956
289.312
289.997
289.639
286.43
288.226
287.918
289.951
289.375
288.903
290.243
287.012
290.147
292.538
289.295
292.492
291.631
291.745
291.648
291.499
288.644
291.205
290.781
288.615
291.903
290.791
290.05
289.338
290.24
291.114
291.618
292.494
292.998
293.79
294.342
294.706
295.615
294.292
293.153
294.53
297.574
303.524
304.791
307.083
305.5
306.169
305.222
305.452
303.091
303.648
304.282
300.113
303.108
305.843
303.601
302.504
298.807
298.807
298.777
299.607
301.129
303.091
303.288
301.473
298.249
297.676
294.647
294.603
295.144
289.295
288.167
288.681
284.999
278.618
275.009
274.21
272.618
278.232
276.807
281.591
277.771
280.336
280.293
278.929
278.835
271.429
269.703
273.825
273.344
269.329
267.74
270.844
272.051
274.956
269.684
270.158
271.353
273.361
273.084
273.335
271.119
271.287
273.388
271.821
270.37
268.072
267.744
268.628
268.537
270.503
270.093
270.066
273.023
270.254
271.011
267.4
259.095
259.956
261.875
265.019
259.959
259.959
261.442
260.342
260.668
258.999
260.911
259.28
258.943
258.943
256.899
260.446
260.446
257.699
258.315
255.967
255.967
255.967
254.841
254.468
252.623
250.493
247.709
247.35
249.174
251.481
250.391
252.163
251.527
252.59
252.406
251.949
250.728
249.673
251.921
252.379
251.059
248.499
248.346
250.545
251.462
255.752
258.838
262.962
264.634
264.634
260.941
259.752
260.053
263.301
266.263
277.904
273.899
272.419
270.502
269.067
273.267
273.267
273.267
273.267
272.377
275.619
277.598
281.627
283.311
290.762
292.162
291.512
291.342
289.141
288.384
288.384
288.384
287.833
282.952
278.304
275.185
278.09
278.732
277.082
277.082
276.262
274.801
273.623
270.529
278.666
270.348
273.065
273.14
271.055
272.565
274.989
275.685
275.819
273.795
271.663
272.83
273.074
276.037
274.421
276.198
275.753
276.4
277.168
274.015
274.956
274.259
272.694
270.043
270.997
269.41
266.156
266.156
267.695
270.062
272.955
274.381
272.491
272.831
267.894
269.195
269.195
269.195
272.24
271.678
271.051
271.894
268.334
268.662
267.983
269.881
268.949
269.626
269.198
268.265
270.361
269.498
267.672
267.107
268.215
269.141
268.349
269.561
267.426
270.072
269.028
270.742
271.335
271.336
271.571
