100
99.76721923
99.24749332
98.93812667
98.93812667
97.68705598
97.37088729
97.69209452
97.46838313
96.93001461
97.11744848
96.68337784
95.86259888
95.18743387
93.31107976
92.46233688
92.37668161
92.46183302
92.99919383
92.84778556
92.70796594
93.52647755
93.16773316
91.69975311
90.16072958
90.14284275
89.86118809
89.05728826
89.89670983
89.06333451
89.92467375
90.85302565
91.39441729
90.86310274
92.05950521
92.0751247
92.58149846
93.28487933
93.3604575
93.79805512
93.28865824
95.16224114
95.84370434
95.91525168
95.46782889
94.79996977
94.50823802
93.90386456
93.83836348
93.40454477
93.47961909
93.18486421
94.0169799
93.96029627
94.078954
93.25741926
92.97551267
92.23938127
91.6146017
91.37804202
91.09815085
90.35219429
89.86421122
88.65344888
89.48632035
90.19297627
90.45321711
90.02267345
90.87544717
90.96513327
91.01224366
90.76233184
90.16853933
90.40761828
90.40761828
90.40761828
89.84355318
89.67325037
89.89192321
90.39174686
89.9047715
90.26049277
90.15518718
90.08515141
89.79417544
89.79417544
90.9747065
91.46596463
92.95006802
92.8545876
92.23207538
92.79991938
93.48314607
94.05905175
94.53091147
94.72665894
94.46818159
94.50017635
94.73245327
95.34388069
95.15014864
94.82994911
95.93641356
95.93641356
95.72378697
95.47589056
96.39290573
96.71285333
97.32528846
97.76666499
97.76666499
96.52290019
96.56346047
96.58159923
96.16390386
95.43155137
94.85816496
94.48984733
94.48984733
93.85070792
94.87630372
95.49050234
95.78928805
96.06010984
96.56169698
95.48168489
94.86370736
94.61505517
95.23252885
95.90542651
96.02131304
96.15206328
95.79936514
95.25016375
95.93187887
96.65113115
96.98871366
97.07537663
96.67103341
96.13316874
96.76475034
96.43170252
95.85302565
95.58522699
95.32674963
95.86335466
96.48082834
97.12299088
96.9456341
96.51685393
96.17574445
97.63767824
98.32644732
98.4529148
97.37063536
96.32085454
95.609412
95.75452209
95.8175039
96.53927546
95.87771452
95.87771452
95.94220789
94.96145513
95.79205925
96.58764549
96.19589862
96.1734771
95.43910919
94.98085353
94.31677332
94.41779614
94.2704187
94.48984733
95.32246687
95.17609714
95.10454981
94.99748073
94.63848441
94.29586335
93.67385499
93.73255404
93.55973195
93.19872021
93.66780874
92.85357989
91.91489898
92.50365295
92.70998136
91.35536857
91.3029677
91.85720764
90.97319494
91.10419711
91.90280647
91.37224769
90.13024638
89.90099259
90.10933642
90.34312491
90.61344284
90.12168086
89.13966846
86.80883761
87.2932937
86.14374969
84.25958583
85.05063738
85.19247241
84.16057842
83.39623117
84.01446062
84.67325037
84.67325037
83.71769033
84.0346148
86.61661712
86.61661712
86.67682773
86.56774324
85.7970978
86.0329017
86.1374515
86.01274752
85.3569809
85.43860533
85.18541845
84.85237064
84.77578475
85.2579735
86.58235502
87.36887187
88.20627803
87.54925178
87.41220336
88.20476646
87.53993047
86.84335164
85.64896458
86.5183655
85.23781932
86.22260291
85.54517055
86.19892175
86.19892175
86.41507533
86.14223812
86.14324583
86.23217615
85.96085051
85.19952638
84.05754018
85.41719152
85.85856805
85.67919585
85.67919585
85.67919585
86.26719403
86.88391193
86.88391193
86.88391193
88.75371593
89.79644279
91.42918325
91.87786567
91.78666801
92.46006953
91.43749685
91.09059304
91.64256563
90.90744193
91.68010279
91.5831108
91.08782184
93.07577971
92.74978586
92.3978435
92.85357989
93.5315161
93.20149141
93.57585529
94.10288709
95.40887792
95.34690381
95.55398801
94.55030987
95.47009624
95.64694916
94.70297778
94.09230614
93.10273593
93.22391293
92.61097395
93.07174888
92.76868041
91.52844259
91.5045095
91.96125359
92.62457802
93.79427621
93.69375724
93.84944828
94.2029022
93.80082632
94.47271628
94.04368418
92.95661813
92.14339699
92.87700912
92.82838716
91.57681262
91.50299793
91.95092457
91.61485363
91.31657177
91.94336676
93.23474581
93.46576309
93.4723132
93.05461783
93.84944828
94.02126266
94.00539124
93.53756235
93.34332645
94.12253741
94.44021767
94.05174586
94.36791455
94.36791455
94.36791455
93.52093515
94.66821182
94.67451
95.24310979
96.10722023
95.47740213
95.3819217
95.3542097
95.92532877
96.82823601
97.06177256
97.94024286
98.22164559
98.3272031
97.20461531
97.53640349
97.53640349
97.92059253
96.7579483
96.28004232
96.87836953
96.98266741
96.98216355
96.52793873
96.57378949
97.07008616
97.54925178
97.54925178
97.42883055
98.78848189
99.43467527
100.0675165
100.3247342
100.4585076
100.4585076
101.2626593
101.1848138
100.9434675
102.3658487
102.8225928
102.9208445
103.5133773
103.5133773
103.3534035
104.2923364
103.9693656
102.9830705
102.4547791
101.7060513
100.8877916
100.5945483
99.96624175
99.44676777
98.00599587
97.86819167
97.70267547
97.32705195
96.08605835
95.70237315
94.26437245
93.89202398
94.27067063
94.81836046
94.81836046
94.25127223
94.52763642
94.79896206
94.81634504
93.36524412
92.71325641
91.20899884
91.78263717
91.08681413
90.74016224
90.10026704
90.69305185
89.86874591
90.13805613
90.6010984
90.86007961
90.31339749
90.45271326
91.0865622
90.88325692
90.63510858
90.22925379
90.07986094
90.2496599
90.49352547
90.71748879
90.86486623
90.41013755
90.41013755
90.65551469
90.40031239
90.18365496
89.77024235
89.80601602
91.26669018
90.81044994
91.32488537
91.288104
91.31581599
91.52567139
90.8923263
90.19020507
90.91903058
90.97294301
89.96901295
90.96286592
91.2039603
91.07220235
89.40016123
88.84063083
89.65964629
89.82465864
90.00176349
91.03164206
90.62251222
90.49075427
89.89343478
90.53332997
90.53383383
90.71119061
91.60376883
91.73124402
92.9110193
93.18965083
93.25666348
92.81906585
92.53967854
92.46485615
91.46672041
91.64609261
91.80808183
92.30664584
91.11200685
92.26810097
93.21257621
93.32619539
93.00851514
92.23635814
91.93858014
91.37980551
91.7430846
90.81725198
90.84294856
91.43472565
91.43472565
91.61888447
91.98543861
92.0574898
91.86652895
91.87030786
91.86249811
92.17614753
92.36534489
93.09794931
93.00297274
92.64448027
92.66589409
92.50768378
92.76061873
93.35441125
93.56225122
93.74691389
94.0456996
94.22305638
94.98387666
95.70514435
95.98075276
96.07648511
96.6848894
95.27056986
95.98503552
96.2271376
95.66987454
95.48949463
94.56895249
95.84395627
95.9127324
95.97672192
95.3930065
96.00342621
95.57011135
95.57011135
95.57011135
95.57011135
97.03103744
96.5470852
96.5470852
96.5470852
95.95656774
96.22008364
96.22008364
95.67919585
95.65274349
95.14158311
96.11578576
98.38993299
98.2115685
98.63934096
97.73567794
97.70998136
98.72046153
98.61767522
98.90008566
99.21751398
98.87237366
98.83105759
98.54486824
98.50455988
98.20904923
98.4020255
99.19484053
99.26462438
99.48883962
99.92593339
100.5144354
100.4504459
100.304832
100.9553081
101.0991586
101.3347105
101.0785005
100.979997
100.9663929
101.0142591
100.6837305
100.7537663
101.506273
102.3681161
102.3842394
101.620396
102.9989419
103.0702373
103.4594649
103.6914899
103.393208
103.4637477
104.3769839
103.9386305
103.3055374
103.3770847
102.413463
101.7760871
101.9592382
101.5934398
102.0592533
101.9924926
101.8156396
102.2489545
101.436993
101.436993
101.436993
100.0390487
99.52536907
98.89504711
98.91091853
99.75134781
100.1823953
99.65183655
99.45608908
98.99254295
98.65974707
98.63833325
99.18803849
99.54552325
100.3438807
100.3942661
100.8180078
101.4606742
101.8438555
101.2694614
101.2455283
101.2006852
100.8374062
100.8374062
101.4631934
101.8730791
102.1028367
102.7583514
102.7583514
103.4327606
104.4712047
104.0741674
104.2946037
103.012294
103.2637174
103.2637174
104.5024437
105.4768983
105.2287499
105.5439109
106.6806066
106.6795989
106.3684688
106.3684688
104.5757545
105.9525369
105.8981206
106.1621404
106.2901194
106.0127475
105.7023732
105.6963269
105.7389026
105.3884718
105.6008465
105.4968005
104.9128332
104.387061
104.7362322
104.8831058
104.2600897
103.7693354
104.5283922
104.3117348
104.2641205
105.602358
107.5507633
109.0761828
110.2421021
110.7993651
111.018038
110.7300852
110.9842797
110.0330025
110.30458
110.7247947
110.4907543
111.4082733
112.6527939
112.8588704
111.0953797
111.4684839
114.5818008
113.8570061
113.8471809
116.1036933
116.4191062
117.5500076
118.1143246
118.0692296
117.0418703
115.6534993
116.0835391
117.0335567
115.0733108
114.3376833
114.4442485
113.0185922
111.3072505
111.3072505
108.4539225
111.4551318
112.9284023
112.0796594
108.1133169
108.9995969
107.943266
109.3019096
109.5037033
108.5572127
110.2221998
111.4538721
111.3566282
112.2910264
112.6134932
111.977125
112.2240137
110.6235199
108.151106
108.3259435
107.9583816
108.7532121
110.1728221
110.4449035
111.492417
112.7601149
113.3785963
113.7476697
113.6572278
113.3418149
113.5095984
114.2671436
115.2456291
116.5987303
117.0514435
116.7644984
116.2226029
115.5847231
114.0091702
113.7564871
114.5712198
116.2850809
117.0322971
116.4470701
115.4557364
115.1632489
116.2954099
115.9792412
113.244571
113.8378596
111.3893787
103.3848944
108.6181791
106.8237013
108.6930015
111.797249
108.5385701
110.1206731
110.1844107
107.8666801
108.3370283
106.6821182
104.5598831
104.3399506
106.0805159
106.7408173
107.3744143
106.6395425
107.3640853
108.4708016
106.1729732
106.3649418
106.329672
105.7038847
103.7522044
106.1797753
107.3063939
108.1221343
109.6893737
109.7793117
109.7793117
111.5647201
110.5260241
108.2753061
108.7433869
108.0863607
107.6651383
108.434776
108.5237064
107.3877664
108.5161485
110.145362
110.145362
110.145362
110.145362
112.2900186
113.0460523
113.0460523
113.0460523
113.8214844
116.5249156
116.5249156
116.6372752
117.2806973
115.7759359
110.6741573
110.5441628
110.8253136
112.1688416
112.3270519
114.5969164
118.1999798
117.3376329
116.0097244
115.9268403
116.5559027
117.1665743
118.0052401
117.6391898
118.705094
119.2132312
121.0412153
119.9448279
120.53333
119.8155893
120.6998539
120.0644934
120.896861
119.7518517
120.3731042
120.2433617
120.0428276
121.1268706
122.0544667
120.5630574
121.9768731
122.1499471
123.3763289
125.1287348
126.1152819
126.367713
127.6988966
126.4314506
124.5503099
125.6832267
126.3825767
126.2278934
128.6992996
128.5116138
129.2359047
128.7753817
129.4336676
128.3085605
130.6862498
131.2598881
131.1578576
133.5481433
135.5247644
134.4691893
137.1275256
136.3316874
134.8621958
134.8014813
137.4190054
138.3050335
138.6416083
137.1852169
135.7570414
135.5033506
135.5033506
135.5033506
136.225626
135.8729279
136.3488185
135.7784552
137.5842697
140.0287197
143.0657026
144.1819922
143.7642969
140.9351539
140.8127173
141.672545
141.9577266
141.9577266
143.3803598
142.3973396
142.3540082
142.2708722
145.09019
146.2268857
146.4067617
146.1800272
145.3058397
145.619741
147.448229
148.5660301
150.017383
150.017383
151.1225878
151.4757898
152.7104852
149.1719152
149.577518
148.9303169
148.9303169
147.8125157
147.5746964
146.291379
147.0957827
147.5961102
147.3353655
145.8938379
145.8938379
142.3341059
139.1822442
138.7403638
139.4379503
138.9650829
138.7836953
137.3794528
138.7174384
139.1507533
140.9666448
139.9425606
140.2090996
139.7725097
141.0323978
142.0159218
144.4628911
144.2384239
144.7790598
144.2195294
143.9910314
142.7024235
142.0710939
142.5862851
143.0334559
143.4692901
144.286542
145.103794
145.7839976
146.8234494
146.5889051
146.2583766
146.3820729
145.5151912
141.4523606
142.4809795
139.7898927
141.1825465
141.5279387
139.3066962
137.4719101
137.7084698
137.9263869
134.9090543
134.0719
131.5642163
131.2807981
127.8646647
130.3295208
132.3552678
130.6542551
122.8833073
121.1394669
123.2302111
118.6257369
112.8314103
113.7957878
114.0048874
107.4628407
109.0142087
105.4600191
106.2888598
109.0159722
113.1740313
112.2743992
108.4269663
107.4958432
107.9669471
104.5115131
105.6764246
101.6020053
101.4757898
98.75749484
100.5562554
102.3902857
103.2349977
101.2296569
100.30458
98.97994659
96.50954804
91.3528493
91.38887489
94.89393863
96.57555298
95.61545826
93.92880536
96.84939789
100.1189097
100.5577669
99.92165063
99.59137401
103.3861541
101.3913942
104.1822442
103.6572278
103.8393712
103.7889857
103.7889857
104.7737693
103.1417847
103.0185922
107.2857359
110.076334
108.0148133
109.4618834
107.5847735
107.351237
106.8418401
105.7190004
105.484708
103.6307754
102.8714667
104.2356527
103.7995667
102.0967904
101.7602156
104.463143
105.7794629
103.4501436
103.5997884
105.0178868
105.3519424
103.8061168
100.8714163
103.8441578
106.3813171
106.066408
107.150199
107.150199
106.3767824
105.9908298
105.9371693
104.2008868
102.8331738
103.2629617
102.3829798
101.6322366
101.4649569
101.3100217
101.7234343
101.7234343
101.7234343
102.3325943
103.8287902
103.7632892
103.7632892
103.7632892
104.8067718
106.2387263
106.2387263
106.6745604
106.606792
105.8812415
105.0017635
102.5089434
101.6675064
99.47951832
100.0090694
98.79830705
98.28110042
98.13926538
95.39602963
95.38821988
98.48490956
98.71693455
99.41351338
100.7426815
101.0482693
99.9297123
98.9948103
101.2717287
102.6346551
103.078299
104.0910465
102.0388472
102.1680859
102.7062024
104.7808233
107.2512218
107.5457248
107.4215247
109.1908097
108.8554945
110.9968761
110.0904419
110.1650123
109.8695017
109.1046506
108.3249358
108.2405401
107.870459
109.9846324
111.2011891
111.5261752
111.0359248
112.1854688
113.0994609
112.5348919
113.4536706
112.825616
112.1713609
113.2619539
111.6589409
110.1947398
108.3763289
109.9612032
110.7880284
111.0238323
111.1888447
111.2548496
111.9819116
111.9819116
111.9819116
112.877261
112.3197461
112.5222956
113.1934297
111.8453671
112.250718
112.7487782
112.5170051
112.4774525
115.1723182
115.1491409
115.5177105
115.2844259
116.319091
116.8060664
117.5857812
116.6226634
117.6132413
118.2294553
119.0550209
120.4187031
118.6872071
117.3620698
116.2833174
114.9108178
113.0916511
111.0326498
111.0326498
111.8058145
109.9397894
109.4961455
110.5114123
110.7182446
109.8455686
109.8455686
105.6572782
106.2704691
106.9924926
104.7495843
104.8034968
106.3808132
106.7682773
106.7682773
107.4250516
108.3337532
107.2912783
107.8422432
106.4805764
106.4097849
106.239734
106.6042727
106.6576813
106.4672243
107.3124402
109.5823046
109.8637074
109.0325994
108.6186829
107.2338389
107.1957979
108.7794125
110.5789288
112.5883005
112.6538016
114.6926488
113.8305537
113.4408223
112.9677029
113.4020255
113.6025596
112.6260896
111.7529098
113.6053308
113.7874742
113.3216607
111.655162
109.7306898
109.598176
109.2064292
107.5109588
108.182093
108.5020406
107.4426866
107.0285182
104.6228649
105.5179624
105.4680808
105.9810047
106.4911574
107.1489394
107.0292739
106.8279841
107.6807578
107.299088
106.9154028
106.7710485
106.5899128
106.661964
108.3158664
110.2048168
110.2405905
110.3423691
109.9604474
109.3376833
109.2160024
108.4692901
108.2455787
106.4790648
106.9655364
108.5783746
108.7610218
107.5615962
109.4157807
109.4399657
108.8970625
109.0109336
106.9393359
105.4627903
105.425757
106.0538117
104.3943669
103.1904066
103.5410893
102.5530307
103.1223863
101.9463899
102.0491762
101.7738197
101.5707664
102.0015619
101.7627349
102.4953393
102.9213483
103.3445861
103.4080717
102.323273
102.3242807
101.5503603
100.8872878
100.5066257
100.85882
100.8026402
100.7242908
100.6953192
100.8673855
100.8673855
100.8545372
101.2545977
101.7251978
101.7251978
102.299088
102.2081423
102.3975916
103.8146823
104.3434776
103.9320804
103.708369
103.6118809
104.6299189
104.6291631
104.4626392
104.4235905
104.4203154
103.9686099
103.0866126
101.8909659
101.5954552
102.4003628
102.8084849
101.5543911
101.295158
101.755681
103.7703431
105.4970525
103.8693505
104.5520734
104.5520734
104.5223459
104.6473019
105.1637527
105.0906938
105.5854789
105.7761878
105.7996171
105.439865
106.533985
107.0010581
108.382879
108.382879
108.6743588
109.2217967
108.8290422
108.8290422
108.8290422
109.1978637
108.0767874
108.2357535
108.2357535
110.8676374
111.9055777
110.6829748
108.382879
108.1009724
108.0503351
107.1527183
104.9924422
105.4023278
104.9848844
103.9252784
105.4839522
103.0183403
103.0070036
103.3314859
104.2651282
101.5838666
98.51640046
98.41361415
97.79740011
93.69955157
91.87307905
94.7337129
96.33093163
96.08152366
98.70282662
100.6550108
99.42459818
100.3204515
98.61994256
99.44450043
96.93152618
97.48375069
98.04831965
97.12727364
97.63389933
97.8971633
98.28059656
97.25651232
97.91605784
95.82153474
92.83619691
91.76978888
93.74414269
94.03637829
97.03229707
96.855948
98.50682723
99.36640298
99.85010329
97.55454225
99.07441931
98.64488336
99.20894846
98.63531012
100.4129088
100.6184814
100.1022825
99.77049428
99.71859727
101.2286492
100.8928302
100.9668968
99.54552325
100.3373306
100.0282159
100.1990225
99.33289666
99.74656119
100.135033
101.1225878
100.6497204
99.86471507
99.9806016
100.2118708
100.2118708
100.2118708
101.62745
102.1481836
102.0292739
100.5975714
100.5975714
101.3153121
101.0608656
101.0228246
100.83791
101.4916612
101.4634454
101.810853
102.1839573
101.8526729
100.7708974
101.620648
101.2876001
101.1533229
101.0568348
100.4688366
101.7607195
101.2802943
102.0569859
102.067315
102.039603
102.7119968
102.1965536
102.1965536
102.6268454
103.4977578
104.5588754
104.9800977
105.2068323
105.3640349
105.3640349
104.8249106
104.8221394
103.5735879
102.8334257
102.4847584
102.7119968
102.2119212
102.2119212
102.5525268
102.5709175
102.4084244
102.4096841
101.526931
102.077644
101.7544213
101.8287399
101.41961
100.25621
99.98790749
99.376732
99.59515292
100.1632489
100.3423691
100.3534539
99.94130095
99.38882451
100.0025193
101.0900892
102.662619
105.7746763
105.1383081
104.698695
104.8050083
104.9224064
105.4194589
106.7576964
107.6051796
106.686401
106.7944778
108.6108732
109.6684637
109.0522497
108.4294856
107.7087217
107.2804454
107.2804454
107.5180128
108.0707412
107.9090039
108.2926891
108.389933
108.7841991
108.0246385
107.6469995
108.0059959
107.6656422
107.8062176
106.6682622
107.3489696
108.2380209
108.1667254
108.7146672
109.2354008
108.912682
108.8947952
108.1208747
108.9237668
108.5740918
108.6557162
106.9408475
107.8044541
108.0473119
107.8450144
107.0932635
107.1771552
107.5217917
107.6437245
107.4520079
107.8550914
108.7161788
109.5888547
109.6112763
109.3495239
109.2711745
107.6910868
107.1638031
105.8288406
105.4124049
103.5970172
104.0454477
104.1464705
100.7885323
101.0654003
102.0035774
102.2733914
103.1893989
103.3372802
103.3372802
102.9384794
102.9984381
106.0313901
106.0313901
105.8515141
106.9350532
106.3520935
106.5312138
106.2140374
106.3223661
105.7850053
104.7760367
105.5932887
105.1415831
105.519222
105.2677987
103.8701063
104.0525016
104.0487227
104.6369728
105.6368721
105.1957475
103.7849549
103.8791757
99.16662468
100.3975412
99.07164811
100.7232831
100.4988159
100.4962967
100.4962967
101.4835995
100.8119615
101.159873
100.3023127
100.4544767
100.0723031
100.0060463
98.52546984
98.00498816
99.10364287
99.10364287
99.10364287
100.0629818
100.5907694
100.5907694
100.5907694
100.3312843
98.78142792
100.5580188
102.7218219
102.1741321
102.0572379
102.8147831
102.4011186
103.3566786
103.7171865
102.6228145
103.3445861
102.3288154
102.5369073
102.7341664
102.1592684
101.4788129
101.4337179
101.8556961
102.5056684
103.3949715
104.5550965
106.9174182
105.2327808
105.9507734
105.599083
107.7082179
108.8708621
107.634907
109.0177357
109.2870459
108.4345241
109.6669522
110.983524
112.3638333
114.3412103
113.9628155
114.1215297
112.922356
112.8349373
114.4399657
112.6014007
112.413463
112.101829
111.9864463
112.4381519
115.1352849
114.4485313
113.4410742
113.4362876
113.2055222
111.9725903
111.2682017
108.7494332
107.8893536
108.2924371
107.7719555
105.7484758
107.2245176
108.2448229
109.4664181
109.7201088
110.2257268
111.3646899
109.8899078
109.6163148
110.3267496
113.144052
111.381569
112.6389379
113.3531516
111.9960195
111.9829193
111.9829193
111.9829193
112.5018895
113.3637326
112.2232579
112.5744445
111.9297627
112.9886129
112.1280294
112.6409533
113.4171411
113.639341
113.639341
114.2439663
112.8472817
111.4702474
111.4606742
111.8262206
111.9103643
113.0631834
113.1762987
112.5925833
111.2286492
111.4364891
113.1853681
113.2110646
111.5319696
112.0365798
110.5423994
110.5423994
109.6699753
109.7384995
108.071245
108.8459213
109.5858316
111.1293898
111.1293898
113.8665793
113.3559228
112.9168136
113.2110646
111.9040661
112.2754069
113.5859324
113.5859324
112.3867587
112.5983776
112.7905981
112.1046002
110.7950824
111.942359
111.7629868
111.8650174
110.1637527
108.9257822
107.1063637
106.9892175
106.876606
107.7485262
108.4103391
107.7213181
109.0179876
110.0821283
109.4548294
108.9691137
110.4995717
110.6610571
109.8108026
110.3471557
111.6952184
112.2582758
112.9289061
112.9835743
112.3381367
112.1673301
113.3458457
112.6769789
111.1366957
111.4604222
109.8367511
108.4133622
108.9985892
109.3883207
109.0656019
107.901698
109.0678692
110.2242152
109.0280647
109.0280647
108.8368519
108.3335013
107.3310828
107.8558472
108.1571522
108.5569607
108.1206228
107.5444652
107.7069582
108.1705044
107.174384
107.5704137
107.0849499
107.5316169
106.686149
106.1873331
105.3474077
103.781176
102.7649015
102.5094473
102.392805
100.2929914
99.6551116
98.63934096
98.83609614
97.80344636
95.71723686
95.60336575
94.74026301
96.55439109
98.24179977
97.18168993
98.63581398
98.74716582
98.41537764
98.48138258
95.85756034
95.42802439
94.90955812
93.84541744
94.8150854
96.73048823
95.29651837
97.15498564
97.63037235
97.17765909
93.65067768
92.0972943
93.04252532
92.00307351
90.78021867
90.78021867
89.6939084
89.50672646
91.51534237
91.51534237
91.18279841
91.00267043
92.2174636
92.49080466
93.28135235
92.7565879
92.54648058
91.8050587
92.64347257
93.43124906
93.62145412
91.9179221
93.22139366
93.34886885
93.51287348
93.59500176
92.72736434
93.28639089
93.78293949
95.1516602
96.60578425
95.69204414
96.61434978
97.50793571
98.12289011
98.43553182
98.48793269
97.81150804
98.36549604
98.69526881
98.09064342
97.60165264
97.17665138
96.50249408
95.2330327
97.18773618
97.18773618
97.18773618
97.18773618
99.09482541
98.17579483
98.17579483
98.17579483
97.32957122
98.39043684
98.64689878
97.48727767
96.4573991
96.56068927
96.73099209
97.02927395
96.77810248
97.53086109
97.12727364
98.2087973
98.14304429
99.15402832
99.48077795
99.58331234
100.5086411
100.4300398
100.903663
101.0255958
101.333199
101.8985237
102.3255404
102.9939034
103.1566484
103.2082934
104.6757696
105.3630272
105.8389177
106.1220839
106.5118154
106.5354965
105.7406661
105.8268252
107.1902555
106.8876908
107.4046455
107.5225475
107.3812163
106.5274349
106.6083035
104.3764801
104.6377286
106.8063183
106.4780571
105.2919837
104.7692346
106.8879428
106.7939739
106.6788432
105.9351539
105.5285434
106.1273744
106.4478259
106.450849
106.6581851
106.5886532
108.1422885
109.1091853
108.6844359
109.8652189
110.5514687
110.5514687
110.5514687
112.0615206
111.8927294
110.5398801
112.2832166
112.0023177
111.9627652
112.4295863
113.0422734
113.6068423
113.9791908
113.6300197
114.0247896
113.7756336
113.9824659
113.3581902
113.4793672
112.5313649
112.3628256
112.11896
114.1210258
114.6961757
114.6961757
115.633597
115.4718597
115.8301003
114.8642112
114.6009472
114.6009472
114.6624175
114.5611427
114.0414168
113.715423
112.8782688
113.2254245
113.2254245
112.81176
112.195294
112.1209755
111.3833325
111.6224114
112.5454729
111.5846224
111.5846224
109.8659747
110.0967401
109.2827631
108.9668464
109.8445609
108.7476697
108.8509598
107.877513
107.0849499
106.8793772
105.9008918
105.4700962
104.8503552
105.3952738
105.0267043
105.2453771
104.1734267
105.2131304
104.0537613
105.3547136
105.1287348
106.7713004
103.6272485
103.1689928
103.5887036
104.1122084
104.0620749
103.9416537
103.043533
102.8155389
103.085353
102.5326246
101.4490855
102.9341966
103.2128281
100.9185267
100.405099
97.98785711
93.77412203
96.26139971
96.43800071
97.3414118
97.7593591
95.73134479
95.5983272
93.86280042
93.33728019
93.58013806
94.14873784
94.70474127
95.2728372
94.11926236
94.4951378
95.19448783
95.19448783
96.18934852
94.17090744
92.83670076
93.85020406
94.82944526
94.67274651
94.54023278
96.24452058
94.45105054
93.65118154
95.59807528
95.02368116
93.61162896
94.56542551
93.90184915
93.20199526
94.67199073
94.97556306
95.10807679
93.65218925
92.97601653
92.493072
92.66765758
91.23167229
90.64795687
89.26538016
89.04595153
87.33687711
88.84768479
89.28754976
89.00060463
89.23086613
88.27732151
90.09875548
88.77311432
86.54884869
83.54310475
82.97677231
82.6956215
82.69612536
83.54411246
83.34912077
84.62236106
85.14208697
87.36156598
87.15624528
87.71678339
88.3151106
87.63793017
87.91958482
87.40741674
88.88799315
88.36146521
88.24179977
90.36126367
90.36126367
89.97657077
90.26603517
90.93968862
91.05759057
90.57439411
90.26099662
90.72529853
91.1623923
90.86889706
90.62100066
90.39426614
90.40434323
91.13417645
90.52753565
90.70438857
91.31077745
91.3417645
91.21177004
90.75074319
89.73875145
91.46218572
91.07673704
92.46863506
92.95812969
92.77623822
91.82294553
92.68579634
93.10475135
93.00322467
93.18511614
93.30604122
93.36499219
93.27580995
93.23222653
95.84849096
96.04801733
96.04801733
96.04801733
96.04801733
94.4923666
95.26401975
95.26401975
95.26401975
95.12369628
95.53055877
95.53055877
95.54920139
94.83045297
95.85881997
94.75940948
95.38393712
96.76475034
97.23308309
97.84325087
96.23242807
95.75401824
96.20748728
95.16350078
96.43069482
98.00927092
96.78465259
97.05673402
95.73688719
94.335164
94.986144
95.48798307
95.4262609
95.93842898
97.01113518
96.93858014
96.04625384
94.9601955
93.80813221
94.84304933
94.71809341
96.04801733
95.47689827
95.7832418
94.7309417
95.16173729
94.68080818
94.27444954
94.63143044
95.57968459
95.98377589
96.59117247
95.83387918
95.93968862
95.90719
95.41013755
94.16208999
93.51690432
92.59081977
93.37733663
93.93913438
93.89277977
95.148889
94.60195496
94.87252481
95.63208545
95.98982214
96.11603769
97.18219378
96.6644833
96.37501889
96.3195949
97.05547438
98.72121731
98.36146521
98.93082078
100.9988915
100.422482
99.78208293
99.00816244
98.83508843
99.12052199
98.46223611
96.58437043
96.69950118
96.69950118
96.69950118
96.20345644
98.3493727
98.88799315
98.47256512
99.83927042
100.1856704
101.1475286
101.1475286
101.4644531
102.6381821
103.5672898
104.761173
103.7368368
103.4428377
105.5806923
105.5869905
106.7047917
106.9204414
107.018693
105.8739356
106.2876001
105.8477352
105.7449489
105.3196957
104.6077493
103.6834282
103.3098201
103.3098201
99.7946793
102.9183252
103.469542
103.2647251
103.5667859
104.2170101
104.2170101
104.5168035
104.7037336
103.3216607
103.9990931
104.0250416
104.2744495
105.2302615
105.2302615
105.7290774
105.7283217
105.2541946
104.7584018
105.4063586
106.1651635
105.4454074
105.9182748
107.6830251
106.9179221
107.4179977
108.6766262
107.4406711
107.5154935
106.6370232
107.0081121
108.8859777
108.7955358
109.3245831
108.8451655
109.2177659
108.2120724
106.6602005
108.2415478
107.7790094
108.1062629
108.0097748
107.8024387
107.4953393
106.6639794
106.582355
106.2236106
106.7241901
105.9464907
106.3994558
106.5485968
106.3553686
107.0146622
106.9849348
107.3827279
107.3827279
107.455031
108.7338137
108.8786718
109.1925732
109.0099259
109.2772207
109.598428
109.518567
109.6473019
108.8267748
109.1913135
110.4217262
111.0790044
110.4227339
110.2652794
111.4095329
110.7416738
110.5665844
111.7063032
111.4228851
110.2592331
110.4035874
109.844057
109.7362322
110.1544314
109.1716632
109.0497304
108.4221797
107.6293646
107.8576107
108.2947045
108.5451202
108.0873684
108.7862145
109.1104449
109.3626241
109.4263617
110.2703179
110.4620346
110.6852421
111.6420618
112.3376329
112.873986
113.6930015
113.2654809
113.2642213
112.7165315
112.1126619
111.5092961
111.6624679
111.6664987
112.0771401
113.4551821
114.5233537
114.7062528
116.042223
116.88366
115.9346501
115.7026251
115.9359097
115.8212828
114.8805865
115.1506525
116.246536
116.7327556
116.0742178
116.7027762
117.1194639
115.9668968
116.3415126
118.3637326
118.3158664
117.562352
118.6859475
119.3847937
120.8547891
120.7923112
120.7038847
120.0264524
120.3640349
120.3640349
121.2898675
119.6440268
119.3749685
120.2431098
120.6031138
119.0366302
118.7988109
119.8697536
121.0910969
121.655162
122.5940948
122.5940948
122.5940948
122.5940948
122.6464957
122.4630927
122.4630927
122.4630927
124.3898322
126.8332746
126.8332746
127.7981559
129.4208193
129.075427
128.9366151
130.1398196
132.1003174
133.6043231
134.6208495
134.8100469
133.0213634
133.9565174
136.4062579
135.5081372
135.273593
136.7372903
137.3703834
135.5628055
135.2569658
137.3741623
136.7864161
137.6759712
136.8272283
136.7219227
137.8996826
138.4095833
139.2419509
139.1197662
140.7814783
140.7776994
139.6964277
139.5301557
139.7213685
139.5102534
139.6437749
138.1974606
138.7690835
139.8586688
138.5904671
139.297123
140.844964
141.6748123
143.9295611
143.58039
145.0314909
143.8708621
143.4637477
142.0265027
141.3533532
139.7140626
140.5668363
142.2431602
141.4974555
142.7210662
138.8217363
140.5736383
144.3117348
145.4209704
145.0463546
145.810198
145.4129088
146.4118003
148.708621
150.8784703
152.7172872
152.4321056
153.351892
154.5765103
154.5765103
154.5765103
155.9454829
154.1998791
153.853731
154.331889
153.9454326
154.2830151
153.9859928
152.3608102
152.2663375
152.9868494
153.639341
153.6524412
151.9015468
150.8212828
151.2959137
152.9871013
152.7568398
150.0025193
149.1822442
144.1195143
144.9576762
144.1819922
144.317781
140.4718597
137.83922
139.5543407
143.7413715
143.7413715
143.8958029
145.4179473
143.9555096
144.9020003
145.7802187
147.5086915
147.5086915
144.1003678
144.5699602
145.2317731
146.9544516
148.1052552
148.3299743
147.0862095
147.0862095
147.9170656
148.0646949
148.6899783
150.9706757
152.7062024
153.8791757
155.4030836
152.7963924
153.8161939
154.3530508
154.2759611
155.7240389
156.5014864
156.3735073
156.6798509
158.5378143
157.5356477
156.1165415
157.0796594
157.6709326
159.6132917
158.8645639
159.7354764
157.9508238
157.65229
159.1278279
158.2795889
159.2580743
158.4000101
155.6560185
157.6117297
157.5550461
159.7198569
161.4238928
160.2484003
160.5751499
159.9118255
160.8971129
160.8923263
161.2641709
157.9173175
156.7748274
157.9780319
157.6827732
159.0225223
159.3920996
161.9481534
160.7220235
161.5992341
155.7615761
154.927193
155.034514
156.1298937
157.3144556
158.0546178
159.7490805
158.6680607
158.8323172
159.4334156
160.083136
160.7867688
161.0044339
160.5320703
160.6975865
160.0428276
160.1493929
158.9015972
159.1159873
158.1616869
159.0668615
160.8961052
161.0895853
163.2556558
162.680002
162.7190507
161.6959742
162.9729934
161.720915
163.4398146
162.8132715
164.5830604
165.7252985
167.1915151
169.2963672
169.2918325
169.3908399
169.3863052
167.662619
166.7778506
166.4198619
166.4107926
167.063788
167.4404192
166.2666902
167.4122034
168.1868796
165.8825011
165.8825011
166.291379
168.338036
167.9546027
167.9546027
171.8428478
171.8761022
173.9063838
173.9048723
174.1686401
173.7872223
174.69542
176.4538721
175.1959994
173.666801
173.9817101
176.8342823
178.8393712
179.6551116
179.3031692
179.7664634
180.8789742
181.9569708
181.8415881
183.1697486
182.077644
185.045095
185.7446969
186.3571321
186.7262055
187.6502746
187.6502746
185.37386
185.152416
187.3711392
188.9950622
189.3565778
189.3691742
189.2633647
190.8109538
191.1649116
191.1827984
191.2530861
191.2530861
191.7468635
192.3832317
192.3978435
192.2900186
192.2900186
193.8431501
195.183655
193.2841235
193.2841235
195.2068323
193.6060866
192.0579937
190.7401622
190.1531718
190.8265733
192.1932786
193.0480677
191.8146319
191.166927
191.6957223
192.112158
194.7281705
195.5292991
196.990981
195.8575603
195.8197713
197.4915604
197.2476949
197.4706505
200.2486522
200.723535
200.9752104
200.526276
199.6689676
200.9915856
202.2232579
203.8864816
204.9783343
204.9876556
206.4783091
204.8851212
202.649015
200.0758301
203.019348
207.7266086
209.7407669
209.8332242
208.9492115
211.7370383
213.5957575
215.7368872
213.7854588
212.1149292
210.6998539
210.058699
210.2383232
210.6723938
207.3358694
205.0010077
203.258175
201.125359
203.791505
201.8194186
202.51373
202.51373
202.51373
203.9464403
204.2306142
204.0703885
207.1308006
207.3731546
208.7494332
208.9948103
208.7504409
209.0318436
207.7432358
207.5338842
209.0101779
207.184965
203.4710536
197.3159671
197.2232579
198.3637326
199.5387212
201.3085101
201.8292437
202.1622915
198.1571522
196.7778506
196.2231068
196.9851867
196.2417494
195.668111
195.668111
194.5818008
198.1145765
197.9974303
197.9964226
197.7412203
196.6304731
196.6304731
195.3196957
197.8364488
199.8969618
202.7822845
203.2153474
203.1584119
204.3134983
204.3134983
209.5556003
211.0883257
211.4629415
214.0862599
214.7483247
214.3983977
215.3489192
216.6302212
218.0480677
219.9664937
221.7677735
222.0106313
222.2880032
223.4715574
225.1264675
226.9038142
227.5154935
226.86275
225.4799214
225.4763944
224.1079256
225.8825011
227.9158059
228.3536555
229.53595
232.9868494
231.7221746
233.4642515
232.4487328
231.5821031
233.2543961
231.9804001
230.543659
231.7944778
232.6510304
230.7477201
231.5732856
232.9679549
232.5711694
231.2384743
231.2656825
233.2939487
232.7326548
234.3364236
236.2697133
237.6147529
240.7323525
240.6754169
243.4128584
243.3675115
241.8740868
241.9456341
244.7578979
247.025495
245.8996322
245.7920593
245.7920593
245.6071447
244.0502343
241.6997531
243.0105306
244.6684637
245.4113972
243.8680909
246.8310072
245.9379251
247.6772308
248.3372802
250.169799
252.025747
253.0359752
251.4448027
250.9736988
252.8230967
253.18562
254.9158563
257.1114022
256.2248703
257.6928503
256.5924321
258.594246
257.5376631
258.3745654
255.523001
254.7674712
254.9178717
254.3570817
255.3453923
256.4742782
256.2734922
258.6831763
262.1449086
260.747972
256.8609865
251.5884013
250.4854638
251.1442535
251.1986698
251.2268857
244.2673956
241.8030433
243.0077594
242.7621303
239.5722275
239.1449589
238.1861238
239.6059858
241.267446
241.267446
241.1958986
242.5628558
249.9025042
249.9025042
250.6363682
252.0781478
252.9210964
253.7446465
252.171109
251.0001512
249.9952134
249.4414773
250.9449791
250.8779664
250.7421777
254.1540283
254.9478511
254.3548143
256.8116088
259.9365143
260.8013806
262.3983474
262.1126619
262.7198065
262.7855595
266.1057087
266.9577266
266.8355419
267.8062176
271.0452461
271.0452461
268.4115987
265.1284829
267.4298383
267.108631
267.2686048
268.1070187
266.5032499
266.8564519
267.0189449
270.0078097
269.2872978
269.2872978
270.8003729
271.499471
272.5401824
272.5401824
273.7496851
276.5632085
279.0726558
279.2573185
279.2573185
282.23006
279.6898776
280.6597975
283.4876808
281.0790044
283.8355923
282.5011337
280.0307351
283.8683428
285.2330327
288.1631985
288.8383635
288.4806268
289.6785408
294.0943216
297.1355872
295.1201693
298.9411498
292.731899
291.1628962
296.5302061
296.0452461
293.2455787
296.9809039
296.4107926
293.7650527
290.1415831
291.0623772
296.3425203
297.3383887
301.5264272
302.3522447
299.9889152
301.8340303
300.8714163
302.0675669
295.775684
295.224971
292.7497859
294.1318587
296.4727667
291.2069834
285.6240238
287.9656875
288.2286996
291.1014259
289.2250718
293.930065
294.920391
298.0183403
295.8182597
295.6630725
297.4714063
298.4755883
296.5677432
295.007054
294.2079407
295.5517207
298.9139417
301.201693
299.9848844
300.4695924
300.1269713
302.4882854
300.2415982
301.23268
300.8948456
298.8287902
300.1685393
300.1685393
300.1685393
301.8448632
306.9274953
308.6101174
309.5200786
308.9144455
311.942359
312.0096236
306.0228246
302.4986144
302.4986144
305.5925329
307.8588704
308.9285534
313.0969416
313.8733814
308.3350128
310.7059001
311.1611327
305.114375
296.2964176
292.312944
284.7319494
280.938429
281.918426
265.8719202
275.8510102
270.6802036
270.6802036
279.8543861
281.5503603
276.0863103
276.3258931
279.6009472
284.3293697
284.3293697
271.9282511
271.0832871
261.866277
259.9798458
259.5571119
249.1003678
252.3174787
252.3174787
256.3291681
261.0263516
260.896861
261.5584219
263.0452965
265.6106716
266.7849045
267.2313196
265.4048471
268.1238978
276.0641407
280.0775936
279.8949463
278.5690533
283.1259132
280.8288406
279.8385146
276.5559027
279.5427521
275.0362775
270.671638
268.2763138
265.716733
269.6286592
271.3236257
267.0139064
269.9435683
272.2121731
275.4529652
275.8734318
276.5566584
277.025747
277.1963017
279.0388976
277.1149292
279.7435381
278.3030181
277.3189903
276.8587192
276.4997229
274.7379957
277.8276314
277.8276314
280.9573235
280.0382929
279.9924422
278.220386
276.9375724
277.2605432
276.2787827
278.7501889
279.6573789
278.0888799
279.2613493
278.9305689
282.1499471
282.4192573
281.4080214
278.5589762
275.9205421
277.7016678
275.3557213
275.8044037
276.6292135
278.7821837
278.507583
280.0279639
278.1611831
278.473069
277.728624
275.4564922
274.3721973
278.5801381
284.1311029
287.0476646
287.7376934
281.2472918
280.1299945
281.309014
285.1544314
283.9829697
285.0906938
288.7522044
289.9982365
292.3784451
295.834383
298.5551973
297.1663224
298.4959944
297.2078904
298.978687
298.2931929
299.5195747
301.9012949
301.9012949
301.5468333
300.1723182
301.0762332
301.0762332
300.2854336
300.3904872
304.2406913
301.2508188
303.3624729
303.6715876
303.0684738
303.7219731
303.4060563
303.7058498
306.6710334
305.3179322
303.8590215
305.4340706
306.3125409
304.6966796
303.3922003
300.7986094
297.877261
303.9086512
303.5904671
306.6009976
309.8191162
310.6877614
313.3765808
316.9604978
316.9604978
316.2160528
316.3369779
319.895954
321.932282
326.3014561
328.3178818
325.1463697
327.7714516
326.8083338
325.6527435
325.6527435
325.6527435
327.8407316
328.5169043
328.5169043
328.5169043
334.2238122
335.0186426
333.3453419
328.0155691
325.8147327
327.8135235
322.4492367
326.7201592
328.4438454
330.0740666
327.2779261
326.0303824
325.1720663
328.1105457
331.0674157
331.8531768
333.3423187
334.6785408
331.1351842
332.2114173
333.0687258
335.0123444
337.5875447
338.5841689
338.8103996
337.904973
338.9635713
337.3832317
338.1017282
336.5309619
336.6727969
338.7272636
339.7528594
335.6721419
340.6323374
338.7207135
336.090593
338.64967
339.6631733
340.6010984
326.2241145
323.7033305
321.3639341
324.3303774
320.9495138
321.2155489
324.9745553
332.8714667
335.4297879
332.6583363
330.6983423
322.2582758
327.8639089
328.9895198
334.6407518
333.9177206
336.4332141
342.3658487
343.7935204
346.4329622
342.101829
341.0805159
343.5050637
344.02353
346.610067
347.4668716
348.6443795
347.946793
347.946793
347.946793
351.2377185
351.1976621
347.3119363
350.1841588
351.3437799
349.9344989
346.9516804
347.7661611
350.6305739
352.0491762
350.6356124
351.783141
356.0452461
354.7014662
350.529803
350.529803
349.4117499
349.3220638
348.964831
348.5151408
345.6839825
347.7432358
345.8535295
345.0219177
345.6930518
346.9615055
349.6188341
349.6188341
352.6548093
351.5508641
352.1965536
355.8421928
356.7476193
355.799869
355.799869
358.0619237
354.0784501
359.068625
361.9975311
362.0668111
358.5723283
352.4348768
352.4348768
349.8042525
353.9043684
351.6604525
350.8457198
358.0500831
361.0850506
359.1908097
356.6801028
357.7679246
353.3496246
355.4927697
350.3902353
349.099612
346.4765456
349.4830453
352.5202801
351.7730639
352.9858417
354.3873129
352.6306243
354.1913135
355.1236963
352.4963471
347.728624
349.8750441
351.4904016
351.0923565
346.9363128
343.3176299
347.1076233
344.5518214
346.2843251
342.8883458
340.2221998
329.4618834
323.3156145
315.3693253
329.9730438
322.7832922
327.863405
324.1318587
318.0641911
322.3487177
329.6102686
324.3064443
312.6749635
318.5640147
316.1885927
316.1885927
298.178818
297.3109286
303.5728322
302.7210662
313.9592886
310.2819066
310.5005794
313.9655867
309.8727767
309.0603114
311.8010279
317.9598932
319.8596765
324.9536454
315.2504157
312.4250516
304.3951227
298.514385
305.7494835
302.8938882
307.704439
305.0125964
299.2233083
303.6678087
315.0786013
312.6674057
313.8471809
312.9246234
307.6175241
307.7472666
309.0890311
306.0870661
309.3381871
314.1651131
316.3868595
319.4792664
324.2641205
320.8036479
320.4789137
320.1589661
322.8316622
324.463395
322.5225475
320.1491409
324.5674409
320.7807225
320.0551721
313.3866579
317.4663677
315.7310929
319.6352094
319.6352094
324.0847483
321.6858971
323.050587
323.050587
314.6679599
310.578425
310.5975714
306.1117549
304.4641508
300.9495138
299.435431
297.2487026
292.7812768
289.4618834
288.1244017
279.3742127
283.7831914
275.0662569
276.3057389
280.214642
282.6069431
279.1787172
290.6230161
293.1473271
297.5633597
295.9920895
289.5823046
295.2264826
296.700005
300.0909457
300.3481635
298.3846425
297.5510153
291.1583615
294.7775482
287.4061571
291.6271981
289.8785711
290.85882
295.0990074
295.0990074
295.0990074
295.0990074
298.791505
298.5083388
298.5083388
298.5083388
299.0656019
295.99738
289.0257973
286.0704389
287.6752154
280.831108
273.8464252
271.6977377
273.6176752
264.4644027
258.1702524
256.5941956
257.6875598
246.4868746
251.3085101
244.8072757
257.3215095
257.7392049
250.5439109
256.3246334
255.8930821
255.3005492
259.8208797
261.2273895
254.6949161
256.9544516
249.9259334
249.5384693
247.323273
256.4417796
259.4477755
259.8380108
255.2206883
258.4776037
262.3330982
260.3511866
259.061571
258.9774273
262.9170656
266.0888295
261.1341764
257.9286542
257.4142188
248.6206983
244.0593037
251.8393208
248.8116592
244.5110092
243.8197209
247.995163
251.2772711
248.2055222
247.0159218
233.5259737
239.0066509
239.040913
234.4686854
234.4686854
234.4686854
244.2008868
241.8793772
247.5409382
251.5878974
248.0080113
255.5093969
259.4417292
257.3731546
258.6264927
264.5329269
261.4800726
260.9230614
257.1234947
256.6768277
254.1814884
258.0279135
263.1271729
263.6144002
268.9875044
266.212022
264.2225525
267.9601451
269.6616617
271.3430241
274.6684637
276.025092
281.3621706
281.3621706
286.5221444
285.3642868
283.8716179
287.6029123
283.0027208
280.792815
280.792815
285.7608203
289.1089333
289.8624477
295.3106263
297.3794528
289.8919232
290.8391696
290.8391696
287.6127374
284.851111
284.5094977
286.9421071
287.1524664
288.7567391
286.1969063
286.9307704
282.0925077
283.6617625
279.078954
276.4568952
271.7496347
267.5527788
272.8233486
273.4677785
274.9332393
278.5330277
274.0353706
270.7729128
265.114123
264.9765708
261.7342671
264.8120623
256.4873784
255.4940293
258.7338137
250.5907694
249.8621958
253.8051091
245.335819
249.9599436
244.6047262
249.0776944
240.3673099
232.3177306
231.8881947
220.806923
223.7446465
230.4574999
235.1184058
238.6199426
237.5903159
241.5231521
235.0891822
233.2344939
230.1670278
234.5147881
234.9667456
235.7368872
232.8943921
232.4119514
234.4344233
238.8033456
238.9655867
236.8335265
237.8142792
235.8835088
230.7008616
229.9576762
229.9576762
231.388623
223.3682672
227.2240137
226.2392301
228.6285081
229.463395
231.0984028
230.0962362
230.2955107
235.0924573
232.7099814
233.5448682
231.9395878
223.050587
217.6863002
226.1734771
221.9519323
215.0357737
212.6606036
216.634252
208.431501
199.6583867
187.9581297
177.6908349
201.3047312
201.1676828
192.5966141
192.9747569
191.7690331
184.9229103
169.086008
169.9629667
168.3889253
160.0360256
172.7518013
156.9499169
148.9567693
137.1983171
131.5067768
120.4733713
136.8687963
146.7647503
137.0448934
125.3552174
120.4627903
125.4045952
127.787323
119.6178264
116.3735073
111.2815539
99.52612486
102.3524966
108.6662972
113.2075377
117.9790397
120.9132363
130.3018088
123.4385549
119.0842445
125.3720965
122.1182043
117.1078752
108.7413715
102.6311281
103.2183705
101.3588956
99.15881493
93.25489998
87.64624376
84.95969164
94.65057691
102.5366554
98.73608102
102.3268
101.1311533
95.41769537
96.79447775
94.69919887
98.1866277
91.96427672
91.96427672
99.63949211
100.9822643
99.46213534
94.98085353
97.28372046
97.11543306
96.18556961
95.63057389
91.65742933
95.51468736
96.98745402
96.98745402
96.98745402
96.98745402
98.3272031
97.44470197
97.44470197
97.44470197
101.4165869
102.5666348
102.5666348
106.7395576
104.2883055
100.2627601
98.81392654
96.16944626
91.2122739
92.66186325
95.33607094
89.67828891
88.08711644
87.46762735
85.84068121
83.87993148
88.7784048
89.04620346
93.27984078
92.56789439
94.35657782
90.637124
91.30951781
93.93711896
91.12838212
93.66428176
94.25605885
93.30049882
92.51121076
89.70423742
90.45019398
87.05975714
79.29132866
78.84063083
80.29273946
76.86829244
77.33712904
75.70665592
76.61510556
78.39547539
78.61137703
75.08515141
75.44717086
80.52627601
77.07839976
76.35335315
76.47049932
78.58416889
77.98987252
79.05325742
80.55071295
83.7174384
84.30694815
85.51367965
88.48364992
89.60800121
93.5176601
90.01990225
94.07517509
96.16843855
93.84138661
89.83397995
93.73381367
94.3573336
99.78460221
101.4601703
100.5620497
96.29389832
99.8150854
102.2890109
102.2890109
102.2890109
106.4448027
102.2847282
102.9079962
105.9275961
101.0989066
100.4381015
99.76570766
98.72978284
103.0281655
100.5988311
98.47256512
100.2063284
102.8293949
102.8293949
108.3922003
110.8719202
112.1252582
114.2815035
117.2668413
113.6285081
112.0977982
106.4417796
106.3347105
106.4694916
108.2251726
111.1853177
115.5655767
115.5655767
112.8354411
113.5375624
111.7990124
112.5537865
112.1733763
117.3451907
117.3451907
120.9721872
118.2387766
116.4833476
118.417645
117.0718496
117.9359601
121.4110445
121.4110445
121.4339699
117.4154784
116.5067768
110.5698594
111.641306
114.3117348
107.5421978
106.1817907
112.6273492
112.6291127
112.1413816
116.0510405
115.5985791
117.9470449
115.3867083
113.2145916
109.4024286
110.4648058
107.6908349
106.890462
106.5586739
109.0346148
111.4488336
114.1391646
116.0530559
113.5599839
115.2655313
117.2391293
116.2969214
119.3623721
121.0792563
123.8502041
120.270066
120.5877463
123.1979644
123.0387464
126.7055474
127.7336625
127.6563209
127.9729934
128.6300197
127.7238374
124.9926941
126.8476344
131.1067164
130.159218
126.3069985
127.6439764
127.9576258
130.8371542
135.353202
140.5635612
140.0360256
136.340001
135.9049227
139.3480123
136.6989973
134.1250567
130.5280395
132.2245176
133.6874591
138.2370132
136.6425656
137.8470298
137.2260291
138.4088275
137.337381
137.4086764
140.1259636
141.5553988
139.3983977
138.0803144
139.3719454
138.8499521
136.4760417
135.5429032
139.151761
140.5189701
142.3809644
139.0593037
133.8502041
133.9955661
140.2655313
139.7301859
141.8410843
143.0301809
145.0105809
144.5749987
146.2160528
147.0058447
146.2747519
146.7445962
147.7812768
145.4529652
142.919081
143.4257067
143.4257067
138.7262559
130.4887389
134.7379957
132.9354562
135.6388875
131.0291228
135.0146118
136.9932483
137.2736434
140.3494231
140.1655162
140.1242001
141.9279992
142.6160125
140.7006097
140.5612939
143.3004988
140.903663
139.2845266
142.5180128
140.3456442
139.913337
135.9638736
136.4526125
132.2723837
135.9930972
137.4590618
136.5075326
138.188895
136.3616668
136.3616668
129.1253086
131.4553837
130.7829899
131.8514133
129.0031239
131.1573538
128.7340656
127.0197007
128.6655414
128.646143
128.7998186
128.7998186
128.7998186
129.9254295
131.0989066
130.6633244
130.6633244
130.6633244
133.3236761
135.8351388
135.8351388
135.1327657
134.8695017
139.5130246
137.4512521
138.2783292
140.5847231
139.4591122
140.474379
140.1584622
137.5734368
134.4963974
132.8984229
131.9201894
131.3359702
130.1954955
127.4127072
128.4551821
130.8807376
131.5901648
130.8782184
127.5651232
122.6850406
123.7156749
123.9834736
126.4954401
127.7054467
126.7650023
127.3678642
130.0395526
131.3692246
133.0432811
134.0464554
133.4541744
129.9312239
129.5629062
126.1845619
126.0807679
126.2412455
126.9345493
125.6174737
122.8069733
125.8031441
127.884315
127.4709024
129.4137653
129.0983524
129.8780672
129.885877
132.0060966
133.9746561
132.3731546
131.1966544
130.3680657
131.8738348
132.2383736
135.6172217
135.2957626
136.6123344
136.3062428
136.852421
138.2604424
138.2604424
138.2604424
141.0099763
142.5391747
141.596211
144.175946
145.6988462
143.2559077
146.3543609
145.7378949
142.7911019
142.2114173
143.4642515
143.1987202
140.8089384
142.3499773
144.2747015
140.8787222
137.5447171
138.376077
139.2303623
139.9914345
133.6088578
129.1938328
124.3527989
120.1566987
132.295813
130.290724
133.5305084
133.5305084
128.552678
126.807578
129.875296
125.9097093
121.6884164
123.874641
123.874641
117.6200433
120.6963269
125.225223
125.5373608
124.788633
121.9670479
120.5897617
120.5897617
115.9772258
114.134378
112.8079811
116.0268554
119.5258729
120.4920139
123.3085605
124.1872827
122.9906283
122.5273341
123.5486472
124.5999395
124.8082834
123.1566484
120.1121076
119.5785257
121.3878672
116.9579785
115.031239
112.4472212
112.745755
111.713861
113.549151
116.5410389
119.2661359
119.5752507
119.7745251
122.9079962
122.870459
121.5002267
118.5355469
117.797652
118.3503804
120.5779211
124.4613796
123.642616
126.4914093
128.0324482
127.8389681
128.8577619
127.2411448
129.5722275
130.4166877
131.5450698
130.9543004
128.4252028
129.8687459
127.5036529
124.9760669
123.2241649
124.9231622
126.4332141
129.6165667
129.096337
127.4787121
127.132816
128.2095531
125.8295964
124.2419509
125.398045
125.9467426
125.6434222
124.53595
127.9057288
128.3591979
128.8076284
130.3804101
128.4539225
128.8164458
130.2753565
129.5744949
131.0764851
130.8227944
130.5769134
130.5348415
129.6901295
130.6930518
131.2709729
130.3237265
129.8155893
132.067063
131.4737744
131.3150602
131.4039905
131.9479014
133.5184159
132.2867436
133.9902756
136.353857
137.3792009
137.9510757
138.6448834
137.4716582
139.7866176
139.21046
139.0847483
140.4330629
139.4245982
140.0002519
140.211367
140.7938227
141.8244571
141.8244571
140.7726609
140.4391092
138.5650224
138.5650224
140.5328261
139.695168
141.8063183
141.5251675
141.1125107
142.46536
141.0910969
138.0024689
139.4195596
140.7013654
138.4131103
139.040913
141.1596211
141.1933794
140.4229858
136.7093263
136.731244
137.6273492
137.3280597
135.0561798
132.8558472
138.1707563
140.8487429
140.6565224
140.7628357
141.7085706
141.7085706
144.6667003
144.2114677
146.1659193
145.4632942
145.4653096
145.3025646
145.1050537
147.1411296
149.3497758
150.2798912
148.8371038
148.8371038
148.808888
150.3723485
152.5112108
150.0088175
150.0088175
153.0155691
152.1844611
149.6785408
149.6785408
150.4469189
145.9653852
147.9200887
150.3464
149.476999
147.9891167
147.6202953
151.5329773
151.6536504
149.2117197
149.6956719
151.1553383
148.0075074
149.9395375
152.2136847
151.2185721
151.3845921
154.8634554
154.2993903
154.1661208
154.4177961
155.9525369
156.772812
156.1384592
156.1777599
155.5799365
157.4046455
156.9300146
157.9699703
157.3565274
157.1698493
154.2411951
153.7312944
151.035421
150.8636066
151.7806218
152.6165164
151.5785761
150.1337734
148.8970625
147.3577871
147.472414
146.6841336
146.7929662
145.7847534
144.8558976
142.7004081
141.0626291
140.2282461
143.6441276
145.0702877
146.8965083
146.8068222
148.1213785
150.1400715
149.871769
150.6552628
150.7593087
152.0977982
150.3408576
151.5072807
150.6789439
150.6965788
152.365093
150.2174132
151.4100368
151.5941956
148.5554492
150.3486673
148.4136141
148.9298131
145.093465
145.5224971
148.0772913
149.0993601
149.0993601
149.0993601
148.5617474
149.8873885
148.8532272
147.4683831
148.5876959
148.926538
146.8163954
145.2934952
146.2964176
146.2089988
147.9805512
148.8854739
147.2560085
145.5212375
145.3476596
143.3602056
143.9449287
144.8526226
143.5856805
139.8589207
140.8694009
140.689021
140.567844
142.1842092
142.1638031
144.2631128
143.6040711
143.6040711
142.8598781
142.0554744
141.5155943
140.4988159
141.7697889
140.9998992
140.9998992
143.760518
142.7475185
141.2006852
141.326145
139.8460725
142.7485262
142.3298231
142.3298231
138.4000101
138.8459213
140.481433
143.7955358
146.426664
148.5645186
147.3557717
146.1374515
144.989671
145.9830201
143.9169648
140.058699
140.200786
140.9117247
138.9776792
138.1569003
134.951378
136.3344586
138.6292639
141.8685444
141.6075477
140.4370938
140.8850204
138.8945433
138.1586638
137.6968811
135.6008465
130.290976
127.3814682
123.3637326
119.1043986
112.2104096
111.644581
108.4718093
112.0620245
116.0417192
116.0417192
115.83791
116.1893485
109.9803497
107.6568247
109.4021767
108.4632438
111.6365194
111.8078299
111.3913942
113.9822139
114.5676929
117.912027
117.5245629
114.0912984
109.3772359
108.2269361
110.737391
112.2978284
104.8669824
100.6041215
101.0460019
101.1933794
103.4481282
104.9863959
101.2329319
102.119212
100.3275054
93.32191263
92.39179725
95.14586587
100.5429032
99.4016728
100.1705547
98.3272031
94.69894694
93.49599436
99.44802741
100.6570263
102.1507029
100.4809291
96.90557767
102.1610319
99.82365093
100.7089233
99.66392906
99.35783746
99.42535396
96.436993
99.97027259
100.8401774
100.3766312
100.3766312
107.3283116
105.7991132
100.8031441
100.8031441
97.68000202
99.74227843
100.6726457
98.91016274
100.0617222
96.68715675
94.26915907
96.94865723
96.19489092
94.43643876
93.77790094
90.88300499
89.81609311
85.16702776
82.3330982
81.77558321
83.54612788
83.92401874
88.45341865
89.08777145
93.35541896
91.8781176
93.90940696
95.0425757
94.86622663
95.0360256
95.0360256
93.67662619
90.43709377
90.5197259
88.86557162
90.18365496
91.28029425
90.81523656
93.78268756
93.87061017
96.3140525
96.15357485
96.15357485
96.80354714
96.10747216
96.4342218
96.4342218
98.97163299
99.44324079
98.17226785
95.49705245
95.49705245
93.711896
95.68297476
95.88577619
97.09527888
97.20310374
97.42303623
99.19131355
99.36060866
101.8289918
102.4124553
106.6846375
104.4734721
105.0644934
109.3530508
108.4027813
105.2743488
105.4774021
109.0517459
111.1394669
113.3466015
113.6982919
114.3875649
114.3706857
114.7966947
110.709679
112.2983322
110.6225122
110.983524
110.7315967
112.6064393
114.5674409
113.3627248
111.8277322
111.6627198
113.344838
112.4247997
112.5061722
112.0892326
114.4477755
114.4699451
112.9790397
108.2949564
108.8509598
110.5912732
110.7104348
109.7072605
111.7095783
112.1265179
113.2460825
114.1746864
114.6800524
113.6836802
113.0881241
111.2876001
111.5765607
112.5421978
112.1355872
110.4093818
108.6093616
109.4825414
109.033859
108.2977276
105.5071295
103.3871618
103.3871618
103.3871618
100.986799
103.3387918
105.0052905
102.562352
102.2232579
103.7391041
101.5760568
100.8074268
102.4908047
100.4035874
102.427319
103.6917418
104.0683731
105.0476142
105.5464302
105.5464302
104.7311936
104.2122235
103.3778405
105.1640046
103.9189802
100.8550411
101.866277
101.5148385
97.66387867
94.26815136
93.49901748
93.49901748
92.93822744
93.95651736
96.35662821
93.7091248
94.3313851
93.09291077
93.09291077
92.96367209
90.15745453
90.73361213
88.94921147
88.99909306
90.0536605
91.27727112
91.27727112
91.76298685
91.84914597
90.92356527
91.08605835
91.55388724
93.46475538
92.8500529
95.33229203
95.89257822
94.35808938
92.34292336
90.90240339
89.66115786
91.13241296
91.02861893
95.6935557
97.32352497
97.82737945
97.64548798
96.53448884
94.18551922
93.77437396
94.73245327
94.51705547
93.24104399
94.72489545
94.59691641
94.89444249
95.63838363
96.38081322
93.51665239
90.61571018
90.36428679
90.93691742
94.7337129
95.49554089
97.75986295
97.58804857
96.49669975
93.8514637
97.09477503
98.68997833
99.22481987
99.17090744
99.53595002
98.88093918
98.86103693
99.17393057
99.17393057
100.4852119
101.6055323
100.0675165
100.5010833
99.45583715
98.54159319
97.10056936
98.0183403
96.9428629
96.99350028
95.22371139
96.89046203
97.01642566
96.68186628
97.41774576
101.0465058
101.8889505
101.897516
102.8009271
103.9975815
103.0793067
107.6243261
106.9504207
105.2589812
105.1179019
103.860785
104.3923515
103.5992845
103.2224014
100.9721872
101.7579483
100.7996171
102.9210964
102.7165315
103.4415781
103.7990628
104.9642263
103.6330428
102.9324331
102.9838263
104.9156044
104.1505013
105.0826321
106.7516501
108.5126216
108.528241
106.5813473
106.537512
103.957777
103.9063838
103.7564871
103.7564871
103.4687862
105.8107019
106.1890966
106.1890966
108.3327455
107.9767723
108.5599839
106.9131355
105.3995566
105.8522699
105.8643624
105.5708671
105.6194891
105.3398499
104.5596312
106.7549252
106.9708268
106.5196251
107.4870257
108.957777
109.1847634
109.8987252
109.4394619
111.3422684
111.578828
111.6659949
111.1953948
112.0917519
113.3335013
112.5421978
112.9717338
114.0285685
114.4966494
115.3360709
115.1100922
115.2028014
117.1320603
118.1500983
117.0940192
116.655162
116.655162
116.655162
116.655162
117.2260291
116.4175946
116.4175946
116.4175946
120.2607447
120.8993803
120.5461783
120.5199778
120.5630574
121.1117549
120.2587293
119.7382476
119.269411
118.9701214
118.6587394
119.8319645
119.2401874
118.7522044
118.1639543
118.1904066
118.4115987
118.9955661
118.8383635
118.9066358
118.0669623
117.988361
117.6160125
114.9591878
115.4343226
115.0171311
114.1371492
116.1724694
116.0772409
116.8032952
117.8465259
116.7451
115.9444752
115.7981055
116.4878823
117.7137603
115.6875094
117.4149746
118.7018189
116.5208848
118.0936665
119.8712652
119.7304378
119.8526226
122.3426714
121.9589862
121.9662921
123.85751
122.8694513
121.7607195
120.9119766
121.821434
121.2540938
119.6979392
118.237517
119.5760064
118.8622966
117.6218068
115.4139165
115.2504157
113.9643271
113.6375775
113.6375775
113.6375775
115.1897012
114.6039704
113.9207437
112.8850708
113.3312339
115.8505064
119.1593188
120.7368872
118.8844662
115.8494987
115.2141382
113.5506626
112.8316622
113.7287751
114.2127274
116.2548496
117.2872474
118.6567239
116.9398398
117.88104
117.5814985
117.5814985
114.3583413
116.6007457
117.6218068
117.8855746
117.1459163
117.1459163
118.7773971
118.9220033
121.6652391
121.9332897
121.5901648
122.2151963
122.2151963
123.2604424
121.5667355
119.4898473
119.4165365
119.8395223
120.5303068
119.3132463
119.3132463
117.0892326
116.9227087
116.9234645
116.8471305
114.3263466
116.8818965
116.4581549
115.0549201
114.0504862
114.1338741
115.1511563
115.2579735
115.9376732
115.9021515
112.8072253
110.4275205
105.0110848
106.3798055
108.3672595
108.701567
107.6782385
109.5422482
109.5697083
107.3157152
109.1958482
109.1605784
110.1012748
109.290069
107.8608858
110.481433
111.7090744
111.9776289
110.7104348
111.4914093
112.7326548
111.2238625
111.2598881
111.2717287
112.7240893
112.4940797
113.3400514
114.0169799
112.8586184
112.8571069
116.4342218
116.7705447
116.8045548
116.5518718
116.3233738
118.4886885
119.7720058
120.0881745
120.8515141
121.6884164
121.6884164
123.1730236
120.8935859
119.2840228
119.1207739
120.8182597
122.1857208
121.5974707
119.02353
119.4984129
119.9211468
118.2213937
119.4938782
119.9868998
120.9202902
122.0154179
121.5430544
121.7808737
122.8173024
123.4388069
121.3629264
120.2859374
121.7430846
121.1596211
121.4742782
122.1320603
121.332947
120.4940293
121.5712702
122.0471608
122.389278
123.3846425
122.344183
123.2178667
122.9165617
122.9616567
122.0791555
120.8328715
119.477251
118.7582506
121.4039905
121.2578727
121.7103341
123.2712753
123.2566635
123.323928
124.2807477
124.1172469
123.6846879
122.8460221
122.9833224
122.5852774
122.3401522
123.7721066
126.2787827
125.7293294
125.7293294
128.8804353
128.133723
129.5019398
129.0749232
127.5235552
128.1065148
127.5772157
126.6738046
126.2709729
126.7753313
127.7966443
127.2570162
126.6176248
127.9508238
128.2060261
128.9557616
128.8610369
129.0905427
129.1222855
128.6793974
127.8515645
125.3970373
123.704842
122.053207
121.741573
122.5895601
122.9024538
121.4112964
120.3869602
118.992543
119.6886179
118.3231723
120.2307654
120.1292387
121.083791
122.7062024
122.7062024
122.7062024
122.7062024
123.7665642
123.5322719
123.5322719
123.5322719
122.690583
123.4566937
123.4566937
127.6543054
129.8435532
129.8992291
129.5452713
130.1912128
129.8606842
132.1061118
131.4402681
131.8650174
130.9537965
130.2975261
130.827581
129.7135587
127.1376027
125.7615761
128.0861087
125.4360861
124.2180178
123.0936665
121.1057087
120.7965939
122.0917519
123.438303
124.8604323
124.716078
127.0887288
127.9926437
125.9119766
127.5558019
128.2538923
128.3110798
126.9572228
127.1310526
128.0906434
