100
99.79167933
99.98263994
99.14718724
99.3533379
99.37134896
98.86530332
98.764615
98.32345257
98.82016718
99.42104212
98.89872143
99.08208703
98.8887394
98.21191421
97.50362391
98.44106695
98.26746639
99.01785482
99.58183965
99.52476846
98.65351064
99.24028054
98.85250028
99.50393639
99.68578298
99.76997925
99.71355907
99.90321769
100.1432205
99.98936697
99.86328956
99.6595259
99.06581197
99.38089699
99.00787279
99.04736691
98.87680436
99.33576085
98.7958631
98.29828049
97.83368198
98.10341386
98.13552996
97.28901022
96.52950776
95.74331421
95.39307507
94.9388926
95.51633147
95.15676131
95.73550218
95.39502808
95.15133629
95.39133907
95.97094795
95.86657061
95.59553673
94.58214345
95.16565834
95.53304053
95.19473643
95.17347036
96.96177316
95.46794032
95.49115939
96.18035362
96.34158515
96.61478903
97.28814221
97.4990669
97.16965983
97.32394733
97.42875867
97.42875867
97.42875867
96.9454981
96.51844072
97.10260661
97.81328392
97.76055274
97.90507521
99.08447403
99.29453071
99.71204007
100.6655412
101.1967589
101.531157
101.553942
101.553942
101.3095992
101.1924189
102.0042185
102.7474459
102.9987327
102.9831087
103.0236878
102.5540983
102.5195952
100.619103
101.8134749
102.1010008
103.0647009
103.0647009
101.7138716
101.6001632
102.0248336
102.9288585
103.8916906
103.5056464
103.5056464
103.2981937
103.1052801
103.2263665
102.4314929
102.3227755
102.5306622
102.0591197
102.5412952
102.0087755
102.5020181
102.5228502
102.4395219
102.4082738
102.4334459
102.9516436
102.8976104
102.0319946
102.1101148
101.6348833
102.1092468
102.770014
102.9340665
102.6751847
104.1034833
105.7184025
105.2887411
105.8119298
106.2949734
105.9000321
106.6473825
106.164339
105.540679
105.1999878
105.6055622
107.1486542
107.2291614
107.6067426
107.3645699
106.7574019
106.9902436
106.9518345
108.2262797
107.0692319
106.9171144
107.0295208
106.9880736
106.6710356
106.5664413
106.4978691
106.2081731
107.2712596
106.4279948
106.0634336
106.3244855
106.795594
107.2358884
107.2343694
107.5739755
107.6707579
107.1458332
106.5302022
106.9058304
106.6256825
107.2020363
107.7519161
107.6533978
108.3514891
107.9979949
108.2325727
108.3675471
108.5387607
109.6009791
109.9266972
110.0486516
108.8562327
109.5345769
109.5977241
109.2756951
107.721319
107.70678
108.5476577
107.5659465
107.0266998
108.019478
107.72848
107.6931089
107.9242147
107.8714835
107.6030536
106.4607619
105.8015138
106.4000017
106.4631489
107.0030467
106.3641966
105.878766
105.9877004
105.4360846
104.9964412
103.6675289
104.1809525
104.8297846
103.8693395
102.9609746
103.8984176
105.3377833
105.5803901
104.9799491
105.3393023
104.9582491
104.6479381
104.642513
105.0320293
105.2182159
105.5339519
105.7891448
105.5821261
106.2489692
106.6057184
107.5268864
107.2812416
107.6570868
107.7503971
108.6644041
110.3871727
110.0141484
110.7504318
111.0125687
111.1410331
111.1540531
111.6598818
112.2674837
111.6169156
112.0650221
112.3670871
112.7921914
112.9879261
113.6313332
112.8486116
112.3176109
112.028349
113.4234465
113.4931037
113.6892724
113.6892724
113.6892724
114.6646905
114.5412171
114.5412171
114.5412171
116.2292656
117.2072878
117.6914163
116.9136858
118.7121876
118.2771012
117.5694619
116.4399733
117.1087694
116.5321986
117.4117024
117.6139471
117.9598462
118.9313583
118.9005442
117.9628842
119.1830792
119.0296597
119.2175823
119.4651801
119.0296597
119.4970792
119.4658311
119.8924545
118.7039416
119.4931732
119.7329589
119.3883618
119.760084
120.2813197
121.917939
122.1920109
120.7172741
120.2826217
119.0470197
118.2475891
118.6305954
119.2503494
120.1127102
119.1190639
118.9530584
120.3982831
120.371375
121.0054511
121.4023453
121.5588029
121.7634345
122.1160607
121.0772783
119.2627184
119.8086922
120.7142361
121.8634718
122.0804725
123.0116226
124.0267518
123.9412536
123.4998741
123.5515203
123.6489536
123.4731831
124.2689246
123.6782487
124.1905874
124.8893296
125.3660802
125.0707422
125.7688335
125.7688335
125.7688335
126.0318383
127.7520029
127.3789787
127.3028115
128.4893713
128.4843803
127.7253118
126.8970201
127.4091418
128.4524812
128.5549055
129.0687632
128.5164964
128.8174764
129.2588558
129.2588558
129.4673935
129.4374474
128.697692
129.3975192
129.2664508
127.5180762
129.9003099
130.0363693
129.8820818
130.9150052
132.3259437
132.3259437
130.5814751
131.3270895
132.4893453
132.4468131
133.4994835
133.3506211
133.3506211
134.3310302
133.9198139
133.3779631
134.6554463
134.1194545
134.0382963
134.8073468
135.2344042
133.9098319
135.3952017
135.7380628
135.8966903
134.0241912
132.9934379
133.5283446
134.2900171
133.0535471
132.6685878
132.9370177
133.1692085
133.2505837
133.8944248
133.4239673
134.3314642
133.9725451
133.9751491
134.1483156
134.8205838
133.8393066
132.6859479
133.2601318
132.7914102
132.0290868
131.5744703
130.0528614
126.9373823
126.3506124
127.480969
128.3251018
126.6324963
126.7928598
124.0469329
125.6729192
124.5913877
125.7987796
125.932018
127.7548239
127.9642296
129.7499284
130.3772774
129.8762228
130.9258552
130.0611074
129.7293133
129.7219353
129.8619008
129.8321717
131.3802547
132.1601552
132.9995139
134.0691104
132.7367261
133.6112389
132.5140833
131.2478842
131.6467315
132.2287274
131.5282492
129.923095
131.2517903
130.6105532
131.7339658
131.3735277
131.2320432
133.1032403
133.4940585
133.6008229
134.4610137
135.0247815
135.1235168
134.1773937
133.8731587
134.1637227
134.8283958
133.7989445
134.3815914
135.8589322
136.121937
136.2030953
137.3265079
137.3124029
138.896725
138.7658736
139.4153567
140.7581571
141.7203382
140.9363146
140.0060326
140.740797
141.5534646
142.4856997
142.0417162
142.0380272
143.1774979
143.1403908
143.6499084
141.7515863
141.6942981
142.3246851
143.0538075
140.8315033
139.9791245
139.2560782
139.4732959
138.8361818
139.6167334
139.8576041
139.6186864
141.0728081
142.4893887
142.5245428
142.9700452
143.7315007
145.2873957
146.2263578
145.9193018
145.3047558
145.2337966
147.0524795
148.7359709
149.8487505
147.4682528
148.2817884
150.1879226
149.4974264
151.6591874
149.8413725
149.2893227
146.7536695
148.3807408
147.7998299
145.4612133
146.1816556
145.2808857
147.1249577
146.6447351
148.0198686
149.4518562
150.8910049
151.4124576
151.3545184
151.3545184
151.3545184
152.9301605
153.9220707
153.9220707
153.9220707
150.7588515
152.5723263
153.9361758
153.4685392
154.7223693
154.2888019
154.2447508
155.8342809
157.0603349
157.710035
159.4653537
159.4377946
159.9457932
160.3016744
162.4041942
163.0315432
161.0383918
161.7829212
162.4864375
160.0293385
161.1308341
162.0088189
161.6735528
162.7956635
165.6121156
165.1776802
166.7580963
166.6999401
167.5277978
169.3330266
172.1859349
172.9428333
175.9745502
175.609772
176.1103926
174.5160884
173.2251512
174.372434
178.0115358
177.7181508
176.3523484
173.8429523
173.3583897
177.2309842
178.1454252
180.3299713
179.7824785
180.878115
181.785829
178.399533
177.471204
178.691616
176.3443194
174.2704436
173.2563994
167.909936
171.5060717
168.8755892
172.0396764
173.6483026
175.5757029
175.5757029
175.5757029
168.3803936
168.1121807
166.675202
167.2665289
171.3539542
171.3166301
173.6873627
172.8770821
171.5585858
169.3714358
173.1893461
172.0409784
174.390011
175.005642
175.310745
176.7776698
178.9027576
179.6802712
177.482054
176.9677624
180.1902228
180.1902228
181.9524855
181.2921524
183.334346
184.5239439
183.649431
183.649431
184.5886101
186.6260297
186.9771368
189.0336525
187.8492626
187.5493677
187.5493677
186.1722812
190.109976
189.7983629
190.3176456
192.5021917
191.6472089
191.8407736
191.8212435
188.4907167
192.2001267
193.0811496
194.0381227
194.5415643
195.676044
196.7554055
197.1455728
196.8170337
199.7697623
202.5161232
204.3467411
203.6330258
203.8274584
205.4751447
206.7096617
206.7107467
206.5907454
209.1415886
210.3370455
210.2940794
207.2836286
211.5841485
213.4529586
219.1602941
221.3257441
223.7398769
222.1870199
225.628434
222.1301657
224.6671209
227.6790907
226.239725
231.0085325
228.5054294
224.6406468
222.4051056
229.8124246
235.6033054
234.7576536
236.0325327
237.4391313
232.2300294
234.4022065
236.3172377
234.9679273
236.0420808
238.0554133
241.1376913
243.2794882
238.6801583
233.5904068
235.7847179
225.3799682
224.4221271
214.5557562
219.9382416
227.8581163
230.7444426
228.0377928
219.0943259
220.9112728
216.7348772
217.2539429
210.7254768
208.4938415
212.3301969
223.1826191
224.5002474
220.9010737
221.7671235
218.7197827
216.367929
212.7307802
207.2072444
209.3433993
210.787105
214.4830609
217.6907653
218.3832146
216.6489449
220.665628
219.137509
218.1920369
217.8229187
218.5398891
218.9346133
222.3491194
228.5523015
227.778694
232.5418594
231.4624979
229.7872525
228.7808032
221.4366315
219.8514413
226.4515177
225.6625031
222.9098492
220.2587516
218.9339623
219.6418186
223.77221
221.906221
214.5281971
215.430269
208.4766985
200.6531721
212.7355543
206.7639119
207.1749112
213.2535349
210.0566806
211.8603904
208.9302299
204.1156353
206.4457889
205.8065048
203.4429332
203.7278551
203.8114003
209.9542563
211.09568
208.5307316
213.3214562
217.281068
211.3708368
209.580798
211.6564098
212.1644084
210.1243848
216.2221046
217.4648676
216.369665
217.0495282
218.6533804
220.6955741
220.5486646
217.9294661
211.8914215
212.351029
213.4364665
218.6275574
220.8913087
217.7458835
210.3947677
212.0029599
210.2953814
210.7771229
210.7771229
210.7771229
217.6334771
219.3241296
219.3241296
219.3241296
222.2751222
225.2643069
221.4368485
221.5535948
219.9525636
216.6005538
210.8235611
215.0574618
217.282153
217.1740866
219.8946245
222.3834055
223.2448983
223.3390766
220.368337
217.2582829
218.6772505
219.5485083
222.5756681
223.9455936
224.6419488
225.9103179
225.4240194
223.5545583
226.246235
228.2228944
228.6323748
227.2900084
229.2564688
226.545262
226.4703968
229.6741951
233.8221636
235.0473496
235.0098084
235.5538292
237.7939275
238.3819994
242.0078641
244.0760978
245.7031691
249.7612992
247.4131346
246.8832189
243.6520784
249.4915674
250.2263317
248.6656627
249.9092937
248.3490587
252.1120678
253.3795689
252.7303028
249.6671209
250.8263387
255.3141302
258.7757254
259.7053564
261.4554671
258.3671131
262.0559081
259.1980088
257.8348104
263.1070595
265.9289366
269.2110722
275.4279254
269.4031179
267.593983
268.6755145
268.6755145
268.6755145
267.6434592
267.588124
263.283481
264.0922427
268.4001406
269.5938615
269.9529976
265.746222
264.8545661
252.146354
258.6930482
258.1216853
258.1216853
271.5835409
274.4592342
268.7499457
266.1057922
262.1759094
266.7368302
270.5020094
267.5581779
269.2779085
267.6814343
267.5395158
263.8533249
268.0737716
271.0110931
271.0110931
269.9065595
275.2447768
273.7370559
270.1663093
267.911455
269.8052202
269.8052202
270.370507
270.4076141
267.8142387
270.4911594
272.9808085
270.4215022
271.0944213
269.9833777
263.259394
260.489163
261.5808935
264.9702275
262.5613027
260.2719453
259.2312099
262.5289696
262.1095072
266.2709297
267.5468939
269.2297343
268.1681669
271.7864366
273.8724643
274.9769979
274.8936697
274.2739156
274.98481
273.5150642
271.8029286
274.677971
277.3694307
279.6652981
276.9124272
279.5446457
282.8393674
279.2440998
277.789978
276.3167603
273.8310172
270.7153211
269.5927765
268.827632
270.4455892
265.5821695
260.7161457
262.66134
256.7502409
248.5881934
252.5208972
250.4632965
241.7192532
244.6053625
244.5550184
246.0553612
243.9096583
252.4477679
255.5172429
251.846893
245.2097095
241.7112241
246.4756916
240.1012959
234.7086115
230.4634267
230.8088918
227.161327
233.4237503
227.2153602
228.8760666
231.0564896
234.6480683
230.0311613
217.2600189
219.452377
226.5715191
222.6399004
226.1179876
217.6395532
209.9692293
198.9351775
207.705261
212.8279966
211.1646862
208.4960115
210.9155694
208.7325423
205.5120349
198.6925708
189.0184624
184.6502383
196.0488512
191.1424653
186.2386834
191.4820714
202.0252676
205.9935594
208.1201663
207.3328878
209.0762714
207.5711545
213.0614893
212.1077712
211.1325701
208.1004192
208.655073
215.8896595
211.3478348
211.2836026
214.824186
222.0359874
222.6021422
227.6699767
223.757671
222.2766412
223.7138368
219.7138629
222.6362113
221.0900813
221.1378215
225.7601535
225.0295121
224.3489979
226.9135122
234.4091505
239.8517451
236.8436814
235.4047497
239.1445398
238.8487679
230.4117805
219.8883314
214.9661045
217.8559029
220.38331
221.904485
223.5074692
226.6010312
227.456665
223.2750614
222.9254733
225.8684368
228.403439
232.5342644
232.41014
239.2272171
239.8832102
243.4839029
244.6227226
244.6227226
247.1568568
247.7913668
245.9442569
245.9442569
245.9442569
253.5021743
255.855547
260.7710469
251.5969082
250.8829759
245.2650447
241.9214978
229.6008489
231.794509
237.348208
243.7247737
245.3236348
246.8636888
243.2753652
232.0638069
234.0515333
233.4204953
235.0568976
238.2088328
234.876136
238.9288411
236.2410704
233.6923972
236.2122093
239.3448315
237.2824568
232.9116286
230.869001
232.5244994
235.0477836
234.9078181
233.7772444
229.5648268
228.6160997
230.873558
236.5101513
240.7221349
241.8179885
240.1985122
240.9827528
237.1329433
236.7557961
233.9823101
234.3312472
241.2171135
239.3096774
238.1107485
237.342566
241.978135
244.5511123
245.2889147
247.215881
247.532702
247.3699515
251.8104369
250.8541148
245.5514856
242.0521322
245.2860937
242.7272214
247.0622445
246.2769189
247.23042
245.4297482
245.4297482
245.4297482
247.3085403
249.8658936
247.1549038
247.4020676
247.1950489
248.6300746
250.0349371
249.9579019
254.0744052
260.0293385
255.1392277
257.0531739
259.3805064
259.5313219
260.798823
265.8549394
267.4581406
268.0425235
268.0425235
269.140547
270.2600536
265.7722621
264.190761
265.3059276
263.3006241
262.045492
259.6667303
259.6667303
257.2265574
252.9316795
254.8230576
257.0501358
260.3711146
262.0129419
262.0129419
259.863116
259.3644483
256.3791697
255.3410383
256.0304495
256.0807937
257.4637392
261.2809986
263.1443836
264.2473982
262.3171769
262.9260809
261.2165493
263.0988134
261.9543517
261.6913469
264.5713802
264.829611
266.8761447
269.9080785
267.1573776
265.6214466
262.6387719
259.6441622
260.5907193
261.1731492
259.3342852
264.500421
265.12994
270.0986051
269.8258352
269.145755
270.0862361
273.0932148
274.9817719
271.601118
274.5840097
276.9428073
274.7072661
274.6373918
268.0698655
263.7233415
260.191221
258.7603184
255.1643997
255.4421606
257.3333218
252.779996
257.5967606
253.7597542
252.1767341
253.2986277
249.8637236
252.9134514
256.9958857
254.0685462
255.0806375
261.735398
266.7806644
267.3379222
269.5040232
268.3573915
264.0872516
265.5415904
269.0645968
269.3612367
274.1076931
273.4371609
272.4432977
272.3352314
266.7385662
266.965332
263.564931
268.9543604
273.2377373
272.3701685
270.664109
273.5467463
275.6759572
273.5743054
271.5627089
271.7434704
268.9016292
265.9460797
268.81548
262.2811548
262.3931272
262.9349779
257.5485865
261.3962259
257.8730025
257.7807772
254.623417
251.4617167
256.2068711
257.2428325
257.6746639
257.5524925
256.0009374
258.3773121
257.5381704
256.6873107
254.6054059
250.0787713
246.5462168
250.8384907
253.4785213
251.1678978
256.7077087
256.3505256
257.7766542
257.8795125
265.5185883
266.5367556
264.823969
264.9413664
269.0229326
269.7336099
267.1528206
267.5390818
269.9501766
272.6744035
275.9613131
273.7016848
278.0321508
280.8893991
280.4799188
283.5014365
281.9852526
279.5969429
278.404958
277.8746083
282.3339728
282.7703612
281.8235871
276.1205916
275.6939682
277.0263526
281.6899147
278.8072773
278.4531322
276.9645074
280.8121468
280.878766
283.2946349
284.9481802
284.6689003
287.8460076
290.3028896
293.7952989
292.5570929
296.1076584
297.8161049
298.3158575
297.6114733
296.5182237
298.9275825
303.2469815
303.2469815
304.1377694
289.8539151
285.9791506
283.3807842
293.1119637
296.616091
293.210265
289.4437838
290.132544
296.3402831
297.846702
291.4254342
289.828526
289.5640022
288.6786393
290.8701294
288.582725
286.5947816
285.3097034
282.9059866
273.2705044
278.0495109
282.1972623
289.185553
292.607003
289.3665315
295.7493902
293.3660715
291.1867334
292.5518849
288.3249282
289.192931
293.9812685
298.1068859
292.59854
289.6108743
289.4073277
290.8966035
289.6527555
294.3223936
291.0161709
295.0918781
297.2521201
300.627783
304.2688378
301.2609911
299.4724713
298.5118092
296.7536695
300.8812399
293.83501
294.1943632
288.7945177
297.7761768
297.7614207
300.2545418
303.5709636
305.8314599
302.6280955
308.0863142
306.4028227
309.9991754
309.1782617
306.15848
305.249898
299.1558673
303.3515759
297.0359874
303.9277127
308.7468643
308.0876162
304.6867812
305.1884868
305.0402753
301.0327063
295.975071
298.8240732
301.5209579
304.5186056
304.5186056
304.5186056
307.5225464
311.2651575
305.3375663
309.4974698
310.9574505
313.8622219
312.8757367
309.2316439
313.6884044
313.4206255
311.8699385
308.324147
310.6414975
315.9280686
316.3284349
320.5169825
317.0252242
318.9328773
314.3424445
310.2773703
310.0940047
308.2093536
307.2335014
308.2625188
312.1837215
311.742559
311.9441527
311.9441527
321.5069397
318.0041143
316.8776637
316.5710417
319.0455007
319.5782374
319.5782374
322.1631498
325.4745805
325.4700235
323.6036005
321.2124697
322.2553751
323.4228389
324.1892854
323.1216419
324.5013324
322.9543344
322.7123786
315.4992752
318.198547
316.342757
317.7378545
316.0168219
314.5893913
318.8467281
320.7995174
322.0253544
324.8313905
324.2112024
323.6131485
323.8082321
321.0141311
319.8395063
320.4646853
317.4522815
318.7154426
318.504084
317.8348538
314.3658805
312.1585494
314.50845
315.0064666
317.8463548
315.751647
316.4944404
320.3492409
318.8894772
322.3896985
322.9180953
323.4152439
325.007378
324.69902
326.4252606
328.404958
328.9396478
328.4121191
330.564549
331.793641
330.236444
328.5154114
330.6268282
329.3962172
326.8314859
326.8941991
329.0711502
331.8461552
330.9052401
330.4705877
331.6189554
328.1825323
330.2698621
328.0210838
325.0941783
324.0356489
325.1911776
321.8599998
321.5674829
321.1122154
317.1031274
314.4743809
314.2684472
312.3262909
313.8630899
314.6306214
316.2620327
318.4168497
320.1736874
320.2889147
321.5542458
319.8171552
315.9002925
316.9158558
311.8248023
315.0405357
314.9192323
314.7057036
312.7307802
309.7379066
315.8373623
319.5291953
322.0971816
326.6485543
323.4158949
323.146163
324.0261008
324.3535549
326.2019669
327.6515316
325.1167464
326.2816062
328.1725503
327.6172455
328.690097
326.0092703
324.1801713
320.2053695
326.3417153
328.3303098
326.6001632
328.2905987
322.3428264
324.682962
317.289965
315.8234743
320.8763356
323.8049771
321.6297621
322.0027863
314.6136953
317.7790846
312.7815584
318.6596735
314.6173844
313.5017837
313.274584
316.3390679
314.5459911
311.5706945
305.8269029
299.687736
302.0658467
307.2348034
300.0891873
299.5013324
300.4576545
300.4576545
300.4576545
305.5365559
308.1867855
306.2361662
306.2361662
304.9556451
303.700079
306.480075
304.6856962
302.6441536
302.8056021
300.5800429
304.5509387
305.4619077
306.9832996
302.7157638
306.8363901
302.6999227
300.4915066
300.7801175
301.233215
304.6633451
305.7312056
304.2451848
306.6063694
304.5680818
307.0783459
303.3543969
302.8266512
303.2938537
304.3992553
301.0867395
302.6458896
302.2834984
302.2492123
302.9683526
300.938094
301.8306179
299.697501
297.0960966
296.6495091
292.8496098
289.1093857
285.0165355
288.9084431
290.745571
290.3601778
287.2483877
287.1105922
287.8028245
291.7984584
291.3141129
290.1080229
290.4107389
285.1443489
281.3251365
278.4789553
279.9847232
273.0380966
269.9681877
272.3028983
268.0366644
257.4309721
261.3289557
270.2125305
274.7738853
271.9337801
272.3577994
274.5395245
274.4499032
266.0259359
264.7347817
271.4915326
271.6677372
275.6564271
282.3150937
283.7954725
283.953666
283.953666
283.953666
282.397337
288.6905744
284.5847041
282.6503598
279.9176699
283.8538457
284.0829984
288.1528466
292.2246478
292.2246478
293.0025953
292.7651966
286.3983959
283.8644787
286.3263517
286.0418638
284.6085741
292.7319955
291.1652504
289.2812503
291.2446726
288.8173028
291.9186768
295.4915934
295.0881891
297.8870642
295.1773764
294.9454026
292.3073251
294.5942955
293.6553334
289.7608218
291.3978751
289.3190084
289.3190084
293.6462194
293.2350031
292.581614
292.2446119
289.7964099
285.7109377
288.0742924
284.0263612
279.7408144
279.8247936
278.7836243
277.7606829
278.9730659
282.1786003
283.6097199
280.7544246
279.2866319
279.5999809
284.8520489
289.1282648
285.5661982
284.878523
285.6124194
280.3228102
279.333721
277.6094335
273.4781741
274.6215508
274.5900857
271.5553308
271.5757289
266.3941861
267.9181821
266.1999705
267.8674039
266.1737134
261.1484111
263.0823214
267.0929284
270.992214
273.2264533
274.7267961
272.2043799
267.4915587
269.150963
270.1335422
267.4802746
263.7179164
261.9244056
263.9375212
266.7941184
264.1395488
263.6384942
259.1619867
259.7481056
262.6235819
262.0815141
265.2952946
268.3400314
269.8627254
265.138186
266.3599
262.0895432
260.2278941
256.6972927
259.0502313
255.1081966
249.1222322
241.363155
239.804656
225.9077139
225.61932
228.1599642
212.1835045
219.4020329
220.1773764
213.6358902
201.3187133
192.7836416
205.1772028
210.490899
213.7324555
214.6123933
224.8472315
217.0807763
221.5844089
219.0103466
229.9973092
227.9865807
228.1571432
228.3322628
235.9262024
239.1154617
237.640074
225.5557388
226.4369787
232.712856
225.8122336
221.3984393
225.923121
233.7551104
232.091366
227.7305198
235.2830123
231.3709236
224.8335605
228.0501619
230.7793797
231.3082104
238.1903877
236.7757602
240.6939248
246.1708056
241.7014591
235.189702
245.2988968
241.5241695
238.9776663
243.1525428
245.5549576
244.3725208
242.901039
247.1427517
247.8618921
246.4092894
242.7576015
238.7218225
239.2602012
239.4837119
238.6562882
240.2764155
247.1559888
246.6770682
244.7119099
239.7365177
240.4923312
236.5325024
231.5840183
230.3416893
237.2739938
236.6342757
236.0462038
233.3961912
240.1653111
240.1746422
240.1746422
240.1746422
245.1022941
246.9335631
246.9335631
246.9335631
241.0081419
244.5048912
242.8391938
241.989853
240.0453097
242.2396209
239.3539455
242.4989367
236.6837519
239.8571701
237.4178652
240.7210499
239.3187914
238.7417865
239.6631715
239.9533014
245.4991884
246.3754373
248.5782114
245.7695713
242.3396582
245.4360412
246.2196308
244.0821738
238.874591
236.8221983
237.8590277
236.2721015
239.1508328
240.0644058
241.4957424
245.068442
243.9439444
242.0241392
237.2748618
235.6206654
238.9995834
235.9908686
239.2814673
240.438732
243.3491455
244.9382416
246.8231097
252.9716076
252.9316795
253.1608322
256.1090038
256.6074544
257.2013853
256.7335318
254.2927079
254.011258
257.7586431
259.57776
261.5795915
259.568863
257.8879756
259.5033288
257.8337254
258.636845
259.7060074
263.9885163
263.9885163
263.9885163
263.3062661
262.1980435
257.9565478
255.7516036
252.1424479
253.1241591
255.2032429
252.1997361
252.2071142
253.688578
259.7517946
260.8689142
260.7491298
260.8281181
259.4414836
258.8870468
255.7151475
252.4985461
251.4508667
249.7968873
253.1085351
253.1085351
250.5707118
248.4059128
245.9492479
244.0468027
248.133577
248.469494
245.3548829
247.1099846
251.7110505
252.7509179
252.0994818
249.1335162
247.6399004
246.3945333
243.7948649
247.0088623
247.8167559
248.0185666
245.9054137
244.767028
240.0160147
243.8894772
240.2618764
232.5338304
233.5062106
234.875268
228.9136077
228.1291501
232.2851476
225.1642695
223.4065638
216.9577369
225.0451361
225.8202627
222.1483938
216.662833
214.1109047
208.3812182
215.5324763
210.2908243
213.1615266
223.6070725
223.6020815
215.6166726
209.3442673
216.5261225
224.6721119
222.852561
220.7062071
208.640317
200.1514665
198.6624077
185.6065604
183.5042576
191.3872421
193.9623894
186.3530428
172.5498451
169.0906369
163.4412405
170.9529369
171.4798146
183.1151753
180.254021
185.196863
174.3257788
171.3635022
165.7976512
173.5391513
173.1761091
181.5002561
185.2459052
179.8558247
182.5425104
177.3772427
185.6276094
187.5821348
194.4918712
191.8056195
192.0050431
198.9933337
196.3593792
190.9877438
198.0639197
189.3454825
183.9139549
186.7916012
183.3708021
175.2582308
174.8398535
172.829125
179.1010963
174.2930117
179.4545904
184.567127
175.3669482
171.0575312
170.4340882
167.7908026
160.5308271
157.7924952
156.179529
151.0752385
150.6499171
152.6814777
162.5120435
161.6034616
152.3410036
157.4246791
163.8214258
161.3495708
157.9194407
155.4920708
151.7075785
150.8914389
155.2737681
162.2386227
160.795568
172.0943606
168.1199927
173.8726813
174.7374291
174.2845487
171.8131277
165.6626767
169.5485083
166.652634
169.9423646
160.9997656
167.4347045
171.6742472
169.9469216
175.5008376
176.4890588
174.2454886
168.1922539
165.9584487
165.2733775
165.5029642
164.2181031
167.9474771
169.6153446
171.8009756
171.1695036
170.059328
177.783902
178.4381591
178.9609138
174.4761603
179.1232304
180.5263569
180.9716423
180.4376036
175.631038
172.1935299
170.5931497
170.1600163
166.7361792
166.5265565
168.7881379
166.4807694
163.3195032
169.1006189
166.2490126
162.4708134
161.5522494
163.7791106
166.1409463
165.8065482
165.8065482
165.8065482
160.5735763
161.7896482
162.3197809
162.3197809
169.3486507
168.2419471
169.3521227
168.4313887
165.751864
167.7159374
168.215473
168.5904502
168.3194164
166.051108
165.7887542
160.5987483
157.2762506
154.621681
150.9947312
149.4759433
148.2169052
142.6634232
143.1419098
143.3437204
148.0463427
148.7305459
150.6954873
144.6878228
147.2792452
143.4834689
140.6802538
138.9974134
143.0002083
138.7057644
138.4347305
142.5230238
145.5768747
147.0919736
143.5522581
141.669994
142.6951053
137.6042688
132.720885
131.0840487
133.4415444
137.1960905
137.8041265
133.960393
132.3337558
129.8080846
124.8044824
121.7879556
121.8704159
116.5497756
126.0541894
133.1357904
138.8715529
137.3866171
139.5776732
137.7496593
143.6863645
135.6866336
139.8513111
139.7914189
136.9196316
137.957763
131.3594226
134.1268326
139.3279054
140.5925855
141.351871
147.8566841
144.8091262
144.2718324
141.0973292
142.9921793
143.9680315
147.7753088
146.920109
147.216098
147.216098
147.216098
147.1425347
149.2255245
144.3703508
141.7698143
146.0633902
144.0971469
143.1636099
143.1636099
141.8722387
145.0276459
147.2775092
145.4627323
142.0603783
143.529039
144.1548691
144.2089022
144.1856832
144.738384
146.0764103
140.2087113
141.0083589
138.1719427
140.7180119
138.8483339
138.4909337
139.4201307
142.9743852
142.9299001
143.6772505
146.2617289
145.0860191
148.2876475
147.839324
152.2826304
149.4548942
150.1664395
153.5388475
155.7351116
151.3033062
154.5930369
154.6737611
155.7125435
152.779779
154.6928572
149.5189094
148.2922045
150.1547215
149.3496489
151.1325267
148.2794014
145.4538353
149.2572066
149.6664699
148.5174512
154.3638841
154.4352774
152.2821964
150.1785916
152.2837154
154.7900735
154.5665628
154.0967563
152.1897541
154.9966582
153.4852483
155.1598427
154.2840279
156.3761317
153.5466595
155.1913078
153.5848516
154.2263057
157.1382381
155.1346706
153.9248917
155.0953935
152.9507756
153.9459408
155.8930881
157.1571172
157.8584635
157.6230177
160.0473496
160.9637435
161.9222356
161.8493234
161.3636758
163.571658
165.3473747
163.569705
161.8230663
163.6840643
164.3120644
163.572526
166.8390376
166.8258005
168.9222443
168.4227087
167.899303
169.2117232
166.8954577
164.0664196
164.1423698
162.9282509
164.0106504
165.3308827
166.2744017
166.2383796
164.7443298
161.0948119
159.3266902
159.6697683
158.039659
155.6843334
155.0548144
152.151345
154.628625
155.552831
159.9917974
158.5587247
157.4229431
156.6985947
160.180805
159.7068755
162.6244499
161.5889225
163.7726006
162.4176482
163.3179842
161.6082356
162.3297629
159.2296909
156.6068034
156.0050605
157.4320571
158.5515637
159.4358416
160.4772279
161.4762992
166.060005
165.2944266
164.2819013
165.8002552
167.7315615
166.1110002
164.8491411
164.7356497
165.3935959
165.2866145
160.9884816
160.5724913
160.0395375
159.6226792
159.1906308
162.8943988
163.0471673
162.3084969
163.2012378
162.0969212
164.6722855
164.6000243
165.3959829
164.8378571
163.6986034
162.4794934
163.2932461
161.6190856
162.8392806
162.7268742
162.8523006
162.338009
162.1303393
163.6395792
165.2362704
164.5479441
164.7432448
165.2712075
165.2712075
165.2712075
166.5033375
167.6558282
168.1942069
168.1942069
170.1400523
170.4084821
169.8844254
168.518189
170.3939431
166.9954951
165.9486837
166.3314729
167.6132961
169.0658988
171.2506619
171.598731
170.3544489
171.922713
171.8593488
171.6236861
170.8400965
171.604156
172.6678934
170.8995547
170.053903
170.8440025
169.4091939
168.3445884
168.1694689
168.208963
169.9516956
170.4896404
171.1931567
171.8172507
170.7318132
171.6451691
173.0120566
173.0053295
174.4831043
173.8987214
173.1272839
170.5605996
171.288203
172.2696972
172.7043496
174.2457056
175.9784562
175.7202253
175.7950906
174.3277318
175.1998576
172.9821105
172.9638824
168.1304087
168.7056776
165.0364127
165.3595268
168.3814786
164.0937617
163.9457672
160.5201941
160.48287
159.6456813
163.1393926
163.7179164
166.1402953
166.0814881
165.6429297
166.964247
170.68429
171.7636515
170.8125374
171.0421242
171.2126867
171.2126867
171.2126867
172.4823578
171.0102251
171.6241201
172.8703551
172.850174
174.1265722
173.2121312
173.8689923
174.4464312
172.849957
172.6750545
169.6676417
168.1286727
167.1250445
168.2276251
168.5707032
169.9252216
167.1376305
166.989853
163.0664803
164.6883436
161.9185466
163.9136511
162.347774
160.1623599
161.2441084
164.0132544
162.9393179
162.7822094
164.3439635
163.6662703
165.0728688
166.2385966
166.1804404
166.5729947
164.2573802
165.3857838
166.0843091
167.0284792
168.7080646
168.9589174
168.4073016
168.8849202
168.7614468
166.7613513
167.8661019
169.6446396
169.9744807
170.6580329
170.7502582
168.4027446
168.7753348
170.2926037
170.4690253
171.9409411
171.4010433
170.2913017
170.6115948
168.7267267
167.9476942
166.5055075
165.8803285
166.2778737
166.6912601
165.4652061
165.3775378
164.9608965
163.3116911
163.4453636
162.5107415
163.1064085
164.4272917
161.3552128
161.424436
159.4751187
161.2911976
161.1468921
164.3185744
163.4401555
161.6004236
162.5532737
161.107181
161.8087443
156.7048877
155.7448766
157.1814213
155.7444426
155.4148185
154.8690618
156.8457212
157.1766473
157.6579548
157.9196577
157.8506514
160.3463765
159.886335
159.9401512
161.0605258
162.0706641
161.739521
160.4520559
161.4548161
162.4423863
163.4698846
164.3888826
164.7701529
164.4756829
163.0235142
163.8452959
165.8722994
165.1889642
164.7716719
164.7057036
166.0118309
164.9528674
166.1533153
163.3570443
161.6323227
161.3081236
160.3804456
160.7823309
160.9001623
160.3672086
163.6322012
165.2659995
165.7214839
166.1207652
166.6066298
165.4892932
165.2751135
163.1838777
163.6406642
162.6181569
162.1687484
161.5774215
162.97751
160.8352791
161.5594105
161.6295017
159.0237572
159.573637
162.0129419
163.5061238
163.1359206
163.5093788
164.6911646
165.136233
164.3815046
165.6001805
165.8601474
165.7036899
166.4102442
168.1796679
168.6460024
168.1008966
166.7839194
168.0468635
167.8736969
167.1037784
166.0673831
166.1016692
165.9790638
167.8335518
167.7977467
167.5562249
166.4883644
168.6870155
169.0908539
168.6887516
167.9233901
168.4040466
168.3313514
166.8600866
167.6464972
169.2881075
169.7234109
168.9311413
169.6578767
168.224587
168.2339181
168.4895449
169.5589244
170.1893114
170.0404489
169.8345153
170.2481186
169.6745857
169.7188539
170.3284089
171.6508111
171.7376114
170.6239638
172.0422804
172.6535714
172.7677138
171.6690392
170.3312299
171.1890337
171.7536695
172.4103136
172.4511097
172.4988499
171.9400731
172.7351637
173.1305389
174.0912011
174.5555826
175.3738922
175.1380124
176.8304009
179.6963292
180.2978552
179.5016796
180.7910978
181.5629693
181.5341082
180.7082035
180.3241123
182.0049997
182.2450025
183.327185
183.0502921
184.0701954
184.8162438
185.2758513
183.9734131
182.5611725
182.2128864
184.7925907
184.8303489
185.9637435
186.2445424
186.3615058
187.7336013
187.9388839
186.7069709
185.6484415
183.4658484
183.348017
183.344111
184.2268699
181.485283
181.2726223
182.0069527
181.4635829
181.9101704
181.3290425
182.4411711
182.4411711
182.4411711
182.4988933
181.4084648
181.5918304
181.0261095
180.7828517
181.9572595
182.8029113
183.942816
184.0526183
183.2866058
182.415131
182.4860903
181.6358815
179.2582048
175.3584852
176.0261963
174.5790186
174.1129011
175.6822502
176.2768321
175.8729938
173.0810628
171.4765596
171.8866909
171.9398561
172.207418
172.8896682
174.7816973
175.9003359
175.3302751
174.3244768
173.4981381
174.3374969
174.3572439
173.8429523
174.07753
176.862517
178.1625682
178.4796063
179.6103969
179.3894902
179.8143776
181.1278829
181.0545366
181.778668
179.9009609
183.5203156
184.0476273
183.5335526
182.2957806
184.1600337
184.2333799
184.3062922
185.9567995
186.9576067
187.3989862
186.3862439
188.1198625
188.9783173
188.890866
189.7731909
190.0952199
190.8486463
189.7180727
188.9284071
191.9269228
191.971842
192.0050431
194.436319
195.7851953
195.4642513
196.3975713
192.6510542
194.9506106
195.0946991
194.0643798
195.362044
196.1844766
195.7448332
195.0356749
195.9373128
195.380055
195.4896404
195.0215699
194.749668
195.381791
195.3904711
195.6515229
195.2834897
195.4223702
195.5070004
194.8627254
194.0602568
192.2157508
191.8824377
193.7866189
196.2400288
195.2225125
193.0314564
192.8207487
192.600493
192.1211385
191.5588897
192.7619415
193.2864322
191.9086948
191.1632974
189.2654092
188.7094534
189.1775239
189.1048287
190.5574314
190.3640838
190.4155129
191.4540783
193.0778946
193.4554758
193.7373597
194.0893348
194.4174399
193.3580425
193.6164903
193.533379
194.8501393
194.8631594
196.0720703
193.3376444
191.4877134
192.3667833
195.2212105
194.5504613
196.4259984
195.4629493
196.8072687
199.3494319
200.5932799
199.0510559
196.8419888
196.1506245
195.9060647
195.6252658
193.5858932
192.4822276
194.1878532
194.1856832
194.0563507
190.8364943
192.0662373
190.748175
192.3941254
191.9054398
192.6668952
189.801835
189.6425564
193.834793
194.1963162
195.8303315
196.8409038
196.4433585
197.5563551
198.3616447
199.0057028
200.7130643
203.2743236
203.6712179
203.6347618
202.5321812
203.5943996
204.8043956
205.0995165
205.2193009
206.2246652
205.2876561
205.6843334
205.862491
207.1890163
206.8815263
210.485691
211.9426337
211.416407
213.6308992
213.256573
213.0779814
212.9302039
214.0744486
214.1495308
213.4395045
214.6247624
216.8216775
216.5816747
216.4215282
218.0653085
217.6319581
218.200283
218.200283
218.9350473
218.2857812
219.3291206
217.1239595
218.9819195
219.2136763
220.6569479
219.742724
221.0562292
222.0976156
219.6437716
220.8311995
221.0948553
217.8580729
217.9214371
216.1068772
213.9553152
215.4070499
212.8594617
212.7442343
212.8672737
215.5884625
219.124923
221.5353668
221.6631802
221.3361601
224.2378935
222.3007283
223.2665984
224.0391209
224.8932357
225.5264437
228.3609069
227.6382945
229.307247
230.0784675
230.1663527
231.1372139
232.0243128
232.4975913
232.0779119
233.2705478
232.6785699
232.712856
234.259854
229.9556451
231.0328365
229.0457611
227.8746083
229.8460597
228.4704922
226.1116946
228.1187341
229.9586831
231.3869817
232.1801193
233.5174946
233.4461014
233.5070786
235.3695956
236.1985383
237.0947512
238.2131728
238.2248908
237.0797781
235.7105037
236.0507608
237.5905978
235.8745562
237.025962
234.9924484
235.0679646
235.4691989
234.9208381
235.2324512
231.0951157
230.858802
230.4701537
230.4701537
230.4701537
229.624285
233.2926819
235.8530732
237.9028618
236.2228424
236.1464581
236.7781472
235.9064553
233.2779258
233.2779258
232.9448297
230.4402076
231.5134931
234.5033288
235.4470648
235.6968327
233.7531574
231.9203694
225.9973352
223.6823717
224.1046551
217.2333278
217.1884087
217.7482705
212.346689
217.7582525
215.8260783
217.5195518
220.7585043
220.8186135
215.0040796
217.903426
218.6049893
217.9481282
216.3744391
212.1700504
214.6191204
208.5684898
211.6739868
209.1320406
204.5767618
205.1186126
210.5104291
208.956487
210.8181361
211.4465701
212.5645577
213.9188591
213.3971894
212.6706711
210.1428299
210.1506419
214.3001293
218.6219153
220.0135408
220.5033114
217.5471109
219.5823604
217.9292491
218.6544654
216.3848551
217.6423742
214.4051577
210.9277214
210.2502452
210.3819646
216.4545123
217.3275061
215.8052462
220.9184338
219.8859444
220.5881587
222.9797235
225.2165667
224.4227781
221.921411
224.7578272
222.3126633
224.8257484
221.902966
221.4861076
222.7848568
221.6299791
221.5605389
223.9128265
226.6533284
228.0134888
228.7224301
228.4854653
227.3974238
228.1608322
226.8102199
228.5455745
229.4020763
231.167377
231.5989914
232.8786445
232.7553881
233.8416936
235.3120904
234.3789874
231.9244924
230.6543873
231.2706693
230.9716423
234.4399646
235.5514422
235.8673952
238.0847084
237.8056455
235.4453288
238.8709019
239.4667859
237.1557284
237.5847388
241.367061
241.8856927
241.8915517
242.5360438
241.9540479
241.5760327
243.215039
244.0162056
244.1605111
244.5576224
245.672138
245.8939127
247.1091166
246.7673405
246.6664352
243.1798849
244.7225429
244.9996528
244.4250349
246.2224518
246.1638616
245.9564089
245.1713004
243.7445207
242.4516305
241.6495959
241.6849671
241.0977632
242.3446492
245.7226991
247.1177967
247.228901
245.3501089
245.064536
245.7526452
245.4353902
247.3936046
246.7716805
245.5862057
245.3904711
245.6285208
244.9790377
244.128395
242.5649049
238.7825827
238.6033401
240.6895848
238.5456179
235.9978126
236.7021969
238.3249282
237.5830028
237.8802937
237.655264
239.4663519
241.5300286
244.9336846
247.6006232
248.151588
247.8221809
247.1915769
248.7975991
248.2837414
246.6705582
246.6705582
246.6705582
250.0768182
249.7784423
249.0397719
249.0397719
251.8981051
252.1381079
252.1773851
249.697501
249.081436
251.0251113
249.0931541
252.8717873
254.5947729
255.6895414
255.7761247
256.1196368
256.3240515
257.0247468
255.0958275
254.6655151
256.5868393
254.7889885
253.2139974
253.5097694
254.7592594
253.390636
255.872907
257.087677
256.6912167
257.4952043
258.8041525
256.5382312
258.2288837
255.9438663
257.0714019
257.9988629
257.9799839
257.1256521
259.0037932
258.7861415
259.4668727
259.567127
260.0232625
260.1330648
253.8732455
249.5866137
244.741422
245.8524656
243.9840895
244.4975132
246.3682762
249.9129827
251.0248943
251.6032012
249.4145321
244.0144696
250.014322
250.624528
256.9984897
261.0370898
261.5583254
265.4652061
267.7220134
264.5974203
263.7211715
262.1696164
265.5250983
264.9628495
265.8881405
268.2842622
269.2193183
270.1545913
270.1545913
270.1545913
273.160268
271.9967103
270.050648
272.4906039
278.7497721
279.1462324
278.708542
277.5818744
281.1294019
280.4577847
279.0357791
281.168028
280.6157612
279.0700652
279.1013133
279.1013133
279.0527051
281.2622063
282.3433038
282.4359631
279.939804
278.8801896
276.5914832
278.0154418
276.8998412
277.8066871
275.5540028
276.3408473
277.7218398
277.6569566
279.2777349
279.7319173
277.159591
277.8027811
278.7990313
279.0691972
278.2977597
280.8086748
281.5579782
281.8196811
280.3924675
276.3117693
274.8480995
274.3648389
276.0357444
274.6606109
274.9767809
278.999323
282.7634172
282.1881483
281.3982657
282.0711849
280.3850894
280.1947798
279.2026526
278.087486
276.4988239
278.713967
279.0848212
279.008437
281.1033618
282.1503902
280.8477349
281.6892637
282.9788989
282.5327454
282.094838
285.2435182
286.5947816
288.9453332
288.273065
286.0390428
288.4371175
285.8537242
287.0055639
283.8154366
280.9219492
273.7476889
270.7593723
270.0217869
274.3110228
267.7996997
271.0644752
267.9780742
265.8338903
268.6253873
273.6025155
266.6947321
259.4985548
265.2054563
263.1914727
261.743427
252.6487106
258.4944925
261.3194077
261.3881969
265.6190596
266.1168592
266.0845261
266.672381
261.4799882
262.2384057
265.429835
267.1808137
268.9024972
270.692753
266.4825054
268.2981503
264.0286615
262.5118265
267.0004861
268.4214067
271.5883149
269.8219292
267.915578
271.9468001
277.15894
275.9001189
276.4345916
274.9173227
272.9554194
275.3929883
276.7893878
276.7310146
279.3606291
278.5238744
278.3183748
278.5095524
280.3397363
280.5890701
282.6442838
284.3509943
284.8188478
285.9047193
281.2389872
279.8734018
282.4709002
280.9529803
280.6070812
276.83843
278.6547258
275.7054693
277.2179642
275.5843829
276.6891335
274.5968127
277.1250879
276.1103926
276.1188556
275.2775439
275.0557692
272.3558464
269.1533501
264.2582482
264.5919953
264.9159773
266.8418586
263.7309365
259.9464442
255.4150355
254.9061689
248.5070352
249.0367339
253.69422
253.0399628
254.4916976
258.7327593
258.7206073
262.5320076
260.6742646
258.5422327
262.7715764
263.7697796
265.2050223
267.2619719
266.6248579
265.4784432
261.6327567
263.8722039
260.6838126
260.1200448
259.1878098
260.7595459
263.6285122
265.1880962
265.1880962
265.1880962
263.8567969
263.7886587
263.9811383
263.9811383
260.1690869
258.4430634
255.7917488
256.1953701
255.2086679
252.1784701
248.75051
247.22608
248.6407076
241.2681087
237.963622
238.4568646
232.8782105
219.148142
224.4012951
217.8129367
231.1504509
228.3724079
228.2736726
232.2437005
230.6420183
229.8239256
234.7928077
234.7852127
227.0552137
230.0730424
225.6538231
225.1890076
222.6431554
228.4331681
229.629276
228.2875607
224.8695826
230.2742021
232.4678622
230.235793
232.4717682
231.4195318
235.5800863
238.2190318
237.4805784
232.4301041
229.4120583
226.2855122
224.071237
228.2378675
224.8372495
224.062991
221.4346784
224.1688873
226.1223276
223.8186482
221.7421684
213.3544403
219.2373293
219.2247433
221.0709853
221.0709853
221.0709853
225.9563221
225.7417084
228.1150451
226.9061342
226.7236366
233.5865008
235.9646115
233.9840461
236.7612211
237.9345439
236.9265756
234.3329832
233.7036812
230.7294696
229.5092746
230.3406043
235.0145824
234.1170675
240.7876692
237.5311396
234.6100931
235.5191091
233.5396287
234.4102355
236.09568
233.8712057
236.717604
236.717604
240.7844141
239.9539525
237.8863698
239.7356497
239.1369448
237.5183366
237.8972198
236.9398127
239.9259594
240.9938198
240.4955862
241.5619277
237.656132
235.7671409
235.173861
232.2823266
231.3830757
230.9306292
234.3538153
234.6734573
237.2290746
234.4063295
236.124324
234.8184138
235.478747
227.9145364
225.8992509
225.4066593
221.9791332
225.0264741
224.9019157
223.8514153
223.5204892
219.1637661
214.3630595
209.8305659
209.0133412
208.5502617
211.1440711
205.4304426
203.2790976
203.9331377
200.00651
199.1148541
201.1019296
198.7253379
200.918998
198.0185666
201.7659517
196.0733723
189.6047983
192.6087391
188.1472046
190.6075586
196.4750406
199.5699046
202.0267866
201.532459
204.9766941
200.630387
199.7829993
197.225863
197.6830835
199.9565999
197.5583081
195.4777053
196.7803606
205.0756464
208.9786211
205.8826721
210.3023254
212.6928051
213.9110471
211.6579288
209.1027455
211.8009322
211.3016136
204.8890258
205.55652
202.9705226
208.0715582
206.2977944
206.2587343
206.8737143
209.863116
209.9039121
211.0720269
215.6223146
211.7636081
208.8128326
206.8322671
211.0839619
211.6525038
210.3661236
208.4365533
210.8747732
204.0935013
198.8626993
192.0139401
189.507148
203.1966374
197.7050006
194.2670584
190.7965662
196.8869079
189.7523588
174.6035397
178.5245254
181.5627523
181.2769623
187.9104568
171.309252
167.8808579
155.8859271
152.1847631
139.6362634
153.9296657
159.6738913
149.1237512
141.5703907
140.3938129
149.9644119
150.8419627
144.5441683
145.7765153
140.749477
135.199684
133.5218346
144.0040536
143.3129063
147.9834125
150.0776863
158.939778
155.4263196
148.3967988
150.3333131
150.4862986
145.5556086
142.6336941
143.1293237
143.7071966
139.6603505
141.5749477
135.6768686
131.9503155
128.2020624
138.7845357
136.8788355
135.7604139
138.6222191
138.9583532
130.9814074
133.5548187
135.6484415
135.3891257
129.7594764
138.5540809
140.5891135
141.8331785
140.5936705
138.0870954
137.7726614
138.4824707
137.7826434
139.2816843
139.9300824
137.048964
137.9972571
136.5103683
136.5103683
136.5103683
136.3628078
139.4099317
138.574045
138.574045
144.447603
146.308384
148.2360013
146.5420938
146.0811843
147.6622514
146.1979307
145.4547033
138.5297768
137.1071202
139.1443228
137.8375446
134.7274905
133.8499397
132.3550218
131.3520446
138.4928867
138.7956027
143.1796679
139.2406711
137.8234395
135.8999453
139.3355004
140.5945385
137.9412709
142.4852657
142.9459581
138.0180892
138.9622592
136.2805645
136.6505507
134.244881
129.5596188
129.1755275
129.5012456
124.9800359
122.4580538
122.3708195
120.9410018
123.2351333
121.7228554
117.4748496
113.5540809
116.8913347
111.2087373
110.192957
110.0809847
115.7629311
115.2933416
116.5482566
116.5905718
119.6463757
118.2653832
117.6145981
117.0143741
118.5952242
123.4297829
122.8454
125.3372191
125.4324824
122.8736101
117.6080881
120.4399472
122.7774788
127.7081688
127.2455233
126.1965419
125.9849662
127.0677997
128.4687562
128.4687562
128.4687562
129.4359284
130.0934405
130.8933051
133.3935872
129.012343
129.4057653
129.4545904
128.7196091
130.0962615
130.1051585
129.331985
132.2222174
134.1487496
134.1487496
139.1241418
139.1484458
141.0929891
142.60288
144.4693031
142.8459208
142.7076914
140.2239013
139.5624832
141.5992518
144.8813874
145.4772713
146.6501601
143.515802
144.2329893
144.3831538
145.8850157
145.2459486
141.9460189
140.4905952
144.2557744
144.6693777
143.2682042
143.1028497
144.0559167
142.4034564
142.3537632
144.0578697
144.0695878
142.9654882
140.0754728
138.8092737
136.5969516
138.1934257
139.3704376
136.3361167
136.427908
139.3834576
139.5501141
139.4624459
141.4254342
139.9593775
142.8630639
139.4889199
140.2898695
138.9822233
138.3182012
136.5492114
137.640074
135.4553109
139.1451908
140.119524
144.5851815
146.1256694
147.9860165
148.7494249
149.5646966
150.5639848
152.5122171
152.6487106
153.2997127
151.7240706
154.9120279
157.7634172
158.319373
159.9136771
159.3883184
158.7607524
160.3782756
161.9424167
161.1707622
159.0448063
161.7716371
162.2314616
160.6699246
157.7506141
158.7065022
158.5159756
160.5983143
163.896725
165.4144279
166.8305745
166.8342635
165.8269463
167.278247
165.1420921
162.3232529
160.9060213
160.5889833
163.0476013
166.0916871
167.277596
168.7538518
170.1938684
170.2505056
169.6758877
170.0330709
172.7874608
174.063859
174.1625943
173.6591527
174.0425929
174.7400332
172.3441284
171.3439722
174.5920387
175.303367
175.5474928
172.7631568
169.0044876
170.2572326
174.7799613
174.8003594
178.0219518
178.6677459
181.8611282
181.0399976
183.327185
183.1401304
181.1932001
183.9677711
182.8569445
182.7432361
180.4013645
180.2071489
174.5436475
173.6146675
169.6735007
173.6882307
170.4241062
170.8600606
169.2164973
172.3923026
173.5558603
173.0250766
177.0211445
176.3399793
178.9172967
178.5123734
178.3600389
180.3488503
179.8964039
178.3112137
175.1705626
173.5894954
177.2999905
176.5947382
178.1360942
172.3521574
172.9022542
170.5132935
176.1672468
176.1518397
177.2125392
179.326777
178.4346871
175.4329164
173.0658727
176.3048252
177.9164894
179.6822242
181.1986251
182.9912679
181.9097364
180.4156865
183.1360074
184.2889321
184.2893661
184.5430399
184.5430399
185.7350248
186.5090663
185.0807677
185.0890137
185.0890137
189.196186
188.5267388
188.4282205
187.4263283
188.5621099
187.666765
186.2109073
187.4922965
188.6686573
187.4981555
188.4234465
188.9533622
186.2198044
184.5037628
183.1023723
182.721536
183.8358346
183.1896065
182.08529
184.2828561
186.1653372
187.4762384
187.2427457
181.2637253
175.7449634
175.932886
176.7349206
178.4939283
178.3500569
177.784119
177.6986207
178.5544715
182.1161041
182.2154904
183.0641801
182.7816452
180.4994488
180.2268959
176.8041438
178.8500265
183.3083059
185.1100628
187.0144609
187.5873428
190.9458627
190.4573941
191.0040189
192.1172325
191.0782331
191.2344736
188.6567222
190.5331273
191.979871
191.348833
190.0064666
189.8782192
192.1506506
192.0219692
194.149227
193.0177854
192.5488469
192.6714523
193.2410791
197.1204007
197.1204007
197.1204007
198.5434913
197.7651098
196.3624172
198.8796254
198.6997318
198.2776654
199.061038
197.9695244
195.2784987
195.0304669
198.6213945
198.3362556
197.4882169
198.8386122
200.8202627
195.3275409
191.672164
195.1880094
193.6770335
194.5706424
188.7020754
186.5863185
184.0953675
176.2766151
190.0053816
188.9876483
191.5426146
192.2669629
186.8580034
186.7618721
189.189242
184.252259
179.935898
179.4537224
180.2097529
174.6148238
178.8057583
184.0150772
183.964733
184.0829984
184.1066515
184.9826833
187.9180519
184.6600033
182.727178
181.3112484
184.9939674
188.0716884
187.7893704
191.1092642
192.6718863
192.6430252
193.211133
193.7006866
195.9587959
195.0059458
192.4830956
189.4220837
187.9851051
190.3610458
183.7522894
183.1429514
178.9292317
179.001493
178.2233284
182.9157516
184.6986294
186.9652018
187.643546
189.1096027
193.2886023
194.0363867
191.3045648
187.6773981
186.107615
184.6693343
188.283698
192.916446
193.6470874
194.3534247
194.5619624
193.1796679
191.5582386
190.726692
195.1322402
194.1852492
194.5821434
192.4815766
188.9175571
191.5445676
189.9782565
185.2157421
184.9915804
184.6695513
184.2012638
187.0778251
186.9706268
184.3303792
181.7109637
181.3743957
178.6512538
178.0104508
179.4407024
180.7670107
179.8968379
180.4896838
185.6998707
186.0462038
187.35602
187.8462246
185.9112294
187.6337809
189.7590858
189.7870789
191.2351246
191.1455033
190.4534881
189.494996
189.192063
192.3876153
192.2003437
189.8573871
188.7124914
191.9414619
191.5478226
192.1643216
191.2954508
190.1023809
189.1028757
187.5283186
190.1700852
191.1906395
191.3097728
190.136667
190.4072669
189.519083
193.2458531
193.3142083
193.515585
193.0887446
191.6361419
191.5534646
193.1597038
192.6903313
193.7558048
192.8261738
190.9736388
191.2017065
189.8565191
190.8510334
191.6161778
189.9600285
193.7236887
194.145104
194.0370377
194.5229023
193.9645594
192.4442525
191.8433776
193.1189077
190.7210499
191.7220742
194.4827571
193.9793155
193.3808276
188.7116234
189.9355074
190.6084266
189.1124237
184.9112901
182.8408864
187.4985895
190.6876318
191.1984515
190.4578281
192.4405635
192.7567335
194.7993611
194.9686217
194.9976998
195.054988
194.2258283
195.2615726
194.9987848
195.4675063
197.3601864
197.3580164
197.6516184
197.3666965
197.1724808
197.7800828
198.5274332
197.6331733
196.7109203
199.2847657
199.0957581
198.3772687
198.5602003
198.4109039
196.923147
199.5664326
201.9536573
201.841251
202.471421
202.7025268
204.2100306
200.615197
200.007161
202.766108
202.3049815
200.9602281
201.6680844
202.8984784
201.222148
200.8888349
204.2599408
204.5255497
204.013211
205.1131876
207.41665
207.9617558
207.5939396
208.039442
207.5587855
208.032932
208.0537641
208.655724
209.1593827
210.1538969
208.5990869
207.4348781
205.3434253
203.8324494
205.546755
206.780187
206.4023887
204.4736865
205.8136658
206.3557336
205.5031378
206.1955871
207.103301
204.8443237
202.6493616
200.9465571
195.7793363
193.1182567
195.9713819
196.595042
200.3361341
199.8452785
201.7770188
203.9346567
204.4220403
204.8870728
205.5910231
206.6703846
205.1307646
207.5531435
207.1182741
206.9112554
207.2486915
206.3687536
205.5361219
205.4851268
203.0677389
204.1976616
202.2197002
202.0007465
198.2648624
198.4905431
201.7511957
200.4997526
200.4997526
200.4997526
201.0071003
200.8747298
200.1304174
200.1568915
201.3417153
201.0557084
199.080785
199.1107311
201.5042489
199.6469399
201.9959725
202.6456726
201.2056559
200.0926593
198.6710877
196.0889963
196.3179321
197.4040206
195.8292465
192.5518849
192.5084847
193.6203963
193.216992
194.124272
194.0973639
195.8969507
194.1856832
191.6135738
191.5636637
190.8618834
190.7651011
188.3260132
189.1525689
186.3556468
186.5081983
188.576866
186.3923199
185.3650386
186.2534395
185.2992874
187.5545757
186.1299661
182.9899659
183.2238926
182.9804179
183.1416494
186.1267111
188.6597603
190.6500907
190.9684307
190.3721128
189.197054
190.9371826
189.5249421
185.2137891
182.9971269
183.3521401
182.1603722
181.1929831
177.3809317
179.3018219
182.5937226
186.1690262
187.1060352
185.8890953
186.0687719
183.6919632
183.629033
181.7322298
179.1816035
176.4057306
172.3443454
168.0796306
166.986164
159.7305285
161.1690262
155.5925421
158.1451214
163.2012378
164.5193
163.6656193
164.3513415
156.9001884
154.2137197
155.3208572
156.2609043
157.6316977
155.9952954
154.7779215
157.2026873
158.1672555
163.3442412
164.0555695
159.9195361
153.4770023
152.5165572
156.1515359
157.1269541
153.0512469
148.5391513
149.5115314
151.9688474
154.1178053
156.479641
152.5807894
155.3019782
154.0867742
147.3606204
148.1771941
152.4432109
159.0882064
157.4902133
161.125843
158.3968422
155.6639354
152.6545696
156.2229292
160.5553482
161.5746005
164.3615405
164.0460215
168.7345387
167.0230542
169.6735007
167.4303645
167.6362981
169.0912879
167.9179651
171.5462168
173.3364726
171.3478782
170.4386452
177.3481646
175.7835895
172.1679238
165.0516028
166.8585676
171.0894303
169.3351966
167.7806036
170.1491663
164.2918833
164.4834949
168.5924032
165.8037272
163.4375515
164.194884
161.6140946
160.491767
155.7474806
154.948701
152.6777887
152.1956131
153.1751543
159.7294435
161.428993
167.8198807
165.9562787
168.2532311
170.6623729
170.7452672
170.3184268
167.905162
170.2316266
166.1222842
165.7117189
162.4888245
163.9713733
163.2337879
163.577083
168.1139167
167.2266008
169.6201186
171.3832493
171.3832493
172.1935299
171.0996294
172.8820731
174.082738
176.7288446
177.0378536
174.4904823
172.9729964
171.8265817
172.5570061
174.367443
172.7284366
172.7518727
172.0921906
174.4492522
176.0481134
176.1542267
178.7643112
178.9487618
179.7119533
178.1758053
177.9438315
179.8614668
178.2725876
176.241678
178.099421
182.088762
180.569106
183.1811435
182.3765049
182.4624372
181.3522616
180.9681703
177.9023844
179.3528171
178.5575095
180.0977805
181.8420322
183.7323253
186.715
185.3593966
183.2000226
182.5937226
181.7348338
182.0045657
182.2784206
181.6432595
182.9856259
183.9940281
183.3636411
178.5761716
180.2036769
183.1101843
183.6952182
184.0829984
187.0023089
188.0580173
189.6063173
190.1857092
190.1438281
188.0202592
187.1704844
185.2057601
184.863333
187.4929475
186.9469737
185.4609529
182.731301
184.1671947
185.9036343
183.6264289
178.6160997
179.02341
179.02341
179.02341
174.0918521
174.700973
176.8894251
174.3600649
174.391096
178.2159504
176.4610657
175.1942156
176.7898218
172.22174
173.6904008
175.7089413
177.0569497
176.6776324
175.2784119
175.2784119
174.4357982
174.1040041
171.1777496
173.5858064
171.7992396
172.225429
173.7991181
175.5613808
171.4344614
170.7487392
169.8286562
167.1690956
166.0901681
167.1105054
170.1496003
166.4319442
167.4351385
167.8628469
167.8763009
169.2724834
166.8403396
166.6272449
162.5823518
162.0528701
162.9940021
166.5000825
167.3706893
167.0430182
167.0538683
166.9351689
166.679108
167.0640673
169.7199389
169.2698794
171.4370655
171.8057497
171.6748982
170.2403066
167.7847266
167.6106921
170.074952
169.3308566
175.7586345
177.6500126
179.6958952
179.7972345
178.7562822
176.536365
176.0895605
178.1957694
177.6001024
177.166969
178.715052
179.7084813
179.4452594
181.8235871
183.954751
182.3179147
178.6391018
178.077938
178.5512165
184.6886474
186.2966226
188.4950567
187.359058
188.0358832
184.6157352
189.5887403
189.3001293
190.753817
189.1762219
191.1700244
190.4825662
189.3450485
190.2382234
190.4777921
190.7614121
191.8644266
191.1322663
192.593332
190.3866519
189.3509075
189.2751743
190.8143602
189.0703256
190.0190527
188.6981694
190.0069006
191.6309339
190.2627445
190.8026422
195.1276832
195.4540523
193.7408317
194.1613791
194.143151
193.0926506
194.7121269
194.4821061
193.526869
194.3651427
193.8623521
193.8081019
192.3975974
194.1186299
190.4951522
191.6969021
188.4119455
191.1105662
190.8002552
191.3138959
191.6109698
194.7344779
192.8439678
191.4430113
190.6869808
192.2389699
191.3414549
192.4909077
194.8141172
195.4494953
195.2617896
194.4176569
195.0875381
190.5333443
191.3774771
192.6786133
192.2129298
191.676721
193.5848082
193.1447308
195.6291718
197.0333834
195.6044338
196.8816999
194.2729174
194.2167143
193.7573238
193.9085733
194.8297412
193.6915726
190.3684238
187.653962
190.2382234
191.6886561
191.6467749
192.7016154
195.1387502
194.7928511
196.5334138
197.3981616
199.1884174
198.1196889
198.8290642
198.9566606
199.8046994
201.246452
202.0934058
201.7331846
202.2617983
201.9645074
201.7262406
202.2609303
201.2787851
201.230177
202.3440416
202.8995634
201.3549524
201.6459503
201.6459503
201.6459503
201.4350256
199.9605059
200.8146206
200.8146206
205.1435677
205.3820514
205.7581137
205.8277709
204.7813935
205.8331959
206.4481759
206.185171
204.7232373
205.0569844
205.9597073
207.4459451
206.7615249
207.7703612
208.1961166
208.1034573
208.8690357
210.0855417
211.0349198
211.4830262
211.8091783
210.6983517
211.9829958
208.5509127
207.6553508
206.0120045
205.1854488
206.0430356
206.1287509
206.8693743
207.1493052
207.6896369
206.3051724
205.6463583
208.2202036
206.3607246
201.6669994
204.011258
204.2386747
201.0255453
202.0903678
204.011258
203.1740693
203.7606222
207.8779935
208.5240046
208.7253813
211.8148203
211.3222287
211.5025563
211.5654865
213.6228701
212.3707761
212.1433593
211.9142066
213.567101
212.4914285
211.4572031
210.5301761
210.5360351
208.4009652
210.801861
210.801861
210.801861
214.0651176
212.1025632
210.2183461
206.8296631
207.2035553
206.9535705
211.9072626
213.6118031
211.4027359
210.5993993
209.8559549
207.1625422
207.3528518
207.6837779
205.9071931
211.3539108
212.5903808
212.966443
211.3042176
212.655915
210.9696025
210.9696025
212.8501306
215.2061073
215.3050596
214.4453028
215.2434314
215.749694
217.0414992
216.8644266
218.6021683
221.2448028
220.8385775
221.7977206
223.0539377
222.6976225
224.4095411
220.4013211
220.4551373
221.5739929
224.7181161
221.3984393
222.4226826
219.5671704
217.9611482
217.7890666
213.3555253
211.6748548
214.3608895
214.4785039
212.9200049
211.9569557
211.5926116
211.722812
214.1783919
214.6529725
214.802052
208.7661774
206.2908504
202.8522572
204.627323
208.0704731
211.0249377
211.0449018
213.2166448
213.4342965
212.5396026
218.1497218
216.9165068
219.9441006
221.2061767
222.3167863
222.8733931
223.447794
224.8387685
222.9788555
224.1621603
225.3736752
225.5765709
226.1522737
225.1766386
227.5137361
226.3647174
224.7606482
225.2302377
226.4105046
226.9677624
230.865312
230.243171
230.7893618
230.1808918
229.0409871
230.3249803
233.033583
233.4302603
234.3425313
235.7816799
233.6670081
232.8178843
232.4685132
229.5403057
228.690097
231.3945767
232.8938346
232.110679
226.0418204
225.0379751
227.1430989
225.1321534
229.1857266
227.6966677
228.2728046
229.1987466
229.7900735
229.2336837
233.321543
232.2035553
233.2267137
233.4864635
235.499796
235.7439218
236.4747802
236.7829212
236.7006779
235.2513302
235.8841043
235.1191768
233.7915665
232.5264524
231.7995
233.4545644
232.5340474
231.7150868
232.3294157
231.1367799
229.5448627
226.84711
230.6548213
232.2124524
231.6584496
234.9373302
235.6597255
235.0423585
236.8931575
238.4889807
240.0275157
238.7999427
239.5794092
238.6742993
238.892385
240.0607168
239.8860312
241.7407362
241.0669491
242.1341585
240.6192766
242.6172021
241.6472089
242.0369422
242.7903686
241.5497756
241.1747984
243.3155103
242.9874053
244.0068746
243.2284931
243.517538
242.7224474
242.8789049
244.3191386
242.6412892
244.0374717
244.4612741
244.4211289
243.8797122
240.9790638
239.184251
236.5407484
238.3668093
238.0484693
236.9560877
235.6432335
232.1284731
231.5772913
235.0232625
232.7764372
234.4905257
238.6057271
240.8382303
243.3754025
244.2434053
244.2434053
244.2434053
246.7046273
245.9705139
246.927053
246.927053
245.8036404
247.0010503
245.9659569
247.5817442
248.2876475
247.1299487
248.151371
248.6018645
250.4446344
251.4536877
250.4159903
250.6347271
250.929414
249.5427795
250.9719461
248.7255549
242.581614
240.8603644
241.5844957
239.4448688
239.1263118
237.7477063
235.788407
235.2851823
235.19708
239.5950333
240.3020216
240.418985
243.206142
244.7179859
244.1945802
245.1719514
247.1518658
247.4272397
246.9726232
244.9226175
245.9485969
