100
100
99.46277361
99.27903819
99.74237099
100.3455025
101.36803
103.0186531
102.3596022
101.0644672
101.2511983
101.6516217
103.1953986
105.0687011
103.5898306
103.0875539
101.4948474
100.4713213
101.7115354
103.3322016
104.9748362
103.0546014
104.3567263
105.011783
105.5829605
105.5829605
104.3796932
104.5234862
104.3217766
103.796533
104.3647148
104.3137881
104.4615753
105.4042179
106.1211855
105.8465809
105.1665602
105.3073574
105.2654178
106.2829525
105.34031
105.6967966
105.8096341
105.2154897
104.4336156
103.4140837
103.322216
102.6991133
103.1105208
102.3046813
102.6052484
101.5587554
102.815945
104.2918198
103.5618709
103.1914044
103.2393354
102.6282154
101.9202349
101.8663125
103.1744288
105.317343
105.3742611
105.3852452
105.6448714
105.6928024
106.8621185
109.3854849
109.7579486
109.8847659
109.5911887
108.8802125
108.2970522
111.1419556
111.1419556
111.1419556
112.5509267
112.4600575
113.11112
112.3771769
112.6328088
112.6328088
112.9543457
112.9084119
113.9648906
112.8824493
112.5179741
112.0037147
113.4865793
114.1206662
113.8480588
113.2868669
113.2339431
113.5514859
114.0567583
114.9255073
114.8955504
115.7163684
115.934055
114.4032593
113.4666081
113.9469164
114.7098179
114.7777201
113.4606167
112.563908
112.4620546
112.556918
113.0422192
113.7921393
113.7921393
113.2678942
112.6537786
112.6817383
110.9442403
110.6936012
111.3366752
111.3376737
110.7255552
109.5332721
109.3515338
108.9341348
108.8462614
109.3195798
110.5757709
110.1483863
109.2117351
108.8522528
108.4568222
109.45139
110.9442403
111.8069979
111.9797492
111.9318182
113.0542019
116.7448874
117.5547212
116.7518773
117.4818262
116.3674309
115.4088113
115.5575971
114.1865713
113.4456383
115.1292139
114.9444799
115.1831363
114.7337834
114.599976
114.743769
113.1390797
113.6862917
114.2295095
115.4068142
114.9494728
114.736779
116.0838393
115.3918358
115.3139479
114.6369228
114.527081
114.3253715
113.8760185
112.7296693
112.363197
112.0316744
112.9383687
113.1760265
111.9118469
112.1095622
111.59031
111.6412366
112.4310992
112.3412286
112.6907254
113.9748762
113.5994168
114.9834239
114.1695958
112.6767455
113.2579086
113.6074053
113.7262342
113.626378
113.7981307
114.2035469
114.3892794
114.4342147
113.1221042
111.7241173
111.6042898
111.3057198
112.1275363
111.7760425
112.7646189
112.2273926
112.9683256
112.0037147
111.720123
111.1499441
111.7241173
110.8943122
111.382609
113.1121185
112.5679022
114.3483384
114.3503355
117.2980907
117.5577169
117.9002237
117.9002237
116.9376098
117.0724157
116.7299089
116.2825531
117.0594344
116.4323374
115.5446158
115.4467567
116.5571577
116.91664
116.5012382
115.4537466
116.7838313
117.1353251
116.9785509
116.3045215
115.7233584
113.8310832
113.827089
113.2489216
113.0581962
113.0342307
112.7406535
113.87502
114.0767295
114.6019732
113.9708819
113.8870027
114.0737338
113.7601853
114.2734462
113.1161128
112.2533552
112.6178303
113.8830085
114.0617511
115.0872743
113.1660409
112.3621984
112.3721841
111.3856047
112.2214012
112.6018533
113.6773047
113.6773047
113.6773047
114.1875699
114.2454865
114.8506151
114.8506151
114.8506151
118.8778159
118.6801007
117.1952389
116.5631491
115.6494648
114.7397747
113.2668957
111.9507909
111.8399505
111.3326809
109.8637961
108.9461176
109.524285
109.7629414
108.6934814
107.4642515
109.5891916
109.3135884
110.4998802
110.6197076
112.3931539
112.0676226
111.3686292
111.7231187
111.7231187
111.9857405
111.7361
110.3031634
110.0964611
110.6366832
109.9956063
109.2876258
109.8088752
110.030556
110.0994568
109.6940406
110.8943122
112.6887282
112.8255312
113.3777361
114.5310753
113.5814427
113.3427864
113.86803
113.4656095
112.9273846
110.5557996
111.7510784
110.0435373
111.0690606
109.620147
110.400024
113.3417878
112.0496485
111.8199792
113.4216728
114.4332162
115.436771
114.0287985
113.9119668
112.5968605
111.8469404
113.3058396
111.1988736
110.8294057
110.8813309
110.6137162
110.6137162
110.6137162
110.2222799
110.7834718
110.8923151
110.6336875
111.3286867
111.4485141
111.8509347
111.1679182
110.956223
110.8024445
110.4739176
110.851374
110.851374
111.2967327
111.6222639
111.7440885
111.3596421
111.4874581
111.1739096
109.6381211
109.7679342
109.4404058
109.4434015
109.8977472
110.1324093
108.6205864
107.9675268
107.360401
108.325012
108.7733664
108.4598179
108.5107445
107.7987698
107.5910689
106.9899345
106.2320259
105.9184774
106.2480029
106.3438648
106.3438648
105.8385924
106.3149065
105.1296134
105.1425947
105.5849577
106.0203307
106.0892315
105.285389
107.504194
108.6775044
109.8178623
109.5422591
110.046533
109.950671
110.2033072
109.9526682
109.9197156
109.7599457
109.6580923
109.925707
110.5108644
112.1664803
111.4425228
111.510425
109.8727832
110.4140038
111.109003
111.1779038
109.8657933
109.3355568
107.8427065
108.1053283
107.4233104
109.0260026
109.0329925
109.2866273
109.8947516
110.1883288
111.7470842
113.2868669
112.9034191
113.7641796
115.1581722
115.1571737
114.8346381
114.9954066
113.9688848
113.0921473
112.3771769
110.3640757
110.867351
110.9172791
111.6212654
111.7440885
112.9713213
112.7286707
113.3407893
114.7028279
116.4123662
116.1048091
116.0269212
117.3350375
116.875699
116.2865474
115.6274964
116.1936811
117.0035149
116.8247723
116.5391836
116.3794136
117.1103611
116.3434654
114.7747244
115.0772887
115.8391916
117.0085077
116.7508787
117.060433
117.06942
116.7239176
117.8602812
117.6685573
117.07641
116.3025244
113.9648906
115.6714331
116.216648
117.0135006
117.5037945
119.4080524
118.5892315
118.1209059
116.3384726
117.4219124
118.2776801
121.4051765
121.2723678
122.5035948
123.1117191
123.6719124
122.6134367
120.8989056
122.6294136
120.5304362
120.5304362
118.7360201
119.0635485
119.7575491
120.3397108
119.8374341
119.5578367
120.3956303
121.3712254
120.9807877
120.5783672
120.2029078
121.452109
121.1096022
121.6737897
121.5829206
120.8579645
121.3472599
122.1491053
121.2484023
120.134007
121.162526
121.2304282
120.5154577
120.3377137
121.5649465
122.0981786
123.3314028
123.5800447
121.5429781
122.0073095
121.5110241
122.329845
121.6807797
120.8849257
121.2883448
121.0227273
120.856966
119.6616872
120.5464132
119.8304442
119.7265937
119.7265937
119.7265937
120.0710976
120.4425627
120.6382809
120.6382809
120.6382809
121.34027
123.1067263
124.4138441
123.6649225
124.0823215
124.4278239
123.8306838
124.0134207
125.7049848
125.827808
125.3794536
126.0614715
125.499281
125.2875859
124.8961495
124.1092826
123.6199872
122.6983144
124.0343905
124.3998642
123.5580764
123.0518054
120.2228791
119.6157533
119.6157533
119.6107605
119.6367231
118.1568541
119.2892235
120.0241652
118.8947915
119.1733903
119.497923
119.176386
118.9886563
117.2371785
117.7134926
116.8946717
115.902101
115.0722959
115.3608803
115.8511743
116.31251
115.8421873
116.4433216
116.5252037
115.8501757
115.6045295
114.775723
113.5205304
112.1485062
113.1890078
111.7730468
111.5813229
111.6971561
112.9144033
112.7546333
112.3002876
111.9757549
113.2059834
113.2059834
113.2059834
111.6072855
112.258348
112.9094104
112.7126937
112.3552085
112.5169756
112.0446557
112.4690446
112.1275363
111.9388081
112.8954306
113.6143953
113.4466368
114.0168158
113.4336555
113.4076929
113.6763061
113.5724557
113.5724557
112.8834478
113.4036987
114.2494807
114.5770091
115.1781435
114.8156654
116.843745
118.7400144
118.3176226
117.4568621
116.7079406
116.8886803
116.9475955
117.5647068
117.7714092
117.350016
117.3190606
117.5647068
118.2796773
118.1967966
118.7360201
119.5378655
120.4585397
120.6902061
121.8675108
121.8675108
121.6288544
122.136124
122.5964611
123.5420994
123.0977393
122.9209938
124.0463732
123.4452389
122.3118709
122.9749161
123.1227033
125.442363
125.948634
126.5178143
125.7069819
124.5915881
124.7054242
124.9320978
126.7904218
130.734742
130.0557198
130.2434494
132.054841
132.7218805
131.7932178
131.4067742
132.2934974
131.2519971
131.9599776
131.0852373
128.6767055
129.0162166
130.1066464
128.4939687
127.3815705
126.9112478
129.3147867
129.9408851
130.9044975
132.9245886
134.2876258
134.234702
133.5786467
134.025004
132.7787985
131.6793817
130.9773926
131.4477153
131.0582761
129.181978
128.4959658
125.6560553
125.9306598
128.4410449
127.4454785
128.9273446
129.553443
130.2883847
128.9962454
128.5538824
128.828487
127.5693002
128.844464
127.0380652
126.3700272
126.7494807
128.2992491
127.7390558
127.8698674
127.0889919
128.2103771
128.7066624
129.0491692
128.675707
129.7092187
132.2375779
132.7118949
133.3759386
134.8238537
134.5492491
133.8342786
132.8766576
133.7074613
132.9405656
132.5151781
132.4422831
133.678503
133.8512542
135.2811951
135.9851813
135.1374021
135.2182857
135.9741972
136.7500799
136.2577888
137.8794536
137.5329525
137.5359482
136.3137083
135.9991612
138.0332321
140.8152261
138.9099696
130.5490094
130.5490094
110.8713453
123.9405256
122.361799
123.8316824
126.053483
131.5935054
132.0129014
133.6096022
132.5501278
127.9547452
128.9503116
127.5163764
124.4148426
126.3370746
126.2821537
125.6650423
124.4717607
123.2355408
123.0857565
121.839551
119.8863636
121.251398
120.7421313
120.9238696
121.2014699
124.0663445
127.581283
127.3176626
127.501398
128.2513181
128.6717127
127.6002556
125.6979949
123.6749081
124.1392395
123.7627816
121.549968
123.640957
122.329845
122.6463892
116.5341908
116.4403259
116.4403259
116.4403259
118.6820978
120.9877776
122.2190046
122.2190046
122.2190046
122.4366912
124.1572136
123.495167
122.0901901
119.4639719
116.0658652
116.5112238
118.6271769
117.1423151
116.8207781
118.9387282
120.4205943
120.165961
119.6576929
119.9602572
120.1399984
117.3929541
116.6210657
118.3925148
119.2263141
118.9726793
119.545854
119.5398626
119.3800927
119.3800927
120.5404218
119.8983464
121.693761
123.8886004
123.9874581
122.3687889
122.3987458
124.3289663
123.2035868
122.2269931
120.4515498
121.2813548
122.3827688
122.1690765
121.5369867
121.9603771
122.4277041
123.7238377
121.6178703
121.2014699
119.4220323
118.5093465
120.0601134
121.6737897
124.1322496
123.7108564
124.6974357
126.4738776
127.2218006
127.4265058
125.2825931
125.1298131
126.9362119
127.9407653
127.2287905
124.4477952
123.3633568
126.6196677
124.9990014
124.8751797
124.69444
124.1622064
124.284031
125.6221042
125.6221042
125.6221042
126.406974
127.517375
127.7560313
126.5917079
127.2807158
126.199273
126.6955584
126.504833
127.1049688
124.6884486
121.4211535
121.6598099
122.4306998
122.1221441
120.865953
121.4431219
120.0161767
119.6137562
120.1170315
121.3931938
120.745127
120.58336
121.2643793
120.3177425
120.0211695
119.5987778
120.0671034
119.7046253
121.4561032
120.1599696
121.7386963
120.8200192
118.8438648
118.2786787
118.2786787
117.817343
116.3734223
116.2855488
115.2510385
113.7811551
113.2299489
111.5363876
108.3230149
106.8331602
106.2320259
105.3233344
108.0953427
110.0974597
105.8226154
103.9353331
105.0237658
106.5415801
106.1271769
107.0438568
105.5420195
106.0113437
109.540262
112.0796054
111.4525084
114.4931299
113.0552005
114.873582
115.8122304
113.5644672
111.9607765
114.9424828
115.8661527
117.4748362
119.4719604
118.991652
117.7813948
115.6993929
116.0858364
115.3139479
114.7657373
114.6289343
114.1506231
114.1016936
116.2346221
115.0543218
113.6563349
111.3406694
108.7983304
110.3181419
108.1362838
107.4602572
104.5085077
101.5857166
103.1274964
102.8898386
102.0230868
104.5504474
108.4907733
105.8365953
102.9058156
101.9262262
102.0530436
100.5332321
97.02128934
95.61331682
91.59809874
94.21033711
91.45929861
92.05344304
91.48226554
93.42546733
91.94559834
89.66488257
87.75463333
87.36918837
90.58455824
88.89399265
90.3538904
88.36775044
87.07960537
86.69615753
85.83140278
87.78858444
86.62625819
87.17846301
86.79201949
88.77116952
86.65022368
85.02057038
86.92382969
88.08316025
88.38872024
88.88400703
87.17946158
88.72723278
90.95802045
89.47915002
90.41679981
92.32904617
91.570139
92.85828407
95.51346062
94.69663684
94.47695319
94.47695319
96.24640518
95.88093146
94.50491293
94.78750599
100.0758907
100.4343745
101.0095463
105.6588513
105.0417399
105.3153459
103.5558795
101.9432018
104.2648586
103.0995367
103.9383288
102.7899824
101.4459179
100.3884406
100.0758907
100.0778878
100.2246765
99.45678223
97.90301965
100.2146908
100.5022767
97.4726394
95.92386963
94.14443202
95.5823614
94.5977792
94.35213293
93.99664483
95.65126218
95.32672951
93.42047452
94.99021409
95.79805081
98.49616552
99.4128455
101.8044017
103.3152261
103.3252117
105.3952309
105.3952309
105.3952309
104.4585796
103.7725675
100.4433616
100.4433616
100.4433616
103.6976753
104.7042259
107.3594025
106.8691085
108.108324
106.6713932
104.7072216
105.2045055
105.9274645
108.2780796
110.4110081
111.5034351
111.3147068
109.8168637
108.1991932
108.9710816
107.8237338
107.5830804
108.0324333
109.8008867
110.0515258
111.2817543
110.8653539
110.2821936
108.719444
107.2635405
103.0905496
105.4201949
107.9205943
105.8885205
106.0522847
108.2960537
108.1842147
112.9343745
114.5630292
112.1235421
110.1733504
109.4623742
110.8244128
107.9665282
107.4692443
107.5581163
107.9924908
108.2221601
108.1682377
106.8980668
105.94444
105.3183416
106.6274565
107.3643953
108.3739415
107.4792299
105.4910928
106.1870906
105.8226154
105.4171992
103.4779917
103.3941125
103.9353331
103.6906854
104.5364675
106.1870906
106.6484263
106.6484263
106.6484263
105.6808196
103.716648
104.6722719
108.188209
106.2150503
106.7952149
106.9769532
107.3813708
111.3566464
112.1025723
110.8274085
111.4435213
112.9393673
113.2658971
114.0337913
116.5012382
117.0144991
118.0090669
116.9705624
115.3628775
115.5456143
113.184015
114.3812909
113.0611919
112.8255312
111.1149944
111.6222639
113.0262422
114.8106726
111.9647707
110.9682058
109.60417
106.5365873
107.9225915
108.181219
103.3781355
104.2199233
105.8735421
105.2015098
101.8353571
104.41664
106.4896549
106.4447196
106.3109123
106.3109123
104.6862518
104.8060792
105.7686931
105.2084998
105.4711216
104.6183496
105.4401662
106.0612718
103.3461815
103.0785669
103.338193
103.6078048
105.8166241
107.3314427
106.5186132
107.0538425
105.782673
104.8440246
105.711775
105.6698354
107.0478511
107.8736619
109.3036028
110.5817623
109.6620866
107.4792299
106.9479949
108.333999
107.5221681
108.8692283
110.6586515
110.0694999
109.1428343
108.4408452
107.9815066
106.619468
108.2710896
109.5602333
109.6540981
107.383368
108.8802125
109.0140198
110.0984582
110.1314108
110.3451031
108.8921952
108.2061831
109.1707941
109.5742131
110.8214172
111.1040102
111.6072855
110.2951749
109.9926106
107.8836475
106.7273127
106.740294
107.3993449
107.1796613
108.0943441
107.9016217
107.6539783
107.6190286
106.5655456
107.5691005
106.6853731
104.7481626
106.0183336
106.2120546
105.8575651
106.0323135
104.2968126
103.1095223
103.8834079
105.3872424
103.3711456
102.0160968
102.0350695
101.2272328
99.56662406
99.32297492
99.54565426
99.98002876
101.849337
101.2232385
100.193721
99.41983544
100.2057038
101.3670315
100.9246685
101.9461975
104.0102253
106.2759626
104.7761224
102.526362
104.4655696
105.6638441
104.8140677
103.9203547
103.9203547
103.8045215
102.3745806
102.7869867
103.5578767
104.7721281
105.0657054
104.1170714
103.3751398
102.259746
101.8443441
101.1553363
102.2108164
102.6721521
103.2443282
102.0230868
100.8128295
101.8193801
102.0560393
104.7441684
105.2953747
105.132609
104.8100735
105.5190526
107.0688209
107.1207461
105.438169
104.4985221
104.633328
105.8525723
107.3254514
106.0413005
105.2424509
106.5695399
105.9224716
106.813189
107.0348698
107.6539783
110.4369708
111.3187011
113.706263
112.3602013
112.1425148
112.1155536
112.3042818
112.3042818
112.3042818
112.5
111.6122783
111.6122783
111.6122783
111.6122783
108.2441285
105.9614156
107.9195958
109.7060233
109.3075971
106.3039224
105.2544336
105.6278958
106.6404378
106.3468605
105.7107765
103.6866912
104.2718485
103.2712893
102.9387682
103.1584518
103.274285
102.6162326
103.0026761
102.0310753
101.8473398
100.0029957
101.1803004
101.2991293
99.98901582
101.1313708
100.6760265
101.2711695
99.59558236
101.6316504
106.3748203
107.2685333
102.8838473
103.4350535
102.1888481
103.9982425
102.9517495
102.9148027
101.3310832
100.1617671
100.9356527
100.3135485
98.5730548
98.44324173
102.357605
101.4588992
101.6096821
100.595143
99.06334878
97.33383927
95.65425787
96.46708739
99.16220642
98.67990094
100.9506311
103.0745726
101.5887123
103.8714251
101.9122464
100.8268094
101.5967008
102.695119
101.3929941
105.107645
109.6750679
106.5126218
109.4523886
109.9586595
111.020131
109.2836316
107.6110401
105.6648426
104.7791181
99.73238537
101.1163924
101.7085397
102.453467
102.453467
102.453467
102.453467
102.0949832
101.3810113
102.3086755
101.6715929
102.9377696
103.5568781
102.622224
104.4376098
105.6478671
104.1150743
103.5468925
103.2563109
104.0751318
102.0250839
101.769452
100.6930021
101.5617511
101.158332
99.99400863
100.6081243
98.80571976
98.7967327
99.60057517
99.57660968
98.74380892
98.63796134
97.61343665
99.89315386
99.89315386
100.61112
101.4938489
100.7778799
101.2581882
101.5098259
102.4954066
100.8288065
99.35892315
100.6890078
100.1977153
99.02740054
99.57261543
98.46221441
98.43525324
98.80771689
99.00043937
100.0209698
101.2192443
101.0105448
100.4862997
99.51669596
99.18816904
98.11571337
100.563189
103.6507429
103.3012462
105.6658412
104.4216328
103.9443202
103.8194999
105.33332
104.6712734
104.6413165
103.8844065
102.428503
102.5223678
101.9531874
101.8044017
102.1838552
101.7015498
102.1009746
103.1784231
103.0196517
102.6691564
103.5818421
103.4210737
103.9842627
104.1450312
104.0841189
104.7891037
102.5393433
102.6661607
103.0156575
101.5487698
100.5212494
99.83623582
100.378455
99.79429621
97.36279757
100.4084119
101.5108244
100.6241013
99.7603451
98.08176226
99.75734942
99.68046014
98.38232945
97.66436332
97.95394632
98.31642435
98.8336795
97.06522607
98.69587794
97.35580764
96.43313628
95.01717527
94.76054482
94.81846142
92.68553283
93.65713373
93.73502157
94.39307397
94.38408691
94.17039463
91.58711456
91.81079246
89.41624061
86.44451989
87.20342707
87.59186771
89.4112478
87.35021569
87.55092667
84.31957981
86.41955584
85.96920435
87.16248602
87.04565426
90.54461575
90.54461575
91.16172711
90.86515418
90.32792778
91.96057677
90.6354849
88.7901422
88.38872024
88.76717527
90.43377536
91.6280556
92.07940566
92.27112957
92.31906055
91.71892475
90.81123183
91.45530436
92.5337514
92.80236459
93.82688928
92.5547212
92.32405336
92.49880173
90.75231666
90.47471641
90.30795654
91.4912526
91.09382489
90.838193
89.2664563
88.52951749
89.79669276
89.10568781
89.20354689
89.58000479
89.69384087
90.77628215
89.21552964
88.02624221
87.47803163
86.7101374
86.28275284
86.63324812
84.62713692
83.14327369
83.14327369
83.14327369
81.80220483
82.61703147
83.78634766
83.78634766
83.78634766
81.52560313
83.47579486
84.64111679
84.49432817
85.37106567
84.21872504
84.58020451
86.35464931
87.636803
88.96089631
89.96345263
89.92750439
91.30252436
92.84729989
91.53818501
89.59498322
88.91396389
89.26046493
89.36830963
90.5116632
91.8018054
91.98953507
91.05987378
89.26445918
89.26445918
89.10668637
89.54205943
90.12921393
91.75387442
90.91907653
88.34178783
87.9343745
87.85349097
88.03722639
90.20610321
89.34234702
87.95234862
89.50411408
89.87757629
90.12621825
89.11767055
90.07828727
90.81522607
91.09781914
92.7943761
95.48350375
96.40917079
96.23342387
96.2983304
94.68365554
97.37278319
99.08531714
99.46477073
97.37378175
100.3065586
98.73781754
95.12901422
96.78363157
95.69420035
95.36767055
95.88792139
95.58935133
94.37210417
95.6482665
96.95837993
95.50147787
96.72271928
96.35424988
96.60888321
96.43413485
96.42514779
96.01374021
96.01374021
96.01374021
95.79205943
97.530556
101.753475
101.9481946
99.75035948
100.1567742
100.1567742
100.1827369
100.8877217
101.7065426
101.0085477
100.3165442
98.94152421
97.20602333
97.2699313
95.92486819
96.11060073
96.54197955
98.61299728
97.35381051
97.31486659
96.28834478
96.79561432
96.89646908
96.82856686
96.91843745
94.2422911
94.27025084
94.54585397
94.44799489
94.07952548
92.86826969
92.54273846
92.52176865
92.52176865
95.98178623
96.97635405
95.95482505
96.52001118
95.60732545
94.97922991
95.09406455
95.3796533
95.04313788
94.49892155
93.45342707
93.51334079
92.76342067
94.08252117
93.15086276
93.31262981
93.34757949
93.5842387
95.59634127
94.99021409
94.71660808
94.37609842
93.83887202
93.53131491
92.33803323
94.01362039
93.00107845
93.09494328
92.89123662
92.18125899
92.71648826
92.72247963
93.01006551
93.49037386
93.90677425
94.24628535
94.70762103
95.87094584
95.7271529
96.10660649
96.67978112
96.15054322
95.67922192
94.45598338
93.63017255
93.0050727
92.95514459
93.41947595
93.77296693
93.87082601
94.09849816
93.33260105
92.6126378
92.90621505
92.62462055
93.26669596
92.47982905
93.34658092
94.80947436
95.51745486
94.79150024
95.10904298
95.14698834
94.07752836
93.1997923
93.73901582
93.11391596
91.59510305
90.68541301
89.34134846
89.71780636
84.78490973
85.56578527
84.91771849
80.68481387
82.62202429
82.68792938
82.35141396
82.47823135
81.79022208
83.04341748
84.07093785
83.61359642
83.67750439
81.90405816
84.09190765
85.17235181
85.39103691
85.15038345
84.45738137
83.69447995
83.55567982
83.89219524
85.45194919
85.46293338
85.71556958
86.10001598
85.08647548
84.12785589
84.12785589
84.48733823
84.59318581
85.97519572
86.17890238
87.82253555
86.56434734
88.33379933
88.48358364
89.41324493
90.34889759
91.1856926
89.40325931
88.3397907
87.06862119
87.64579006
90.82820738
90.75830804
91.17171273
91.99852213
90.97100176
92.73546094
91.77783991
92.00750919
90.9410449
91.09482345
93.4025004
95.08308036
96.63684295
96.19248282
94.16140757
93.01306119
94.38508548
96.07764819
95.70718166
94.62174469
95.88292858
96.04269851
96.50802844
94.96325292
94.2343026
92.47084199
93.50834798
92.79837035
92.9601374
93.38053203
93.38053203
93.38053203
93.12589871
94.71461096
94.0475715
94.0475715
94.0475715
94.75854769
95.17994089
96.85153379
96.24241093
96.63384726
98.33240134
98.67390957
97.27292699
97.40274005
97.06023326
96.77863876
97.82613037
98.51314108
98.50315546
97.35980189
98.53510944
98.5940246
98.35237258
98.52811951
98.28746605
98.25051925
99.01441924
99.73637961
98.52712095
98.52712095
96.90246046
96.37921393
96.20346701
96.36223838
96.43613197
95.26581722
94.31918038
94.74356926
95.15797252
95.09106886
94.07453267
94.37609842
95.11403579
95.67023486
94.6846541
94.75055919
94.65170155
93.76397987
94.31918038
92.42490813
94.01961176
94.2213213
94.21532992
95.32473239
93.74400863
93.77596261
93.8079166
93.76997124
93.34358524
93.90178143
92.97212015
92.62162486
93.31862119
94.40206103
93.87082601
93.52831922
93.52831922
93.52831922
93.84586196
93.88181019
93.44244288
94.08451829
94.0605528
93.78395111
93.32960537
93.34158811
93.06898067
93.33359962
93.3525723
94.02959738
93.62418118
92.47283911
92.89223518
92.79737178
92.44887362
92.44887362
92.84030995
92.83531714
92.13632369
93.14586995
93.17283112
92.62661767
92.65657453
92.70450551
92.52176865
92.03646749
92.97811152
92.95115034
93.91975555
95.16396389
93.96568941
94.99021409
95.39862598
95.52244768
96.05268413
96.65481706
95.94683656
95.25683016
95.1559754
96.07764819
97.16108803
96.51901262
96.51901262
95.83200192
95.64926506
96.4431219
96.78962294
97.42570698
97.56250999
96.42414923
96.67578687
96.80260425
97.65038345
98.79773127
98.01785429
97.51857325
96.57293497
94.85241253
94.84841828
93.03502956
93.52432497
93.10093465
93.42746445
93.7709698
93.14087714
92.50978591
93.47938968
94.85940246
94.48394312
94.86239815
93.47140118
93.97267934
93.04301805
92.53674708
91.30452149
92.2940965
91.90765298
90.1142355
90.51665602
88.75219684
89.56902061
87.62282313
89.43621185
90.37086595
88.80512063
89.24249081
88.87002716
89.89355328
89.61994728
90.57157693
91.15373862
92.39694839
92.22319859
92.36499441
92.03646749
91.83775363
91.88768174
92.57469244
92.51977153
92.10936252
92.91420355
92.59765937
92.4758348
92.9181978
93.56127177
93.88880013
93.71105608
93.87681738
94.64670874
93.84885764
93.6421553
92.49480748
91.97755232
91.65102253
92.5836795
93.1918038
92.80835597
92.60564787
92.90721361
92.6206263
91.86571337
92.10636683
91.40737338
90.34490334
90.27200831
91.39938489
90.73534111
92.03746605
91.94360121
92.3230548
91.95158971
91.42734462
91.42734462
92.00750919
92.64259466
91.98554082
92.85329126
93.66012941
93.48538105
92.78738616
92.85628695
93.62717687
94.09350535
95.11603291
95.35568781
94.48294456
94.3661128
94.3661128
93.95170954
94.45498482
94.70063109
95.82101773
95.49149225
90.97100176
92.24616552
90.5116632
90.90809235
90.91707941
91.45730149
92.34102892
91.75087873
91.47128135
92.04645311
91.52720083
91.28954306
90.61052085
90.61950791
90.62749641
90.23206583
90.40182138
90.56558556
90.84518294
90.50267615
89.30839591
88.64035788
89.51310113
89.73877616
89.07672951
88.77815945
88.63236939
87.70969803
88.02025084
87.49600575
87.65677425
88.71525004
89.46217447
89.26046493
89.61894871
90.0193721
90.0193721
90.0193721
89.7956942
89.38927944
89.86459498
89.86459498
89.86459498
90.08328008
91.69196357
92.23518134
91.75687011
91.42235181
92.21321297
92.44787506
92.44987218
93.10193322
92.62561911
92.18225755
91.09682058
91.03990254
91.00994568
91.49824253
91.86072056
91.64602972
91.18968685
91.32549129
90.58855248
90.0063908
90.42079406
91.570139
90.58655536
90.58655536
89.83363956
91.04189966
91.49225116
90.47271928
89.55504074
89.79369708
90.78526921
90.63049209
90.71237418
90.08328008
89.21453108
88.36175907
86.62126538
87.07860681
87.41512222
87.37318262
86.9418038
88.04421633
88.67630612
88.7032673
88.23993449
88.66232625
88.44763541
87.8554881
86.46748682
87.47703307
86.9997204
88.00627097
86.81099217
87.2393753
87.74564627
87.47703307
87.03467008
86.92982106
87.25535229
87.70370666
88.63037226
88.08016456
88.85504873
88.4346541
89.26945199
90.66244608
90.47271928
90.78127496
88.95889919
89.55404218
90.8961096
92.00251638
90.65645471
90.04233903
90.04233903
90.04233903
89.71780636
90.42778399
91.08883208
91.08883208
89.81866113
91.10480907
92.35800447
91.37941364
89.39726793
90.06930021
91.05887522
90.76829366
90.90909091
91.10880332
92.19723598
92.6415961
93.15285988
93.38053203
93.31462694
92.49880173
92.4468765
93.05400224
94.14043777
94.71860521
94.61775044
95.07009906
95.4166001
96.72571497
97.1171513
97.1171513
96.3352772
95.57736859
96.34626138
96.74668477
96.73470203
96.8065985
96.55196517
96.89946477
97.26593705
97.77120946
99.24808276
99.49073334
99.96205464
100.4363716
100.2296693
99.36990733
99.51869308
99.26106407
99.44380093
101.2482026
100.1827369
100.4413644
100.3115514
99.64750759
99.15721361
98.61100016
97.40274005
97.24996006
97.49660489
97.61044097
97.59845822
95.99976035
96.17850296
96.62785589
98.15465729
97.95794057
99.04038185
99.70841988
100.0519252
99.92710497
99.11427544
98.62997284
98.57904617
99.2390957
99.17818342
100.2975715
100.6171114
100.2656175
101.543777
101.6825771
101.2302285
101.8982665
101.2591868
100.168757
101.1143953
101.5917079
100.1697556
99.1681978
98.74281035
98.5151382
99.29501518
98.84366512
99.00443362
100.4563429
99.38089152
99.42482825
99.97703307
99.96804601
100.4563429
100.0818821
100.0998562
99.91212654
99.70941844
99.1681978
100.2626218
99.79429621
101.0464931
100.7708899
102.0520451
102.13892
102.3855648
102.6391996
102.4404857
102.4484742
102.1908452
102.6811392
102.0780077
102.0360681
102.6072456
102.6911248
102.5313548
102.357605
102.6841348
102.3885605
102.4205145
101.1143953
101.4509107
101.7714491
102.3725835
102.3106726
102.2777201
101.9891356
101.295135
101.2681738
101.2681738
101.1832961
101.9252277
101.4968445
101.2841508
101.9302205
102.5543218
102.1598898
101.4678862
102.13892
101.9881371
103.2732865
102.7809954
103.1364835
102.7450471
102.9108084
103.6587314
103.8564467
103.9962454
103.2343425
103.2992491
103.5418997
104.0871146
103.8624381
104.1070858
104.5244847
104.2768413
103.7096581
103.844464
103.5598738
103.3591628
104.0142195
103.8055201
103.6018134
104.1250599
105.0846781
104.4226314
104.0761304
104.6293338
104.601374
104.9908132
105.6159131
106.4926506
106.4926506
106.4926506
106.6004953
106.8531315
107.4612558
107.4612558
107.4612558
107.5221681
108.5776482
108.7543937
107.5641077
107.786787
108.2860681
107.2435693
105.9893753
107.8656734
108.7464052
109.7210018
110.424988
109.6580923
108.9511104
109.257669
109.3026042
110.5328327
110.7335437
109.1318501
108.9421233
108.1033312
107.8486979
107.070818
107.2365793
107.2365793
108.5706583
108.5167359
107.5111839
106.7033472
107.5141796
106.7802365
106.4786707
107.5641077
107.5391436
107.2046253
106.8311631
106.7922192
107.3623981
107.6799409
108.0054721
107.4782313
107.8447036
108.2800767
108.6545375
108.5466928
108.5686611
109.6760665
109.4823454
110.931259
111.1129973
110.3950312
109.9536667
110.2442483
110.2851893
110.240254
109.8578048
110.2332641
110.4140038
110.9182777
111.7920195
112.0107046
112.6078447
112.5988576
112.6168318
112.3132689
112.1754673
113.4286627
112.9653299
112.7696118
112.7696118
112.7696118
112.4570618
112.427105
112.9383687
112.5239655
113.1610481
113.4276642
114.0218086
114.0337913
113.9628934
113.6533392
113.9658891
114.3083959
113.4985621
113.2559115
112.3641956
112.7266736
112.4630532
112.1654817
111.4325371
110.7664962
110.4759147
110.1334079
110.2262742
109.8917559
111.1579326
110.835397
112.4780316
112.1714731
111.6392395
112.0286787
110.8933136
110.7455264
111.3706263
111.2737658
110.7794776
110.9542259
110.940246
111.5883128
111.5883128
111.5883128
111.7440885
111.0690606
110.9432417
111.6652021
112.1155536
111.7920195
111.9408052
112.146509
112.7506391
112.6128375
113.3657533
114.0567583
113.6693162
114.1196677
113.71525
114.0996964
115.4018214
115.1252197
115.186132
115.0712973
115.2879853
116.0438968
115.6115194
115.4837035
115.605528
115.0203707
114.8975475
115.5665841
116.3344784
116.0908292
117.9461575
118.645151
119.3711056
118.3335996
118.2037865
118.8997843
119.6067663
119.9832242
120.471521
119.7675347
120.3626777
120.407613
121.098618
119.2762422
118.9996405
118.8748203
119.2992091
119.4549848
119.1594104
118.6032114
118.5582761
117.6386004
117.5477313
117.1313309
116.9955264
116.9675667
117.1183496
117.0214891
116.8856846
116.1567343
116.1507429
115.9819859
115.2939767
114.8875619
114.7108164
114.8586036
115.6894073
116.3654338
116.4822655
115.5605927
115.774285
116.1297731
116.9855408
117.5617111
118.1638441
118.9467167
119.2223199
118.4404458
119.0935054
119.0695399
119.7485621
119.7485621
119.7585477
120.6902061
120.7660968
120.7960537
120.5384247
120.3277281
120.3996245
120.8070379
120.6632449
120.2748043
120.3397108
119.1843745
118.8218965
117.8453028
117.6585717
117.9122064
117.2940965
117.2940965
115.8262103
115.9600176
117.0294776
117.190246
117.801366
119.0475715
119.6297332
120.4255872
119.739575
120.1439927
120.6642435
120.8040422
121.5998961
122.0272807
121.6648027
120.8739415
120.6692363
121.3852053
122.2329845
122.25695
121.9593785
122.5565186
123.3114315
123.6119987
123.2385365
123.3453826
124.1362438
124.9600575
124.7553523
125.1178303
124.379893
123.5321138
123.3443841
123.5440965
123.7947356
123.1247004
122.9499521
123.0697795
122.8700671
121.919436
122.2599457
123.141676
123.5301166
123.8686292
123.8686292
123.8686292
125.1168318
126.0315146
126.7834319
126.7834319
126.7834319
127.9287826
128.0546014
127.5313548
126.931219
127.4604569
126.2032673
127.1898466
126.1383608
126.2611839
127.4434814
127.243769
125.9785908
126.199273
126.1223838
127.0510465
127.8089551
126.5777281
126.8832881
126.4119668
126.947196
126.5767295
127.0290781
128.6577329
129.4585796
129.5893913
131.2100575
130.148586
130.1126378
131.1181898
130.2614236
129.6612877
129.9938089
129.5065106
130.8435852
129.7331842
129.2968126
129.5833999
130.6967966
131.6484263
131.4467167
131.6574133
131.619468
131.9120467
132.6000559
133.607605
133.7254354
131.3448634
129.0781275
129.3577249
129.9169196
129.649305
128.4350535
128.8524525
128.4280636
127.936771
127.1499041
125.5432178
125.5432178
125.5432178
124.8282473
124.1442323
123.3573654
123.1626458
123.4382489
123.7587873
124.227113
124.131251
124.3469404
124.179182
123.9135645
124.0783272
123.7557917
122.6883288
120.8689487
121.1335677
120.7640997
119.9892155
120.109043
120.109043
120.2039064
120.5554002
120.7710896
121.6697955
122.3308436
122.1700751
121.8245726
119.5678223
118.1219045
117.1323294
117.6216249
118.2686931
119.370107
119.313189
119.4639719
119.9992012
119.8254514
120.745127
121.6598099
122.9958859
122.852093
122.9859003
121.4950471
122.6324093
122.1031714
121.1585317
119.618749
121.581922
122.9709219
122.9709219
122.9928902
123.1177105
123.214571
122.5994568
122.8311232
124.2241173
124.9470762
125.9706023
126.7434894
126.0814427
126.5697396
126.5517655
126.1812989
124.4807477
125.2466448
126.3071178
127.364595
128.8654338
128.4060952
129.1969564
130.3123502
130.7796773
130.1366033
129.9638521
131.25
131.9400064
132.6719524
132.665961
132.809754
133.1552564
131.8071976
132.1257389
131.8042019
132.2994887
133.0054721
134.0549609
134.2117351
134.0799249
134.1268573
134.7339831
133.8532513
133.3419875
133.8133088
133.3260105
132.4862198
132.4512702
131.7123342
131.8820898
132.4632529
132.4952069
133.3489775
134.0509666
133.7104569
133.3629573
134.8308436
135.0575172
134.4414044
134.2337035
132.5561192
130.1046493
131.3818102
131.5246046
132.0528439
132.5940645
132.1706742
131.6564148
131.7612638
132.4352932
132.4672472
131.4517095
131.7313069
133.1732305
133.4797891
134.3235741
133.5676626
132.866672
133.9011823
132.9365713
133.0544017
132.3374341
133.1063269
133.8582441
133.3719444
133.9850615
134.1128775
134.4743569
133.5876338
132.4303004
132.2365793
132.955544
132.6519811
133.8073175
131.3208979
130.7047851
130.7227592
130.4231906
128.7116552
128.0735741
126.2392155
126.2392155
127.4424828
128.6467487
127.831922
126.9901342
128.2033871
128.112518
127.3875619
129.1550168
129.1879693
128.8674309
128.7945359
127.6731507
126.8593226
126.4708819
127.28471
128.6247803
129.9998003
129.5174948
129.3207781
129.8040821
129.3966688
128.4690046
128.7246365
128.9563029
127.2227992
126.8443441
126.9901342
126.0954226
126.4189567
124.9790302
123.3403898
123.4961655
123.4212734
121.2943362
120.9378495
121.6348458
122.1061671
123.6878894
125.9775923
127.6152341
127.74305
127.4824253
126.6186691
126.8663125
126.8663125
126.8663125
128.4530276
129.1440326
129.8210577
129.8210577
129.8210577
129.608364
129.6542978
129.0411807
129.0341908
129.3617191
129.6882489
129.2938169
128.427065
127.6751478
127.4464771
126.4968445
127.8369148
126.5577568
124.8981467
125.4413644
125.401422
125.7299489
126.4389279
126.3560473
126.4728791
126.8133887
128.997244
127.8838473
127.8838473
127.2138121
125.9316584
126.1074053
125.6051286
125.636084
125.3834478
124.4058556
123.3343985
124.8442243
126.2831523
125.7379374
127.4604569
126.6016936
125.8917159
124.1082841
125.7509187
125.2636204
125.5641876
125.5741732
126.3979869
127.6411967
127.4444799
127.7760026
128.3921154
129.2159291
131.6893673
131.2350216
130.8306039
130.1775443
129.6722719
128.6926825
130.2454466
130.5559994
130.2774005
132.593066
134.3585237
134.5103052
134.6391197
135.4948874
135.7295494
136.9967247
138.1091229
138.8021249
139.9644512
138.9149625
138.0432178
138.5734542
137.4990014
137.4990014
137.4990014
136.7950152
135.7804761
134.3225755
134.8028838
135.4868989
135.4868989
137.2174069
137.6378016
138.5744528
138.1091229
136.9457981
136.7031475
132.8127496
130.2903819
132.4922112
132.5750919
132.5481307
131.7372983
130.1685573
128.0845582
127.59027
128.6417559
128.974277
130.9903739
129.9928104
127.3196597
128.732625
127.1189487
127.89583
127.9048171
127.2557517
127.5643074
127.8199393
128.6187889
128.6187889
126.8972679
129.8629973
129.3826889
127.9327768
127.3276482
126.9242291
125.3554881
123.3483783
124.758348
124.7932977
123.6539383
123.3853251
125.4183975
124.8921553
125.0539224
126.1123981
124.4238297
124.3389519
124.2700511
124.8941524
124.5077089
124.8362358
124.2171273
125.9186771
126.1962774
127.0081083
127.5093865
127.799968
125.5591948
124.4447995
122.7102972
121.613876
121.8016057
121.7566704
121.5449752
122.3148666
122.1850535
122.2899025
122.1381211
123.3923151
123.5221281
123.2015897
124.227113
123.3214172
122.4476753
123.1296932
122.0352692
121.0337115
120.8669516
119.8404298
120.261823
120.5583959
120.0141796
119.3401502
117.0774085
117.4418837
118.7150503
119.1384406
120.2338632
117.954146
118.8408691
119.4779517
120.2438489
120.9208739
121.0157373
121.6917639
121.002756
121.2304282
120.9877776
120.8419875
120.5573973
120.6961975
120.4016217
121.839551
122.2539543
122.1540981
121.0466928
121.7247164
120.5623902
119.8643953
121.114595
123.0747723
123.2595063
123.5151382
124.051366
123.8346781
123.3324013
123.335397
123.0577968
122.8301246
122.8870427
123.2255552
122.836116
124.2410928
125.1807397
125.6031315
125.4323774
126.3620387
125.9017015
125.9017015
125.627097
125.7678942
127.1149545
127.4834239
129.302804
129.6283352
130.002796
128.1254993
129.4226314
130.1935213
131.1151941
131.1601294
131.1361639
131.4367311
130.7047851
131.5974996
130.9634127
129.5883927
129.6363237
129.0891117
129.2079406
129.2438888
131.0692603
130.4711216
129.2019492
129.8010864
130.3872424
131.3498562
130.6039303
129.7112158
130.6278958
130.6528599
130.3093545
132.2375779
132.2046253
134.0389839
134.3685093
134.9836236
136.1918837
136.1419556
135.6616472
136.5803243
137.3012861
136.977752
136.977752
136.977752
137.2054242
137.9134047
137.9663285
137.9663285
137.9663285
137.588872
136.4115673
136.4744768
135.9702029
137.0117031
137.6667599
136.9607765
137.1195479
138.6153938
137.5948634
137.7246765
138.8420674
138.7142515
139.8685892
140.6474676
141.0019572
141.0139399
140.7223598
140.9620147
140.6624461
141.4453187
140.5775683
140.1042499
140.0463333
140.0463333
142.6226234
141.2086595
141.4932497
140.9530276
141.0498882
141.4982425
142.0264819
141.5022368
139.8136683
138.6643234
138.015258
136.9408052
138.311831
137.8904378
137.6278159
135.393034
136.0131411
138.295854
135.8783352
135.7225595
136.4265458
136.3746205
136.863916
137.0796054
137.7706103
135.5807637
135.0245646
134.5342707
134.547252
133.5956223
134.2297092
135.2502397
134.6371225
135.9612158
136.9957262
136.3316824
136.0850375
135.8304042
137.1814587
138.5165362
138.3178223
138.2908612
138.2908612
138.2908612
137.9623342
136.8239735
138.0372264
137.7356606
138.3667519
138.3907174
139.2764419
138.6513421
138.7282313
139.5300767
137.9084119
137.9084119
138.1670395
138.3787346
138.6882889
138.9439208
138.8580444
139.4172392
139.5959818
139.1176706
139.8795734
139.9484742
141.2426106
140.1202269
140.5296373
139.0996964
139.9564627
142.1922432
142.0584359
142.591668
142.4668477
143.4254673
145.0081882
144.2702508
143.4254673
143.3036428
142.3100735
143.0150583
142.3410289
142.3410289
142.8692683
142.2361799
140.0383448
137.9213932
138.6882889
139.6988337
138.6064068
138.827089
139.5250839
143.5662646
143.7679741
144.281235
142.8363157
141.9296213
141.2825531
140.5446158
139.0467726
138.7741652
140.8411887
140.163165
140.644472
141.2675747
140.8721441
139.8865633
140.1192283
140.1521809
140.1931219
140.5955424
141.0588752
140.7633008
141.8387522
141.811791
143.4694041
144.7565506
144.6157533
145.2238776
145.6043298
145.3317223
142.2212015
141.6420355
140.2250759
138.6852932
137.7116952
136.9567822
135.7654977
138.0661847
135.8983064
137.5828807
136.3446637
134.5053124
134.218725
132.2915002
131.1002157
128.0625899
130.8675507
132.9964851
132.9225915
135.2232785
133.1892075
132.8467008
133.2221601
133.4318581
133.655536
133.6914843
134.6401182
135.5128615
135.5577968
134.563229
135.1553763
135.0555201
135.9702029
134.7998882
135.1114395
135.5707781
135.657653
134.0309954
136.1359642
137.8315226
139.5730149
139.0327928
138.7851494
140.637482
140.4297811
140.195119
140.9949672
142.550727
142.5547212
141.1167918
140.3009666
140.5755712
139.9404857
139.7867071
140.322935
140.8611599
141.7309075
141.0179342
141.3684295
140.9620147
141.2665761
141.2665761
139.8376338
140.3938329
139.196557
137.226394
136.6941604
136.6032913
135.5917479
135.5807637
133.1173111
132.8337194
133.0204506
136.8559275
136.5893114
134.1108803
132.9785109
134.0909091
135.3181419
133.9071737
134.4184375
134.9336955
133.2900623
133.7124541
133.1552564
133.719444
133.4897747
134.8288465
132.9805081
132.834718
132.4872184
132.1806598
131.7622623
130.8795335
131.0962214
133.7254354
132.0158971
131.1511424
130.2184854
129.9079326
130.5410209
129.1610081
128.5169356
128.411088
128.876418
130.3582841
131.7672552
131.7672552
131.7672552
132.3773766
131.2509986
131.4906535
131.4906535
131.4906535
131.4497124
130.6808196
128.2263541
127.2088193
126.3011264
126.5098259
125.2396549
123.8955903
124.0214092
122.2539543
121.1455504
119.6686771
118.6102013
117.254154
117.2920994
118.6531395
121.1355648
120.9558236
120.1080444
120.0361479
119.7016297
121.2653779
120.9418437
119.949273
119.949273
118.5512861
116.5990973
115.0143793
115.3928343
114.0807238
114.9464771
114.2195239
117.7005113
117.7194839
117.7344624
117.2271928
116.4912526
115.6864116
113.4656095
114.0058316
113.601414
114.004833
114.4611759
114.3543298
116.0908292
115.3578846
113.5554801
113.2948554
112.9693242
112.9004234
114.5091069
111.6172711
109.9536667
110.3221361
111.3296853
109.5282793
109.5282793
109.5282793
108.0314347
108.0803643
106.6594104
107.5920674
107.9735181
110.6017335
112.2823135
112.983304
113.1940006
114.1356447
111.9927305
110.5008787
109.097899
106.6783831
106.9759546
108.3879214
108.6275763
109.410449
109.2047452
110.4579406
110.2861879
111.3546493
111.6092826
111.6092826
112.5848778
110.2752037
111.3886004
112.2663365
113.2978511
114.148626
113.0691804
110.7065825
112.3352373
110.2512382
111.4754753
111.9248282
110.9891756
109.677065
112.4980029
112.2693322
111.5693402
109.9436811
109.668078
109.6730708
109.2267135
108.1143154
107.9805081
108.9181579
111.0470922
111.0470922
107.1606886
108.0653858
107.2984902
106.2230388
104.6742691
104.4595782
103.4650104
101.9212334
101.0075491
100.7399345
101.6236619
101.199273
99.78331203
97.60444959
98.56906055
97.98789743
97.40274005
97.76521809
95.49049369
94.86040102
93.62817543
92.66356447
90.21509027
92.96113596
91.46528998
94.0765298
94.79050168
91.61307717
91.99552644
90.26601694
88.59242691
89.9324972
91.26857325
92.10337115
92.75143793
92.4758348
94.23030836
96.46009746
95.68121904
96.52200831
95.640278
97.71728711
100.0768893
98.41827768
98.86962774
97.73026841
99.33595622
100.4084119
97.26893274
96.93940725
95.68321617
96.50603131
95.9009027
96.32129733
96.33328008
95.10704585
96.37721681
96.67179262
95.88193002
97.46065665
96.94739575
96.30831602
97.08919156
98.25750919
97.22499601
97.4936092
96.80559994
96.70174948
97.01529797
98.4282633
98.05879533
96.42115354
95.57237578
96.40317942
94.7345822
91.89467167
93.48837674
90.60452948
90.42279118
93.01905256
92.55372264
93.43545295
92.88624381
91.02392555
90.37985301
88.079166
91.67498802
93.24672472
90.24904138
86.24880173
85.13340789
83.04841029
82.73885605
78.90837194
77.46844544
82.37238377
80.18054002
75.43038025
77.51737498
81.4527081
82.3294456
80.72475635
77.26873302
76.75647068
76.75647068
74.25007988
75.21369228
75.95462534
78.34019013
79.19595782
78.20837993
79.71221441
78.12450072
76.21724716
78.60480907
77.25175747
76.75647068
76.18329605
77.5852772
77.12693721
76.23422272
76.13636364
74.28602812
72.07121745
72.11814986
74.52268733
75.0868749
76.3320818
77.4115274
74.88616392
73.51214251
75.68800927
75.98857645
74.86719124
73.69088513
75.09785908
75.39642914
76.45790062
74.60157373
75.09985621
76.13236939
76.32609043
77.3036827
74.65949033
75.73693881
74.96904458
74.6894472
74.6894472
74.6894472
74.59658092
73.88460617
75.81282953
75.81282953
75.81282953
76.65961016
77.79397667
77.80096661
78.02264739
78.15945039
78.73861639
79.37769612
79.05615913
77.14091708
77.66016936
77.7510385
76.96716728
77.01609682
78.12350216
77.49141237
77.38456622
78.933336
78.76058476
79.44160409
80.03275284
80.01477872
80.06171114
79.71321297
80.34230708
80.34230708
79.75115833
79.25087873
78.50794855
79.56043298
79.75015977
76.78343186
76.76745486
75.52324653
75.22867071
74.17019492
73.45123023
72.18205784
73.26350056
72.240973
72.94695638
71.04469564
69.38308835
71.26637642
72.35980189
71.0536827
70.94284231
70.44855408
71.48506151
71.31330884
72.21700751
72.12114555
73.19260265
75.5212494
76.06945998
75.05292379
74.43081962
75.3974277
74.84522288
74.16520211
75.75691005
75.81782234
73.52911807
73.79173989
74.2181259
74.98302444
76.56075252
76.6795814
74.28702668
74.82425308
74.82425308
74.82425308
75.70099057
75.71297332
78.30823614
79.60337115
78.2513181
77.32565106
77.16987538
77.31965969
77.32664962
77.51837354
78.78355169
79.29281834
81.31390797
79.33475795
81.42075411
82.7428503
82.96253395
83.50175747
83.45682218
80.89051765
80.36527401
80.44815466
79.40565586
79.75914683
79.55344304
79.2808356
79.81107206
78.72763221
78.52492411
76.31610481
77.45845982
78.43205784
76.56774245
77.39654897
77.39654897
79.63632369
80.50207701
80.00579166
79.94987218
78.92035469
79.18497364
79.5544416
78.15945039
78.72064228
79.1859722
77.77700112
77.18884806
78.94232305
78.33120307
78.59082921
77.8249321
76.79841029
78.3461815
77.70710177
78.71165522
79.75315546
78.99824253
78.14147627
78.43605208
77.69611759
77.98370347
79.09011024
78.39311392
78.10552804
78.00367471
78.42906215
78.51893274
80.01378016
80.33831283
80.95941844
83.11331682
83.93912766
84.71301326
85.35508867
86.36663205
87.00371465
85.39203547
85.73554082
85.63268893
87.29030197
88.79613357
88.13808116
86.34466368
86.88987857
86.22184055
84.94667679
86.90685413
88.96788624
88.98985461
86.69915322
86.78902381
87.17746445
86.24281035
85.80044736
87.03167439
87.91140757
88.26389998
87.5079885
89.18657134
87.9054162
86.73010864
86.93281674
88.09015018
88.36175907
88.65433775
88.14407254
87.79257869
87.96932417
88.03323215
87.82253555
87.02368589
87.71768653
89.26845343
88.72523566
88.42566704
88.02823934
88.17103371
87.49700431
87.13053203
87.99928104
88.72124141
88.42067423
89.80667838
88.67930181
88.24892155
88.34678064
86.87989295
88.20798051
87.44507909
87.75663045
87.24037386
87.91640038
87.55591948
88.59042978
89.11467487
90.54361719
89.7088193
88.52252756
89.02280716
89.02280716
88.42067423
88.98186611
89.06674389
89.43521329
87.9633328
87.11455504
87.54293817
86.12498003
86.7760425
86.95578367
86.66520211
86.86990733
87.34722
86.85892315
87.47503595
86.10301166
86.57133727
86.79900943
85.61072056
84.70802045
84.19376098
84.70502476
84.46137562
83.85724557
85.21129573
85.7834718
85.56278958
85.39103691
84.36251797
83.21317303
83.41088832
82.96453108
83.86123981
83.56866113
82.59306598
83.04441604
83.7693721
83.32401342
84.94268254
84.51230228
85.3281275
86.67119348
86.30372264
86.30372264
86.30372264
87.39914523
87.09158811
87.07660968
87.07660968
87.07660968
88.73322416
88.61439527
88.82309474
90.31095223
89.86858923
89.49712414
88.95989775
88.64135645
87.93038025
87.14551046
86.09302604
86.11299728
86.52540342
85.17035469
85.26721521
86.53239335
86.0730548
85.52684135
84.48933536
84.07293497
83.8063189
83.32001917
84.09989615
82.25555201
82.02188848
81.15114236
81.50663045
80.87653779
81.21804601
80.89151622
81.81119188
83.14227512
83.07537147
83.09334558
83.67051446
83.24512702
83.44883368
83.96608883
83.90218086
82.52815945
82.82273526
83.54469564
84.25267615
84.17578687
84.32357405
83.78235341
84.29861
84.28463013
84.28662726
84.51130372
83.55767695
83.37693721
84.24169196
84.38149065
84.52029078
84.04297811
83.83427864
84.1168717
84.15082282
84.12685733
84.13983863
84.80587953
84.87677744
84.87677744
84.87677744
86.30971401
86.75906694
85.93225755
85.91528199
85.81942004
85.47092187
86.79301805
86.07904617
85.83639559
85.22926985
85.43097939
85.32413325
85.10444959
85.5887522
85.62070618
85.02855888
85.03355169
84.99460776
84.92171273
84.81686372
85.1963173
83.73941524
83.08036428
81.61347659
81.72231986
81.34086915
81.1840949
82.31846142
82.45626298
82.1686771
81.82716888
80.95043138
80.74073334
79.0781275
78.63276881
76.23721841
77.08999041
78.31422751
78.46301326
79.48653938
79.16400383
78.1934015
77.83691484
78.27728072
78.27728072
76.98713852
77.3456223
77.61822975
78.70067103
78.6357645
78.45202908
79.08911168
78.40909091
78.61579326
79.66428343
79.10409011
79.64031794
79.5414603
79.26286148
78.05060713
77.7220802
77.18285669
76.06147148
76.14435213
76.19727592
76.38200991
76.90425787
77.39355328
77.80096661
78.08955105
78.31322895
78.76657613
77.51637642
77.19983224
76.41496245
77.89483144
78.11950791
77.54633328
77.96273366
78.62478032
77.92778399
78.30224477
78.74660489
78.59182777
78.69667679
78.90138201
78.65473718
78.72463652
79.08711456
79.60237258
79.22990893
79.06115194
78.18541301
78.42007509
78.14547052
77.39555041
78.20438568
78.85844384
77.36759067
78.38412686
78.37214411
77.69412047
78.2303483
78.02464451
78.88540502
78.56386803
79.30679821
79.38268893
79.86898866
81.76625659
82.57109762
82.16967567
81.11818981
81.53459019
82.33244128
82.70989775
82.43030037
82.36739096
82.72188049
82.86367631
83.41588113
82.96552964
83.09634127
82.19863397
82.81774245
82.81574533
82.25555201
80.39323374
81.15014379
81.75527241
81.21604889
81.31191085
81.14015817
81.05128615
80.86854929
80.84757949
80.95742131
82.50419396
82.18665122
82.23358364
82.10077488
81.34086915
81.74528679
82.56610481
82.56610481
81.85712574
81.39279438
82.27851893
82.47124141
82.63600415
83.47779198
83.70546413
83.78035629
83.56566544
83.6405576
84.07892635
84.51429941
84.03399105
83.59462374
84.32956543
84.02300687
83.10832401
83.15825212
82.69292219
83.94511903
83.49776322
83.85824413
83.53970283
83.5536827
83.7114555
83.17522767
83.06438728
83.53870427
83.36595303
83.86024125
83.18321617
83.60660649
82.25455344
82.17966129
82.77680141
83.08136284
83.30903499
83.4797891
84.66308516
84.27264739
84.99261064
84.89475156
85.37605848
84.87378175
84.87378175
84.87378175
84.50730947
84.69503914
83.68848858
83.68848858
83.68848858
84.42542738
84.73697875
84.77292699
84.75095862
85.22926985
85.58775363
86.98174629
86.69116472
86.15893114
85.90329925
85.97619428
85.7255552
86.10101454
86.26877297
86.38061192
86.25978591
86.27276722
86.49344943
85.44495926
85.58176226
85.73154657
85.56278958
86.33967087
86.96876498
86.74808276
86.7970123
86.07405336
85.73254514
86.66620067
86.9707621
86.76405975
87.24936092
87.73665921
86.80000799
86.76206263
87.17946158
86.76206263
86.59729989
86.67918198
87.49101294
87.05164563
87.63081163
88.44264259
88.658332
87.87246365
87.37517974
87.08060393
86.58931139
85.87733664
84.92670554
84.48234542
84.61016137
84.95067103
84.79789104
85.18733024
85.74752357
86.04309794
85.87134526
86.87989295
87.27532353
87.46505033
87.90441764
88.46760665
88.55548011
88.87501997
87.84650104
87.89243489
87.59186771
88.19699633
87.61383608
87.48202588
86.96377217
86.99472759
87.9553443
87.17047452
88.7032673
89.18856846
89.18856846
89.18856846
88.95390637
88.80512063
89.63193002
89.90553603
89.32936571
89.14563029
89.64890558
89.83663525
90.15817223
90.37386164
90.76929222
92.13432657
91.82976514
91.38340789
92.06342866
92.70650264
92.31606487
92.43289663
92.52875859
92.02648187
93.14087714
93.21277361
91.81378815
91.4543058
92.06342866
92.51577728
92.32704905
91.40737338
90.71237418
90.71237418
90.36587314
91.06187091
89.3323614
89.26545774
88.94392075
90.05831602
91.03490973
90.2011104
90.02636204
90.07629014
89.72679342
89.85760505
90.70039144
90.71037706
89.81866113
89.34534271
88.63935932
89.99540661
90.82421313
90.82720882
90.46373223
89.80967407
89.81067263
89.60397028
88.7322256
89.26445918
88.98286467
88.29685253
88.54150024
88.14706822
88.72723278
89.34334558
90.06131171
91.49324972
91.13376737
90.71636843
90.87014699
90.38085157
89.969444
90.61850935
89.87957341
89.63592427
89.60896309
86.86990733
84.16979549
81.03530915
82.74185173
84.54225915
84.5462534
86.20286787
87.34921713
88.31482665
88.08216169
88.45063109
88.76617671
88.52951749
89.24149225
89.62094584
88.9559035
88.98086755
89.18057996
87.42910209
87.32824732
86.27875859
85.83839271
85.71157533
86.90585557
87.18445439
88.11111999
85.98717846
87.06762262
86.22783192
86.16691964
87.00671034
86.75107845
86.81898067
87.74464771
88.15206103
87.26234223
85.7914603
87.24237099
86.61327688
86.70214891
88.66432337
87.71668797
87.46105608
87.47503595
88.45362678
89.40625499
88.71325292
89.11467487
85.63967886
84.21073654
84.49133248
84.53726634
82.87865474
83.9141636
83.72942962
83.95410609
83.95410609
83.79034191
83.65853171
83.86922831
84.63212973
84.65609522
85.00758907
84.34454386
84.41344464
84.8647947
85.22327848
85.61271769
85.45394632
84.64710816
84.56322895
83.98705864
84.3275683
82.37837514
82.11475475
80.84957661
81.01633648
81.08224157
82.62302285
81.74628535
80.33731427
80.70578367
81.27596261
82.27851893
82.54912925
83.3220163
84.45039144
84.17878255
84.24269053
83.96808596
84.48633967
85.44296213
85.24424828
84.60716568
83.90018374
83.67550727
82.32644991
81.81318901
82.6849337
81.86810992
82.23158652
82.23158652
82.23158652
83.04042179
83.80232465
84.70802045
84.70802045
84.70802045
84.48334398
84.36551366
83.25710976
82.73885605
82.30847579
82.15369867
81.62146509
81.99392874
81.61447516
82.35540821
83.46181499
84.17878255
84.78490973
85.63668318
84.44040582
85.61870906
85.69360121
85.79645311
86.34566225
85.46293338
85.93525324
85.97220003
85.87334239
85.87334239
85.91528199
86.51342067
86.52041061
87.27532353
87.0656255
87.77560313
86.12498003
85.93725036
85.99217127
87.05364275
87.63880013
86.93880812
86.79900943
86.89786707
85.97719284
86.11599297
86.67119348
87.36719124
88.72823135
89.35532833
89.64790701
90.06830165
89.7457661
90.57257549
91.30452149
92.26214251
92.83731427
94.52787985
93.18980668
92.12334239
92.73446237
91.80879533
91.35744528
90.48969484
91.06686372
92.4019412
91.29253874
91.38640358
91.64602972
90.84019013
90.14019811
89.78870427
89.0507669
89.0507669
89.0507669
89.59398466
89.51809394
90.29797092
90.23306439
90.37785589
90.29397667
91.77084998
91.34945678
90.64946477
90.81522607
91.5411807
91.5411807
91.34246685
91.67199233
92.34502317
92.90022368
94.34015018
92.54173989
91.50822815
91.94559834
92.14231507
92.87126538
93.02803962
91.14075731
91.92862278
91.2016696
90.78327209
91.14674868
90.50766896
90.38484582
92.21421154
91.11978751
90.35588752
90.29098099
89.57501198
90.48470203
90.1511823
91.25359482
89.35233264
89.35233264
88.01825371
89.24149225
89.84162806
88.38672312
88.82708899
87.95734143
86.15493689
87.38516536
89.03379134
89.32637003
90.02336635
88.60640677
87.02368589
86.96377217
87.02268733
86.00914683
85.84638121
86.34466368
85.99316984
87.83052405
87.9343745
89.08371944
88.88001278
88.64335357
88.55947436
88.0711775
88.64934494
89.63292858
88.89698834
87.72767215
87.84250679
88.2449273
88.47559514
87.66276562
88.04122064
87.78459019
87.87046653
88.88600415
89.2165282
90.26401981
91.25259626
90.84917718
92.19224317
91.63204985
92.44987218
93.26370027
92.86527401
92.78439048
92.62961336
93.29665282
93.75299569
94.84542259
93.99864196
94.09350535
94.9532673
96.03271289
94.4529877
94.29122064
92.17626618
91.35145391
91.95957821
91.72791181
91.16871705
92.51477872
92.11135964
91.82177664
91.82577089
92.30508068
93.11391596
92.76641636
93.32760824
94.22731267
94.04257869
94.24828247
95.01617671
94.48094744
93.31262981
94.14043777
94.06454705
94.1054881
94.74157214
93.3525723
93.67011503
93.86084039
93.8159051
95.23186611
95.60932258
95.06310912
96.03171433
96.35524844
95.04213932
94.33216169
94.47695319
94.65070299
95.60233264
96.68677105
96.60488896
98.35636683
97.57449273
97.57449273
97.76521809
97.82912606
97.16707941
96.61088033
95.19891356
95.05611919
95.69220323
94.82045854
94.71560952
94.55783672
95.00519252
95.42059434
96.14455185
96.082641
97.02328647
96.40717367
95.86495447
96.13856047
95.84797891
95.25083879
96.50802844
96.2693721
96.77065026
97.53155456
97.40174149
97.17806359
96.81159131
96.76765458
97.20302764
97.69831443
96.52001118
96.2114555
96.92542738
98.07177664
97.95294776
97.76621665
96.04469564
95.53742611
95.94084518
94.93030037
96.2983304
98.27248762
99.94408052
98.59602173
98.49217127
98.49217127
98.49217127
98.71984343
99.29002237
98.54908931
98.54908931
98.54908931
98.54509506
98.29944879
98.28047611
98.90058316
99.57760824
100.2706103
100.7639
101.7834319
102.4075332
102.3625979
103.8065186
103.2283512
104.0971002
104.2219204
104.1100815
103.7815546
104.3018054
104.3147867
104.0891117
105.5150583
106.4227512
105.8415881
105.2424509
103.5838393
103.5838393
102.790981
103.6637242
102.5982585
102.6811392
102.7300687
102.8858444
101.1193881
101.8713053
103.6876897
101.5887123
99.76733504
101.6436332
102.0640278
102.5203707
103.8584438
106.1691165
105.6888081
103.9273446
104.4755552
104.6762662
106.09722
106.2410129
106.5994967
106.9330165
103.6976753
104.802085
104.5983783
103.322216
102.8399105
102.332641
102.4644512
102.5702988
101.9132449
101.0984183
104.1949593
104.7851094
104.7851094
104.7851094
103.8504553
104.2119348
104.8879613
105.0097859
104.3207781
104.1160729
105.0297571
104.592387
105.4831043
105.5230468
104.7671353
105.4391676
104.8759786
104.8230548
105.8775363
107.7837913
107.7738057
107.7738057
106.925028
107.6459898
108.913165
107.9545455
107.1117591
105.3472999
106.8960697
108.2750839
109.0299968
109.1927624
109.8038824
109.9746365
109.2856287
108.6814986
107.8107525
105.6358843
104.7671353
104.6832561
105.0207701
104.697236
103.185413
101.9032593
102.0150983
101.7005512
101.1673191
102.0530436
102.0530436
101.737498
101.0884327
101.2092587
100.6620467
102.0969803
101.4838632
100.7768813
99.03838473
99.94907333
101.1024125
101.2861479
100.7469244
100.193721
99.82525164
99.80627896
98.97946956
101.536787
102.1938409
101.8962694
101.1463493
102.4844224
101.9232305
102.0490494
102.8508947
102.2667359
103.1195079
105.0207701
104.1320498
104.4096501
106.1591309
105.3073574
104.4535868
103.844464
103.1015338
103.5528838
104.1640038
104.1939607
103.2053842
103.1704346
102.7979709
101.696557
101.7734462
102.7760026
104.2918198
104.5574373
104.0361879
102.9657293
103.6936811
103.3851254
102.3925547
102.3156654
101.8203787
102.0041141
101.5947036
101.4009826
102.0400623
104.7950951
103.418078
103.0476114
103.3192203
103.2353411
102.3536108
102.8059594
102.9667279
103.8404697
104.5644272
104.88197
104.6413165
104.3657134
104.8939527
105.5220483
106.072256
106.2619827
106.6664004
108.1832162
108.4358524
107.8137482
109.492331
107.9365713
107.4572615
107.6719524
108.856247
109.3425467
110.1793417
108.5676626
108.6106007
109.0839192
109.0489695
108.1692363
108.1422751
107.8656734
107.367391
107.6739495
108.1572536
107.7128934
108.0024764
108.2061831
108.1592507
107.2016297
107.5800847
108.1472679
109.3804921
107.9994807
108.6485461
108.6485461
108.38892
108.9690845
110.7654977
110.4489535
109.8488177
109.9916121
109.0030356
109.0919077
110.1114395
108.486779
108.277081
108.6425547
108.5816424
108.2900623
107.6919236
106.7372983
106.9939287
106.8121904
106.6484263
106.3967886
105.3902381
105.9374501
106.1181898
106.2939367
107.0019172
106.9230308
106.3109123
105.7906614
105.4711216
105.6488656
105.0107845
105.123622
105.9084918
105.5789663
105.5310353
105.260425
103.6167918
105.2294696
103.7885445
105.3273286
106.2400144
106.2400144
106.2400144
105.6199073
105.3572855
104.8969484
104.8969484
104.8969484
106.4457182
105.9484343
104.6962374
104.8530117
105.7587075
106.9120467
108.060393
107.5521249
108.9141636
109.5682218
108.6056079
108.38193
109.3595223
110.0904697
109.3595223
107.8417079
107.6949193
107.9046174
108.7204426
107.6699553
108.4528279
107.6709538
106.9220323
107.1556958
107.1556958
107.8157453
108.4098898
108.9600975
109.7010305
109.8548091
110.2272727
110.0914683
109.9836236
111.229829
110.3650743
110.9112877
