100
99.00136358
98.904517
98.38474505
97.00505707
97.09632047
96.66340982
96.16156844
95.4921245
95.76365998
96.20451593
95.31636192
96.26958137
95.97710899
95.04171275
93.90049068
94.49542072
94.59419994
95.82818858
97.12563213
96.75188164
98.49823378
99.21567154
98.63426995
98.56458765
98.54193285
98.61719832
97.44548354
97.80194767
98.02473775
97.4421551
97.41112555
96.64129186
96.00534696
96.08641034
94.31901393
92.18259124
91.35499318
92.75916124
92.346758
91.14208102
92.44693301
92.23359138
91.39321644
89.06385217
86.83605871
87.24126824
85.43511172
83.85679161
85.67218184
86.28643826
87.18983862
87.55607331
86.99077703
87.41563503
88.09656742
88.04631886
87.42143294
86.52898418
86.67436142
87.27423043
86.62175075
85.78942848
86.63796343
86.07406294
86.62464971
88.84696737
89.26033692
90.40123689
89.76743936
89.69271074
89.77602886
89.91678925
89.91678925
89.91678925
89.91678925
89.22866315
89.23113263
89.76035303
91.52495786
92.84902885
93.53683284
94.04221738
93.90757701
94.52806081
94.52806081
97.38095494
96.71398048
95.93824152
95.24238487
94.9396051
96.09435563
96.20000644
95.36424837
95.4972782
95.77386001
95.69956086
95.69956086
94.9502346
93.67995533
93.79827566
94.15613559
94.37119512
94.37119512
93.90918754
93.27141737
93.81760203
93.74351761
94.08924488
93.15953917
93.15953917
93.8719306
93.47906847
93.31962593
92.58211022
92.61625348
92.86373836
93.6189699
94.42466474
95.80392325
97.60986504
97.5746481
97.22924294
96.2608845
95.96379527
95.41288639
95.21511322
95.61205536
97.07903411
96.40851649
96.50074621
97.4699636
97.03930769
97.4208961
99.05214898
100.0543286
100.489494
101.3422163
103.0841663
102.396255
102.7712939
101.9049357
100.8143917
100.1657773
100.7744505
101.0025017
100.0886866
100.4643697
99.9687557
100.0685012
99.88243126
101.3033488
101.9792349
101.2350623
101.16742
100.7307515
100.269066
99.87040596
99.31992656
99.58093991
98.47665267
99.77087516
99.09176804
98.84600105
99.02101206
99.57320936
100.356142
100.5869848
100.0843918
100.660425
100.7828253
101.1143799
101.178479
98.60463618
97.95054597
98.50757486
98.82828521
100.75652
101.0656345
101.0531797
100.7249536
101.8599482
101.6795688
101.8073376
102.0257255
101.3069994
101.7890849
101.4485113
101.3168773
99.81403739
100.2509207
101.0813103
99.85011327
99.05977216
99.44340058
99.58394623
98.58777929
98.1374749
97.32802216
97.30096524
96.92012841
95.52573091
96.22523809
97.62446718
98.49855589
99.0510753
98.86661585
100.5417825
99.85709224
98.34190494
96.68466882
96.24327603
96.74017845
94.98233785
93.33100701
93.56431923
94.09665332
93.79033037
94.52290712
95.11311294
94.29217175
95.16561624
93.85840214
95.01036108
94.32030235
94.51152603
94.38118041
93.67587532
93.4003672
93.05045256
93.93828446
94.69083179
95.7104051
95.46989918
95.90667511
95.86898869
94.46847118
95.4341454
95.54656044
95.79876955
94.68106123
94.53203346
95.27770918
96.29159196
95.64029333
95.98849007
97.1079163
96.67801196
97.30633368
96.6033907
95.76677368
93.72086281
94.80066998
94.55769458
95.43006539
95.43006539
95.43006539
96.03820179
96.61112125
97.1202637
97.1202637
98.93168129
101.1724664
101.3352373
100.9550447
102.0360329
101.3059257
99.70580972
100.5578878
100.2955861
98.7977925
98.77320506
98.10408323
99.07931327
99.02809839
98.88572748
98.10129165
98.34147546
98.10279481
97.5852776
97.4294856
97.22344503
98.15239915
98.77052085
99.46680696
99.09821016
99.02616576
99.06868377
98.962174
99.12161654
99.00415517
99.63773796
99.73157821
99.65115905
100.0086969
98.31205643
97.92177115
99.67295489
100.9289541
101.7526869
100.8616339
100.4541697
99.711715
99.39089728
101.4325134
101.5879833
101.434446
101.1448726
101.1804117
100.4251801
100.2594028
101.1716074
101.356389
101.695352
101.7806028
102.6806747
103.0213556
102.0566477
101.9891128
102.1426501
102.4157961
101.7926281
102.5285332
101.5458948
101.3450079
101.8571567
102.5043753
102.3824044
102.3824044
102.3824044
102.3824044
103.1689876
104.8627291
105.6335291
106.6114434
107.3322095
106.1473958
105.9560647
107.0399519
107.5968734
109.02681
109.4338448
109.7531593
110.4728518
111.2544961
111.8041165
110.1378614
110.1378614
109.7684057
108.7639714
107.7728507
107.9248848
106.4088386
106.551639
107.7290443
107.7384928
107.7804739
107.1881207
107.1881207
107.1881207
107.0757057
108.1347907
107.6547452
108.2757658
108.5794045
108.5794045
109.5037418
110.4683423
110.0180379
110.4211001
109.6687675
110.3923253
110.4544918
110.9684658
110.1212193
112.155427
112.5777081
112.7412307
112.3687686
111.5604969
111.8480303
112.0958373
111.9417632
111.7408763
111.8322471
112.8710394
109.4630491
110.2116237
109.2830991
109.9158229
110.95279
111.632756
111.1876054
111.8284892
111.2902498
109.8084542
111.5233473
111.8332134
111.2068244
109.7315782
109.461868
106.8280061
106.5829906
105.4902992
106.2974972
105.2062016
106.1057367
104.0990154
104.445709
104.3857973
104.8091521
103.9298023
102.5948871
103.4534073
104.4979976
104.289917
104.5283829
105.405478
105.4225496
105.0838013
104.3932057
104.0485521
104.1164092
104.3369445
105.0907802
104.633819
104.799811
105.6208596
106.3583753
106.4543629
105.7082577
105.7064325
106.4697167
106.7749659
105.8314096
106.3797417
105.4385475
107.0509035
106.7787238
107.0427435
107.7294738
107.8894532
106.6683488
107.6133008
108.0523315
108.5142317
107.9317564
107.329418
107.9220933
108.5403223
108.4148083
108.5248612
108.9447803
109.9421283
109.6865907
107.8724889
109.4575733
111.0861419
110.5662626
111.2918604
110.8016148
111.759988
112.4192319
111.6215897
112.347617
112.7161064
113.800423
112.9798039
112.8273404
111.8280597
111.0903293
110.6310059
109.514586
110.6091027
110.3329504
110.9362552
109.9700441
109.7977173
109.5875968
110.5720605
110.6886629
111.5670464
111.704371
111.3122604
111.6972846
112.6657505
112.7519675
112.5462491
112.5017984
113.6280962
113.6617027
114.6413348
115.0836939
115.616887
117.0752762
116.8924273
116.9599622
116.2020464
116.9068147
118.1585192
119.7115003
120.9727606
120.2227901
120.7590968
118.3048627
120.1858552
121.4349829
119.2456274
119.7606751
118.8958201
119.6836918
117.6562483
117.9044848
118.8879822
120.3876011
120.4671613
120.4671613
120.4671613
120.4671613
123.0509894
124.4316437
124.4316437
124.4316437
124.0772196
126.1766001
127.9926345
127.4638436
128.8036978
128.4360673
126.9955013
128.5022064
128.8326873
128.9064496
129.8410943
130.1798426
132.0984142
131.2690982
131.6080612
132.560207
131.2336665
131.0090512
131.7162889
131.2689908
131.6690467
132.8662078
134.2720938
134.03599
133.3387376
133.6907996
134.3787109
134.2428895
133.0289788
133.2103246
134.0809775
135.2450691
135.7459441
137.6558188
140.1720047
141.6085981
140.595789
134.973641
134.9917863
132.8420499
132.6813189
131.5220589
131.2546034
133.7806672
133.7509261
135.5312067
135.6419039
136.7195637
137.4804857
136.9130421
136.7322332
137.0248129
135.9882753
134.6083726
133.3493671
130.5192351
131.3279363
131.2441887
131.9929781
132.4608909
132.4608909
132.4608909
132.4608909
127.7587854
128.1935214
127.9108195
127.6404651
131.755908
132.0687804
133.1694171
132.1978376
131.1599042
130.2118385
131.9433737
132.0284098
132.3221706
133.4251694
137.2060513
137.1648217
137.0204108
136.8809388
135.4180401
135.1201993
137.0861204
136.2943835
136.2943835
135.6014259
137.3584075
137.3604475
137.1680428
137.1680428
137.1249879
137.2149629
137.5181722
137.3019316
136.7270795
137.4429067
137.4429067
137.5198901
140.3207104
141.5901307
142.4771036
143.6178962
143.6044751
143.8183536
143.26723
141.5981833
143.8236147
144.3151487
144.1027733
142.654262
144.2684433
146.4773398
145.9212773
145.1432836
145.4489623
146.1539453
144.7445161
144.5562988
144.4027615
146.0067428
146.517281
146.7698122
147.4139171
147.5938671
148.3572587
148.8184073
149.5336977
151.0258007
152.0947636
152.8637384
154.3028012
154.7372151
154.5894757
153.6642795
152.8870374
153.5131044
153.8243663
155.2225217
158.402783
157.2190429
154.5877578
152.1769007
153.920676
156.9664043
155.7257588
155.6000301
155.327743
154.3241676
156.4591945
157.7216359
157.4286266
157.6685957
159.0855407
161.460644
162.9912924
162.2718146
162.0962668
162.9271933
160.7744505
160.2767965
158.5523476
155.8608287
157.9262806
157.2918389
156.8648335
154.565962
154.1056723
153.0485199
153.0617263
153.1078948
154.7735057
156.3904785
158.0799253
158.1224433
159.4243963
160.4293675
160.6944608
161.7207984
160.9370068
160.4361317
159.450809
159.8689028
160.3968348
160.8283496
161.1537842
160.4311928
161.1313441
160.3518473
160.9435563
161.5570611
161.4619324
161.6866551
163.1743561
163.3858724
162.6526515
164.6022526
164.5632778
165.9615405
166.0438923
165.9477973
165.5099477
166.463704
166.6034981
165.1824731
167.68148
166.4384724
166.2738761
167.9883398
167.9529081
165.2166164
166.272373
163.0828779
153.3160828
161.6804278
157.9084574
156.0307933
157.2742304
155.2082416
156.7104373
157.2241966
155.7696726
155.4921245
155.1944984
151.6485392
153.0256504
150.4295822
151.1728958
152.8724352
152.5293922
152.6386935
152.8580478
149.8519385
146.2560529
146.3132804
148.4619432
149.1765893
149.0032962
149.0010415
147.7946466
150.0157832
150.9424826
153.9723203
155.1360898
154.3959973
152.4625015
153.08524
151.2548182
150.2791587
148.3770145
146.4278429
144.7825247
142.7549739
144.1374534
144.1374534
144.1374534
144.1374534
145.9724921
150.5176246
150.5176246
150.5176246
153.6702922
154.0912849
150.8949182
148.2722226
145.1311509
141.0723987
134.6059031
138.1375823
140.2851713
140.7922737
141.8303145
142.8983111
143.6206878
142.1112984
139.6178747
139.2022504
137.5699239
139.8737344
140.0608781
141.7172552
142.5103879
144.5995684
144.8478048
143.5989993
143.9105833
143.6772711
143.3799671
142.0782288
143.3062048
141.371528
143.1102569
143.2488699
145.9681974
145.8730687
145.5356088
145.8544939
146.1682253
145.5996006
145.7958706
147.1604196
145.7225378
149.2710738
151.0938725
151.1293041
148.8843317
152.3563138
151.8887231
154.3883741
155.8317318
156.498062
157.8429625
158.5308739
157.3369338
157.4586899
158.7564555
158.0532978
160.2013163
160.0123474
160.963849
160.1620194
161.2351697
160.4194896
158.8821843
159.8469996
160.9148888
162.2790083
163.4210894
163.7773388
163.2127941
163.2127941
163.2127941
163.2127941
163.5250223
164.3719467
163.0339178
162.720079
163.9794067
164.0780785
163.9002759
165.9958985
166.4581208
162.6534031
161.8141018
162.1340606
163.6894038
163.6894038
166.756069
166.4883988
168.2856437
163.7565092
163.925615
164.8990197
163.9121939
163.2358783
161.773087
160.1820973
159.0393721
157.8442509
158.4247936
158.4247936
158.1708666
157.0077413
156.1336526
151.7826428
151.1026767
151.9285569
151.9285569
150.6692292
147.8499415
147.9876955
151.8629546
154.5820673
154.0664827
151.6175097
151.3859154
148.7361629
145.3531894
145.5942322
146.3421626
143.8435853
145.1372709
144.7403288
146.6566456
147.5275132
149.1463113
149.276657
149.1323534
149.2740801
152.3100379
151.8629546
152.8347488
151.2008117
151.7610617
151.1256536
151.8823883
152.1767933
152.4603541
150.6908103
151.5307558
150.8559434
153.6183257
155.572651
154.8031395
153.9653414
152.8270183
151.1559316
150.3364936
149.3088676
149.147385
149.6837991
148.9521887
146.846044
145.0851971
142.0390393
139.9476041
141.1828811
139.3308782
134.4487153
132.5813586
129.8312164
130.4202412
126.1044483
128.4245788
128.1023653
124.0807627
119.0487132
124.0643353
126.8037407
120.7936695
115.0155148
112.6867947
111.794346
106.9995813
109.7549846
104.672257
108.1030095
113.4302157
117.2331082
115.2613891
109.6686601
109.7228813
113.4477168
112.4123603
112.4762447
105.5367899
103.2538089
98.17140342
100.8993204
101.8136723
103.1322675
99.88876601
100.2167774
100.8547623
100.9426973
99.23768212
98.07305367
95.25065226
94.50723128
91.9012852
85.95928578
88.26867947
94.08903014
94.64412639
94.05649742
95.31657666
100.9009309
101.8911925
105.2692271
104.8866723
106.6422582
104.4137131
105.9479047
112.3876655
109.0159657
111.9898644
117.2510388
120.067857
116.859143
117.8852658
113.2476889
111.8648872
109.4108679
108.3744377
111.0532871
109.9207619
110.2912913
109.0367953
106.6765088
105.7189946
107.7263601
109.2593706
111.3254668
110.7381599
109.7171908
110.2533902
111.2488055
110.4724223
106.3625627
104.8639102
102.6277419
101.9012852
101.2991615
102.8705026
100.7272083
100.9058698
100.6246712
98.13081804
97.15633959
100.5302941
101.3203131
99.71418448
100.540172
103.2479036
105.2747029
105.2747029
105.2747029
107.5726081
106.6750056
106.9992592
106.9992592
106.9992592
112.7901908
113.6716879
116.6339908
114.5448103
117.4767278
116.607256
114.3305024
108.0997885
109.6876644
109.4122637
111.1225399
111.6737709
109.895745
109.6250684
108.7150112
108.7532345
108.66079
110.2985924
113.725587
116.579018
118.2320667
116.9651159
118.7226344
117.984904
118.496838
118.7261776
116.2475708
115.6648808
115.2292859
115.7637674
115.1516583
115.3276356
112.5807144
112.7249106
111.7225163
110.7958169
112.3100379
111.9500306
111.2408602
111.1360684
111.8149608
112.5380891
114.4150016
114.1399229
116.7509153
115.3916274
114.7798405
115.9418921
117.7263601
120.4099338
119.1326755
118.5783308
118.3365365
119.2745096
119.7073129
118.1202959
117.6253261
116.8724567
118.7831904
117.8916005
119.9568378
119.7043066
118.9823593
118.9823593
118.9823593
118.9823593
119.5752494
119.0435595
118.8091736
119.5487293
119.4209605
118.7904914
118.7751377
121.5109999
123.3678345
128.0206577
127.4472014
127.2774515
130.6696587
129.9037976
128.8921696
129.3898236
128.1985677
129.572243
129.2797707
131.1693527
133.552616
132.6030471
130.9556889
128.590893
129.4034594
129.3808046
125.4826761
125.4826761
124.1753546
124.1753546
123.7335323
123.4341883
124.5739073
125.5610552
125.5610552
123.7009996
124.1379903
123.9738235
122.8920837
123.7144207
125.1317951
125.2433512
124.5637072
124.2120747
123.9320571
124.6570106
124.8449059
125.3992506
125.0981887
124.4973534
124.2853001
123.9623351
123.3894156
123.3701966
123.6154267
123.2655121
121.3323384
121.0559713
119.0038331
120.1928342
121.0086217
120.9575142
123.2800069
123.3983272
125.0803655
124.134125
124.2597464
124.5434145
125.3659663
126.0756735
124.6383285
127.5602607
129.4828049
129.872446
129.5462598
126.7711006
126.0047027
125.8852014
125.2439954
124.2027336
124.536865
125.1448941
123.7114144
124.6333895
123.288489
122.8899363
124.2759591
124.394172
125.1938542
125.8062854
125.7269399
127.073773
128.121477
128.6007709
129.7401677
130.4032769
130.6069553
130.063777
132.1706733
134.3520835
133.5364034
132.5638575
132.6057313
132.3521264
132.9139869
130.4585718
133.2382404
131.2085423
133.6171446
134.554903
134.7547162
134.3102097
136.318112
137.9924198
137.8674426
138.2991722
138.527116
137.4754394
135.9799006
138.9394118
136.1750969
135.0097169
135.1500478
132.4083876
132.3862697
130.4518076
129.5969378
131.4989746
133.5574476
133.2167667
132.1698144
132.1657343
130.8346844
129.6632917
130.0161053
130.8209412
131.0746535
130.8090233
126.2233055
125.8406434
128.1691487
128.45024
124.6290948
125.9003404
124.8495227
127.2774515
128.0275293
128.0086324
126.4108786
125.8031717
124.5355766
125.5986343
126.2751645
127.1463543
125.9289004
127.5872102
128.0832537
127.9969293
127.774676
129.0979954
129.6846581
130.1085498
134.2504053
133.6548311
134.2119673
133.3765313
131.7881186
131.8375082
132.0236855
132.5954239
132.9682081
134.8668091
136.9917433
139.0319637
137.9640744
138.0977485
137.252542
137.5725007
137.0176192
136.819846
134.9355251
134.8445838
137.9662218
139.1577998
137.9399165
136.5003167
140.8150359
142.1082921
142.1082921
145.1087108
144.0925733
143.7106628
146.1862632
146.1862632
148.6302973
143.9320571
140.424858
141.9455211
144.3055928
147.1249879
145.8043527
143.3245649
145.844616
145.9504815
145.5986343
145.3698315
145.034519
144.7985226
144.4684712
144.9778284
141.7648196
142.4724868
142.3170169
141.4837283
138.2109151
137.9786766
139.79149
141.3427531
141.469663
139.8689028
141.0857124
139.1282734
140.9911206
140.5810795
141.3287952
141.6796762
142.2525956
141.1513147
140.0357538
139.1949494
139.304036
142.3119705
142.4470404
141.1645211
139.1813135
140.1815605
141.856083
141.103643
142.2631178
142.5593481
145.4501433
145.6169943
144.7361414
144.4985344
140.5051698
142.1921471
139.7854773
140.7044461
139.3141286
139.3740404
139.3847773
140.1235814
139.910025
139.7314708
138.5432213
139.4458701
138.0237714
137.9434596
141.955399
142.8466667
142.6882979
138.2321741
140.1058656
142.0945489
141.4739577
140.1391499
140.0714002
138.5840214
135.6498491
136.7052836
138.4884632
139.7835447
139.7835447
139.7835447
139.7835447
139.7879468
141.3518795
138.751624
141.4143681
141.4143681
143.6374373
145.5180004
146.3654616
146.0627892
146.7836628
147.4516036
146.2899814
146.2797814
148.8782117
149.3321666
150.906192
150.906192
153.9689919
151.3567111
150.7003661
151.0040049
148.7974704
149.5481924
147.7626507
147.3337127
148.0565189
147.2813168
147.2813168
149.2547537
148.0284957
145.7639821
146.3086636
147.2255924
148.0368704
148.0368704
149.8722312
149.6621107
149.7687278
150.4278643
150.387279
149.148244
147.4514962
148.0177588
148.9670056
149.5795441
149.9698294
151.6243813
150.3518473
151.9005336
153.3711629
152.4300761
151.6516529
152.0803762
153.2464005
153.266371
153.7962357
156.5395063
157.5231111
157.6445451
157.1276721
156.9202358
157.1923081
156.9927097
156.7543511
156.9161558
156.5822391
156.5792327
155.3033703
156.2285665
155.5635247
155.3553368
156.0689092
156.0060985
157.3721507
158.2582647
158.6369542
161.1231841
159.1799178
160.1947668
162.9636986
163.5339339
163.9537456
164.5578019
165.2015848
168.0340788
166.2186886
166.9888444
167.7766087
168.0056261
167.6011682
168.0826095
168.2251951
168.7318681
168.438322
167.5546775
165.8857382
165.8763971
167.1663249
167.5611196
168.0987148
171.234096
170.3544241
171.4617177
171.6891246
171.317092
171.214877
169.4443669
168.1411254
166.2454234
165.1064561
164.7275519
165.6244028
165.2564502
165.1353383
165.814338
167.2272029
165.4385475
164.7284108
165.1475783
164.3135381
164.2802538
162.2561388
162.6700452
161.8162492
161.3676627
158.7407797
155.2465723
158.3563997
159.6140095
161.112662
163.3847987
161.9179274
162.4555225
163.6624542
161.7673964
164.4537617
164.9446514
167.4657762
170.3779379
170.9189688
169.0050141
168.6035625
167.6287619
165.6467355
163.4082051
164.3753825
164.7152045
164.2217379
164.1872725
162.5167227
161.94026
158.4651642
160.6990777
162.8360372
165.0904581
162.8900437
162.5292848
157.8181603
158.6450068
152.5767418
154.3300729
155.1989005
152.5701923
153.0522778
155.5888637
156.3020067
159.6216326
157.0541246
155.1725952
153.0685979
154.4089889
150.0953434
148.5420402
152.4281435
152.4281435
152.4281435
156.9649012
158.0933464
156.5427274
156.5427274
159.5662304
154.7946573
157.7008063
159.0997133
159.3372129
158.244092
156.8882399
156.1496505
156.5095504
156.4988136
155.2789976
157.9370175
156.8772883
156.0122186
155.2016921
155.2909155
155.9543468
155.4616318
156.5974854
155.7698874
157.9939229
159.6715591
160.453096
160.9142446
160.3354199
162.0624456
161.6879436
161.7532237
161.202637
158.3368586
158.9132139
157.241483
156.6777972
156.5773001
158.978494
158.4271557
157.8956806
159.3492382
159.2307032
159.8240227
160.0280232
158.9391971
155.6959103
156.0719156
158.4828801
162.5439943
161.4012691
161.9849254
161.5843328
158.8033757
156.2780635
151.0877525
153.3790008
151.1260831
149.3459098
151.2565361
149.8237006
145.6178533
144.6406906
146.604357
148.8279631
147.7353791
147.1254174
149.0544037
149.8023342
147.8460762
147.2532935
150.7615663
150.7592042
150.7113177
154.4026542
156.1818611
156.1818611
156.1818611
156.1818611
155.0934645
156.2111728
154.9120113
154.7548235
155.3472841
157.6943642
157.5364248
157.2734789
158.701268
159.376832
159.376832
159.0246626
155.4431644
154.9135145
156.6572898
157.1611712
156.6349571
158.5780087
159.3958362
156.0340144
157.3893297
156.9311874
156.9311874
159.5895294
163.4453547
162.7546517
161.9249063
161.9249063
163.6330352
163.6148899
161.6631414
160.648507
160.5571363
160.6050227
160.6050227
161.5347284
161.6284613
161.2598645
161.3105425
159.4048552
156.705391
159.4571438
156.5494916
155.718243
155.2024437
156.2344718
156.1498653
154.1605377
155.4487475
155.4286696
153.3402407
153.1229264
154.0291184
154.4539764
155.8304433
156.1552337
156.277634
155.1441425
154.9520599
155.1735615
154.1256429
153.7830293
154.1069607
151.8775567
150.0410148
148.765045
147.2604872
150.1349625
149.5441124
150.8803161
149.2325284
147.0655057
148.2714711
149.3615856
150.0680718
149.7303972
150.0766613
149.9795999
148.7631124
148.3134522
148.0239862
147.3141716
147.1691165
147.8520889
148.022483
148.7672998
147.9083501
147.7384928
146.4997799
144.9390683
145.5449499
146.2055896
145.2972503
146.4462029
145.7586137
145.6509228
143.9292655
143.4957106
143.1746782
142.7136369
143.9597582
144.9262914
144.3190139
142.4825794
138.816582
141.1929738
134.9358472
136.1260294
133.9862783
132.3179832
128.8571674
125.1324393
119.4946155
112.0134855
116.9658675
119.4276174
119.7372688
120.9090909
121.9104115
119.6914223
120.0281306
118.9088118
119.9953831
118.5337728
117.6318756
118.627291
119.5941463
121.944018
121.2316265
119.2783749
120.4149801
123.154815
120.8868656
119.4342742
120.7844358
122.9869976
123.5040854
122.1074331
124.776512
124.7758678
123.6542942
123.7478124
122.4235266
122.0557888
124.1852325
124.8923629
126.0123259
127.1495754
128.3444818
125.6792682
128.5815519
129.8984292
128.1098811
126.9359116
127.3613065
127.4390414
126.8004123
128.9250244
128.1294222
128.5897119
129.2638801
129.0378689
129.5246787
130.4485865
129.7839741
131.5213073
133.1847708
133.4356915
133.0958695
132.8320646
132.9191406
133.6899406
131.6821457
131.5672611
130.264127
130.8955625
129.9809957
131.5876612
132.9772271
132.9772271
132.9772271
132.9772271
136.3293857
137.2554409
137.2554409
137.2554409
137.6607578
138.8312915
140.1095161
139.3308782
137.3623801
138.360265
137.6748231
137.5055026
137.0791415
133.5777403
131.6714088
133.2778595
132.5000805
132.1753975
132.9788376
132.4657225
134.469867
133.9429013
135.1173003
134.8573607
132.827233
133.9912172
133.9931499
134.148405
132.6204409
132.6206556
132.378217
131.4886672
132.1761491
131.926839
132.9671344
133.7358944
133.514178
132.9765829
132.1772228
131.803687
132.3242106
133.6681448
133.6053341
134.7684594
136.5298431
136.0974693
136.0271428
137.1035142
138.0759526
138.0851863
140.6557007
143.4242031
142.6102408
142.2064271
142.1720691
142.5015837
142.7748371
143.2797921
145.0143337
143.6526837
145.0385991
144.9889947
144.8213921
145.0044558
146.1779959
146.1779959
146.1779959
146.1779959
147.2252703
147.4278751
145.1488667
145.317543
144.8234321
144.4700817
143.179295
143.2163372
143.1685581
143.3073859
144.8094742
145.1400625
145.5664237
144.7528909
143.8667769
142.7665697
143.1601834
140.6273554
139.4814091
138.4877117
139.0204752
139.0204752
142.838292
141.3628311
140.1944447
139.2095515
141.4927472
141.4927472
142.1204248
142.1351343
144.108786
143.1249664
144.1245692
144.1245692
144.1245692
143.0404673
140.972009
140.6744903
139.9430946
139.2590485
138.2826374
134.911904
134.363894
134.2140073
133.3640766
129.8706207
129.2400442
130.4586792
127.3024684
128.0203356
130.1964847
130.1558994
130.5427489
126.8500166
129.9634946
130.0679644
128.9008665
125.2602081
124.1864136
121.5687643
122.4431751
116.7849512
121.2289423
122.1167742
123.4688684
122.260863
120.3810516
120.3583968
122.69474
123.3299333
122.8800584
121.2907867
120.1079056
118.8776748
118.5476234
117.5479133
119.7657215
119.854408
117.2640304
112.8257298
109.5848052
103.5156812
107.4770499
108.0424536
109.9511472
109.8388396
111.460644
112.0992731
110.2790513
106.8407829
107.7875603
108.7880219
110.0584086
111.0977377
109.7086013
110.9276657
109.7891278
111.4844799
110.19423
109.9255935
109.7979321
110.5424267
112.4660446
112.1992334
111.0249418
111.3096836
109.2438021
107.1160763
108.1731213
107.408334
104.3875152
103.1859519
100.9880069
103.1106864
101.8401924
102.566327
103.9215349
102.948667
101.2844519
100.9158551
100.6562376
97.50142264
94.16375876
94.82472057
93.88706959
90.79764218
92.09884364
94.25598849
94.28057593
92.71256321
92.76732126
94.20520309
95.36650311
95.60808272
94.53836821
94.30999495
93.65010683
93.50150853
97.59955764
97.89052686
100.6963935
99.37060459
101.2383908
99.57621568
100.0910487
98.79403459
97.66805888
98.16152549
97.47962679
97.62156823
95.43189066
95.91279513
97.69994739
97.04478349
100.0079453
99.50288285
99.74575088
99.14051344
97.65968412
97.16568066
96.97091382
97.38127704
97.39856341
97.75148437
98.66905741
97.60331555
96.86891354
98.75312711
99.15941033
99.1402987
98.673889
100.3946874
102.4891289
104.3431719
106.035947
103.5134265
103.9805877
102.2199555
96.70775309
97.12262581
97.9888766
98.55771605
98.10268744
97.22580714
96.65009609
96.76637641
97.48853839
98.32053856
98.48373901
97.48928997
97.48928997
97.48928997
97.48928997
97.48671312
96.45285977
96.45285977
96.45285977
98.35199759
99.63848954
99.01660994
99.19333884
97.38771917
97.49283314
97.93798383
99.9862568
99.52038395
99.89316813
100.4011295
99.12344181
99.67198858
99.14674082
97.46470253
97.36581595
97.10050785
92.8447341
91.4592482
89.72943084
90.81686118
91.24128971
90.93786572
90.06066332
90.31544928
89.30382125
89.43695846
88.04417149
89.13009867
88.45571577
86.55163898
86.26421293
86.7729259
87.29860313
86.08565876
84.16085981
84.48801228
83.85883161
81.84115872
81.87669777
82.89090265
84.79122153
86.66094034
85.63481753
85.33536618
85.0078916
84.32416762
83.84218946
84.28057593
84.93584719
86.09231562
87.08622781
86.36073741
86.8374545
88.67936481
88.22573199
89.70269603
87.22688083
87.98855449
87.99811031
87.40801185
87.39952973
86.36406584
86.03787968
87.27358622
88.13360963
88.77696297
92.23820823
91.4609661
92.11312368
91.59410331
91.3679848
91.60934967
92.82508563
93.77970087
93.77970087
93.77970087
93.77970087
93.25155416
94.99350419
94.32856974
93.6766269
93.02103353
96.21782965
95.34127146
95.34127146
94.93810194
95.51542352
96.99872231
97.80860453
95.83506018
96.5141673
96.31521307
96.39992699
97.44752354
98.42640411
99.67510227
98.16786025
97.92144905
96.09714721
97.65034304
97.99263451
97.19735443
96.01146698
98.9234139
98.9234139
98.98010458
101.5038062
102.4858005
104.7506362
103.8476653
106.0647219
106.0647219
105.2504375
106.7032436
105.2305743
104.0797964
104.5470651
105.6857103
105.3450294
108.3882882
107.2068029
107.2183987
106.3903712
106.3137099
106.6260455
107.7799371
106.7323405
105.9554205
107.4288414
107.7048864
107.6002019
109.5582851
108.1875087
107.1734112
105.8914288
107.9690134
109.8804986
110.8409118
112.080591
111.0635945
110.0706486
109.9429872
109.5677336
110.5889174
112.3703791
112.2900673
113.0364946
113.5871888
112.9342796
113.8719306
115.0984034
114.3233087
115.1775342
114.3855825
114.2325821
116.3053352
115.7439041
116.2967457
116.7414669
117.0273898
118.0389104
118.562655
118.4162041
117.4519257
118.9774204
119.5903884
118.4774043
117.5573617
118.2452731
118.8630727
119.8733049
121.5873391
121.0318134
121.5778906
122.3441812
121.2660919
122.0685657
122.0301277
120.3699926
119.6698412
118.4712842
119.3179939
120.0158906
120.1589057
119.1386882
118.6067836
115.6909714
115.4910508
116.074385
114.1316555
111.9045063
113.1017748
111.7909102
113.812341
114.5516819
115.551392
116.2205139
115.5556868
116.6970162
117.7945392
118.3888251
119.9870084
120.2968745
121.6181539
121.3394247
121.7578406
120.8152507
120.8882614
120.2082953
119.2223284
119.804911
121.465583
121.9683907
122.4513351
125.7756853
126.2564824
127.772636
127.944426
126.8846967
128.6016299
130.2807692
129.7136476
128.6116151
129.2522843
129.3391456
129.1300987
127.0213771
126.0884503
124.6362885
125.026359
126.2598108
127.7112211
127.7469749
127.1623522
127.6702063
127.215285
127.9611755
128.7529124
129.2037536
128.3921535
129.0358289
129.1874336
131.4394924
130.4514854
130.4259317
129.7429593
130.8806382
130.2402912
129.946423
131.4805072
131.665933
132.1243974
132.7074095
132.7074095
132.7074095
132.7074095
133.6688964
133.2358783
133.2358783
133.2358783
135.3739115
137.4415109
138.9919151
137.9460365
138.0349378
138.0845421
139.1196839
139.5900662
140.8008632
139.8919871
141.5333326
142.6439546
143.7554355
143.8420821
146.0351955
144.1674093
143.681029
143.8619453
141.4372376
141.3331973
141.5224884
141.1894306
140.8637813
142.5873713
142.1453343
141.8096997
143.7226881
144.1659061
145.8029569
147.2894768
145.438977
145.8447234
146.4598387
148.2677132
153.1131559
154.0641206
155.7377841
154.1252134
153.9184213
154.4340058
156.6702814
159.7392014
160.1622341
159.137185
159.723955
160.5364141
161.4219913
157.8910637
155.9949322
152.7051548
152.6478199
149.5053523
151.0901146
152.5192995
153.162975
152.5567712
149.0381911
150.9331415
150.8414486
150.7042314
151.2352771
152.6476051
149.5785778
151.0978451
150.7074525
154.7898257
156.2933099
155.0111127
156.0435702
156.0435702
156.0435702
156.0435702
157.7946466
155.1014098
155.880155
155.5141351
155.3805684
156.4440555
154.9895316
153.4074535
154.0675564
153.9745751
153.5131044
151.0172112
147.6151261
144.894725
144.9320893
146.5797696
148.841921
147.446772
144.4356164
139.7860142
142.1512396
141.1466979
143.3373418
143.8228631
143.8228631
143.2021646
144.3777446
144.3777446
144.0309437
145.5132761
146.2258823
147.235363
147.587425
147.9339038
147.9339038
148.9866541
149.6155126
149.0635301
149.5222092
150.7240946
151.5836885
150.9774848
150.9950932
151.972578
150.8835372
151.2753256
152.3562064
154.0213878
156.721711
155.7725716
155.030439
156.7515595
157.5823786
158.7427123
157.9397017
158.4895369
158.4550716
159.7757068
157.8116109
158.4518505
158.9892309
156.7684164
157.1977839
157.7659791
156.3992828
156.9064926
155.8774708
156.4730451
156.1497579
154.1859841
154.2941044
155.6955882
154.4007215
155.1535909
154.5786315
154.7531056
155.3355809
157.3458454
156.8723493
158.2051172
159.2134168
158.3167807
156.3003962
152.8043635
151.6233076
153.2455415
151.5053094
152.9271933
154.5497493
154.9939337
156.3129583
155.7187799
156.7456543
157.1728744
158.5819814
158.2626668
158.4237199
158.9563761
159.1409429
159.6118621
158.366385
159.2002104
161.7292805
162.5150048
162.4226677
161.5173347
160.7477157
161.5015515
162.0602983
161.5999012
162.2318735
163.1699539
165.092176
166.7555322
166.0317597
167.6971558
167.4811299
168.3780882
169.8061995
171.2240033
172.0479509
171.9459506
172.1374964
175.9171972
178.5369939
178.5300149
178.0036935
179.6016621
178.9145023
177.6463704
175.0985108
173.7620924
171.6644298
170.175011
171.9550769
172.4634678
170.4650139
173.4850811
174.8212848
171.7705101
169.2946949
169.2672085
167.9200533
167.432814
168.9919151
169.2883602
170.6430312
169.9872231
172.1218205
172.748317
172.7385464
171.101603
171.2913235
172.0913278
172.7446665
171.9090158
173.8765475
175.2998271
177.0911668
176.7715301
178.887338
179.0162878
180.3139461
180.5780732
182.3887392
182.0752225
182.1707807
178.3559702
176.2839688
177.322439
178.746685
175.5553647
176.602317
177.6140524
177.2866852
178.4154525
178.4153451
179.160484
177.8868763
181.2666287
183.2829058
182.7066579
182.6531883
182.6531883
183.2644384
181.7325016
181.5529811
181.4855535
181.4855535
182.138248
180.8486423
178.3965556
179.0471027
180.6045932
182.1094731
181.0049712
180.4260391
181.8993526
183.1654445
184.6324232
185.4081622
184.4085594
182.0673846
183.6635279
183.1981919
185.1949279
184.590442
185.0339822
184.1416408
184.5335366
186.8181281
188.7372365
188.8910959
190.8231959
193.4840074
191.6112823
192.1879597
192.9643428
194.4328248
194.2337632
195.6557544
194.5367577
196.3765206
194.6910465
195.8501992
195.1361972
195.127393
198.1485339
199.6364495
200.8557287
200.7243094
198.8935654
200.7308588
203.2712026
202.7385464
201.7976744
201.4546313
198.7849083
199.5035271
199.0388353
200.1738299
198.2455952
202.3056358
201.5378421
201.4826546
201.0217207
197.8195561
197.8195561
197.8195561
197.8195561
197.5019595
195.550211
197.7556718
199.4774365
202.3202379
202.1560712
202.7224411
204.4341132
203.854
202.7829971
203.2409247
203.236952
202.331619
196.9202358
191.1974833
193.2417836
193.7240839
193.7788419
194.9542072
196.5558264
193.7541471
188.6872027
186.0509787
186.4397608
187.2745525
188.5083264
186.6890709
186.6890709
191.2440813
192.6852916
191.6806425
192.154568
190.1539667
186.3413037
186.3413037
186.3413037
189.1043302
190.2643418
191.5714485
190.1417267
191.4633282
191.3247152
194.0911775
194.4197258
195.1964311
193.254131
196.1356926
197.3450938
196.8897431
197.4534288
198.2780206
200.1560067
199.8653596
202.9079743
202.2601114
204.7394698
204.1004112
205.0624349
206.7820522
206.5473442
206.4791651
206.0929598
209.0200457
211.2526708
209.2747243
212.2302629
212.7719381
213.5147149
215.4941645
219.358794
218.7208091
223.5481066
218.26825
225.2091006
224.4051236
222.4590657
223.4962475
223.2492994
220.4386012
220.4077864
221.0804514
219.0139257
219.4677733
221.8478156
223.9739309
223.6684669
223.423022
223.4931338
225.2551618
224.7893963
227.5337406
229.5523798
227.364098
225.9817258
229.6731696
231.8523251
231.3874185
232.6790642
232.4042003
232.6792789
229.9550125
228.7379881
228.5293707
232.6238767
235.5790932
236.0057764
234.287877
234.0140868
234.0362047
235.2934924
235.6357838
237.6680589
240.381481
239.0644964
238.1205106
240.4731739
238.5541729
236.7717448
237.8101077
239.8836123
237.6508799
239.1189323
241.3654079
241.2401087
244.0897817
245.56127
246.0704124
246.6379634
243.4232367
241.260294
241.6181539
244.4566606
246.7622964
245.9794711
246.8598946
245.0834792
241.0187144
231.1549653
231.0167817
230.7478231
232.2283303
231.4431429
221.6045181
219.1640272
222.1322353
215.5416215
208.7905988
215.0924981
212.8334604
218.2982059
219.690456
223.0460504
220.3637652
218.6137625
226.384788
223.6759827
225.0425717
233.3589229
232.6742326
232.3538443
230.1713605
231.2779024
229.5994073
227.6267219
230.1444109
229.0263805
225.687965
230.6063111
231.0225796
232.1272963
235.5874679
234.4570901
232.9967682
235.5888637
233.573875
234.0532764
233.9731793
238.4681705
241.8943062
242.1473743
242.816174
246.3165015
244.3705509
245.8481592
244.6937307
246.5337084
246.956419
242.6998937
240.3198514
237.2513609
240.5586394
241.1553947
241.9404748
241.7210131
241.7210131
241.7254152
243.1728529
243.6067299
243.4826116
243.3301481
245.9912817
247.7870234
247.0124655
248.7547376
249.346554
247.9500091
248.2945553
251.432406
248.5828403
251.6263139
250.7230209
247.9144701
253.2299731
256.1485768
253.0797642
255.5163898
255.6801271
257.1575206
263.5925572
267.3274853
264.6168547
267.6506651
266.6533172
262.3158358
267.2424493
262.5453901
260.5157993
263.0898569
262.8776963
259.3289455
256.0241365
260.56637
261.9701085
265.0477254
269.4228932
270.5203088
268.6629374
270.4128327
274.5763767
273.7588713
270.0360759
273.1293686
273.6277741
276.568818
274.662057
272.6812115
269.7679762
270.8053727
269.98572
271.8477082
272.2848063
273.3826514
276.4064765
279.8045889
279.7690499
276.2018317
280.0347875
284.5084123
287.0684046
287.3811697
286.4719714
290.9341078
293.7818482
291.0264449
293.2578889
287.3769823
290.809238
294.0910701
292.9530691
297.0809667
296.2526171
292.3754254
292.3754254
292.3754254
292.3754254
297.3808476
299.3873541
306.5099799
306.244135
310.175011
307.1886576
307.3614138
299.5594662
296.8452924
296.8452924
301.815605
304.2952854
307.9831861
309.3309855
305.8265781
309.2942654
308.7067438
306.990777
297.6747157
283.276249
283.4277462
283.4277462
267.9042701
267.2914094
255.4282401
273.8557179
265.1277151
265.1277151
275.6985945
281.930919
273.8804127
272.3586759
273.9160591
279.6244242
279.6244242
271.1183525
269.2122357
252.8285214
258.5942214
251.3749638
241.5443916
242.4802173
256.6942246
252.3113263
252.716858
249.7834373
250.4261464
254.4686859
261.7664301
260.6363744
267.6879221
263.9504171
267.4957321
268.3975219
272.8283067
274.8480196
269.4502722
274.4020099
277.5785134
274.7405435
274.2044515
279.4588617
276.5559337
273.1213159
268.0255967
263.4747737
264.5014334
267.1570912
261.7071626
262.7885803
272.0362477
272.4300761
277.1358322
274.0648722
273.9012423
274.7331351
278.786304
274.5823894
274.130045
275.317543
275.5841395
274.2134705
270.19423
269.7093529
267.719059
270.7003661
271.3895659
268.4344568
270.1356067
275.6968766
275.8730687
278.7929609
276.8872736
276.7289047
275.2821113
271.4067449
275.0242116
274.3721614
278.139837
282.0589025
283.4002598
276.9971118
274.4864018
273.5934162
263.4569505
264.6353222
267.8782868
267.2241966
264.4219805
266.9781075
268.4523873
266.7085047
260.75856
259.8583807
250.2339564
257.8935332
263.1110085
264.2223821
263.5772035
262.6339693
256.6338834
258.9239507
263.7291302
263.1380654
265.9479047
268.585954
267.6839495
271.1738622
276.3420553
280.6184438
279.4212826
282.6079861
284.8732512
285.889174
282.0980921
283.8497053
283.3467902
289.4032447
289.454889
285.4744087
287.1405564
289.4778659
286.8173766
291.1014956
297.6291914
294.6827791
295.1931026
297.9139332
295.0311906
295.3770252
298.0596326
300.1684615
302.3168021
292.4810763
295.3182946
299.0751259
298.2460247
295.5889711
295.7547484
292.0104792
288.0482515
294.585181
295.2799639
294.1539882
295.6639144
297.6519536
296.1514758
296.1787474
297.5417933
298.2786648
300.5484394
299.1166776
304.7204656
307.1933818
316.4856072
312.0026413
316.5705359
313.0320925
313.4724116
313.4724116
313.4724116
314.5746588
317.5164543
316.9296842
316.9296842
321.0546829
316.4633819
308.0938832
307.4456983
311.764068
306.7392121
303.0034251
309.5805104
310.8524002
320.1429078
318.8502958
316.1699432
318.4892148
323.187455
326.5717169
326.3743732
331.456564
328.3701429
330.2508133
332.5698702
330.649366
332.0740415
334.5940926
336.901661
337.8103224
338.5752172
338.9414518
335.2104964
339.1521093
334.8271901
338.0890516
341.6817162
335.148652
333.612313
335.8845572
331.602156
331.0153859
331.1418663
332.7803129
336.0934967
323.9437603
318.2807048
314.5099155
316.9629685
311.9166389
314.894725
315.4852529
322.6615631
320.8230886
320.2471628
319.2203958
313.3829735
316.049905
317.3403696
323.2785037
325.6871061
328.7351965
329.714614
332.9785155
331.1686011
327.8327625
331.0498513
333.2798995
332.222425
333.2401731
335.0614686
334.9579651
334.539764
334.539764
334.539764
337.1602049
336.0710566
332.9441575
335.5603036
338.8905591
338.7962893
334.3792478
333.5067696
337.8890237
341.4887746
339.2982381
340.4319443
342.4617499
339.1736904
340.9054404
340.9054404
346.0991872
347.4191782
350.4479423
352.3635075
343.8738632
342.1291216
340.3127651
335.7433673
336.6542835
340.7036946
338.6721711
338.6721711
344.4456016
348.2907974
349.6576012
353.066021
351.4141533
346.8363808
346.8363808
344.4153237
343.1769329
349.9666083
353.4572726
352.0657741
350.807198
344.2355884
341.4190923
340.2317017
343.6489258
339.5653714
340.9305647
350.0660318
357.813973
359.0099531
359.0149994
360.0969539
359.3134844
357.4242245
356.0117891
353.9182065
348.7140449
357.9806092
361.6880509
363.1737118
363.8581874
367.8766763
368.1332875
366.6294813
369.0516121
366.604357
366.2480003
371.4295071
372.7878287
373.2385625
370.8281349
370.4579276
375.94565
373.0987685
372.7151401
364.2970033
361.309791
352.1176332
346.8890989
347.8199856
353.9237897
345.9966501
348.7320828
342.3805791
332.3662991
336.6965867
347.5912902
335.2635365
325.8562118
332.1833428
331.5588864
325.5323878
312.5077037
321.2465508
326.5504579
321.762028
328.8340831
331.6198718
333.0003114
331.0540387
323.9840235
325.6092638
331.396867
337.625863
338.6670174
342.8624499
343.2655121
345.4556191
340.2742197
336.3905859
341.3298689
341.2203528
348.6130109
347.4145613
344.0784006
345.4277033
356.4091607
354.8960134
357.9420638
358.9781719
353.5562666
355.6275165
356.5004241
357.2459925
359.0438816
355.3095977
348.982252
347.9483986
350.0812781
349.4536006
350.0246948
351.3245005
360.5438225
362.2738546
365.0785402
361.4277892
361.8002512
356.0233849
356.5668853
347.8678721
355.242707
355.2256354
361.8902262
365.1804331
370.4387086
364.8784049
369.2064378
364.0705627
362.10797
360.6865156
369.79557
370.9925164
370.3501294
365.7359589
356.2854719
351.6588466
355.6611229
349.1008944
344.513566
335.2963913
343.1617939
337.9404533
337.3829949
344.6741896
350.0794528
341.0696071
352.239604
353.9432234
357.2535083
352.775696
347.8902048
355.7659147
360.5691616
351.424246
352.3772507
352.8192877
353.9440824
347.4234729
346.35859
339.5827652
341.4126502
339.7803236
338.896357
347.1348658
347.1348658
347.1348658
347.1348658
353.0647326
354.9543146
354.9543146
354.9543146
355.1731321
351.4375597
343.5885846
338.1481044
346.0518376
336.9426758
325.477415
316.8321934
319.5967231
309.0101678
298.2504268
296.3714743
290.9766258
271.6844004
280.4288306
274.0833396
283.7770167
293.6259489
285.5345351
293.3021248
291.8739062
280.7731621
288.8012283
293.3342281
289.9914105
289.7869805
284.4927365
280.9083393
279.3524593
291.1347799
291.563718
300.8387644
298.5163791
303.9287286
307.1181163
304.4168268
309.0104899
305.668746
305.2375533
307.6129787
312.0672772
311.5440695
307.3929802
302.2566756
303.0011703
305.8792961
303.532216
297.0385561
289.7446772
298.1082706
299.3644846
293.6167152
293.1867035
283.0746105
288.1148201
285.1462899
285.1462899
285.1462899
285.1462899
287.7113285
288.5259349
294.1820114
297.2066955
297.2713315
303.1046738
305.5751205
304.7648088
309.0448479
315.4058001
312.0911131
312.540988
313.5482139
312.827233
308.7759967
315.9511258
320.7470715
316.9649012
321.5511558
324.7417246
333.198514
333.6095215
327.244704
330.4029548
338.9046244
331.613537
336.5432642
336.5432642
346.1244189
345.4438086
344.8687417
353.6523616
357.5934376
349.8780291
349.8780291
348.6165541
354.9827673
363.4091714
368.1346833
372.2239282
366.3042615
366.5705359
375.4866487
369.8825386
359.1078733
350.6246712
351.3512353
348.779003
353.8777285
353.5384434
355.7275841
346.690252
343.6253047
349.4626196
346.6671677
342.1553196
339.0887617
344.2623232
345.9241762
351.4114691
354.0381374
349.9915179
348.8951759
340.1419414
336.8427156
334.0566048
334.5175387
329.9457788
327.5790502
330.2413649
324.3107465
326.9204505
315.0861634
315.0771444
317.9539818
308.7554892
313.6028646
308.3736861
308.1885824
300.4495528
289.2608738
282.2518441
289.8334711
288.5481602
295.0536307
291.0350344
287.6342377
283.7853914
279.8507575
285.6184975
288.2132772
293.329826
298.9510077
288.6573542
284.6888991
277.7900297
283.3621439
286.305013
282.5648239
283.4135736
280.5674437
275.8988372
280.5699131
279.0217636
285.0802581
280.083855
285.7938306
292.7929824
295.1235277
290.9635268
288.4688148
293.8741853
297.1968176
298.7433566
292.4111792
282.2618293
274.4880123
264.4893007
255.9505889
262.780635
246.9927097
248.3628418
249.8990734
259.1469556
247.6891031
234.2905612
227.9866219
234.5573725
256.5896475
256.6103697
252.3005895
248.2144583
246.4527524
233.3463607
213.0681684
226.7568206
218.6561732
204.1520556
218.3959114
197.8427478
192.3907792
180.1003897
186.1417052
170.7511515
181.72563
191.8321398
173.1635118
159.295017
162.9408291
177.5651997
182.3469727
171.8277376
173.0755768
156.0640776
149.1311724
150.8198675
154.61052
164.8159163
172.0657741
178.9697972
192.9457681
191.91374
171.6119265
177.2969926
177.5728228
167.2427714
152.3816528
152.521769
154.6123453
149.1085176
148.289509
137.0058086
131.5926001
130.3909295
145.7929716
146.551639
149.1990294
157.2721904
152.0096202
139.2171747
143.0798716
145.7710684
143.1846635
131.7129605
146.6613698
148.5834845
150.8142843
154.5690757
144.6011789
150.3820179
152.0745783
156.2797814
155.9283636
154.014731
149.6408516
151.1533547
151.1533547
151.1533547
151.1533547
156.3149983
159.2096589
159.2096589
159.2096589
168.6138699
172.0284098
177.9777103
167.0789267
168.6054951
167.2348261
161.5996865
161.2376392
154.2553443
158.4945832
164.7088697
159.8938123
158.1482118
159.4341669
156.5815949
159.5321945
164.0115099
163.4370873
166.4303123
161.9161021
161.0319207
154.3321129
158.4654863
161.2599719
159.6796118
165.0416054
170.4681276
167.9198385
168.6046362
163.052922
165.8561044
162.3479391
157.567347
155.7020303
157.3389738
148.2579426
146.889421
146.5449821
148.0242009
154.8567164
151.436486
144.8824849
138.9571277
149.5078218
142.1686333
142.2830884
146.1213052
152.221244
149.3381792
147.3321022
148.3985956
150.790878
151.1424031
147.641002
155.2523702
156.9878781
163.6788816
160.2521017
163.5139633
167.2637083
162.5170448
155.1907405
158.4690295
159.7529446
168.0149672
161.4844799
160.5899911
155.3738042
152.2927515
152.2927515
152.2927515
152.2927515
159.3985205
160.7196925
164.6401538
169.7293235
161.8396556
164.1348766
165.3471767
163.4398789
167.0762425
165.5503183
165.9233173
171.5084231
173.0957622
173.0957622
182.8987406
181.6306087
183.8110525
188.5328065
194.977721
189.9201177
191.8259124
186.7758249
186.6687783
187.5999871
191.9209337
194.7379667
193.9813393
193.9813393
188.6534889
189.8109237
188.3631639
190.7226988
191.8692893
196.1958191
196.1958191
204.7382888
195.7771884
197.9714829
199.8833976
193.9830572
196.3211184
200.2746492
203.656549
200.6915619
193.2160151
196.3313184
187.3974897
189.4162363
190.0054758
177.8224551
177.5432964
182.5676154
180.2090469
182.7536854
185.090995
183.9919688
186.8555998
182.9401849
181.889582
174.370873
174.094828
171.6179392
173.3846914
169.899825
172.5301438
176.7627259
182.4744194
181.7102763
183.6397994
186.7570353
191.6072023
192.2208145
195.0032747
194.0607922
196.655894
190.2611207
188.8045567
193.7492082
194.828049
200.3545315
198.3348186
197.672461
197.2914094
198.1440244
195.6441586
192.8514983
196.3336805
196.6115507
195.0004832
189.7768878
192.4042003
192.87061
195.3740189
200.4115443
203.6382963
204.1744956
199.6318327
196.0254249
199.7388793
195.1031277
193.2180551
191.0445902
192.6667168
194.5666062
198.2728669
199.5266113
202.877911
202.5472154
203.0530294
201.3710985
206.5643085
209.6711296
211.3052815
211.1830959
208.5147686
212.0520309
208.5841288
205.5621289
206.8140481
208.8806811
209.1264481
209.8543007
205.548171
200.6234901
207.8520889
213.5271697
211.2666287
216.8059955
217.7913182
218.1352202
216.2222318
221.3469405
220.5769995
220.5495131
225.0305464
225.4264149
225.3191535
221.7552638
219.3537477
217.196066
218.085079
210.6650418
218.0351525
213.3086743
214.5537219
211.0183923
216.9986149
217.7064969
215.9637953
222.5011542
220.7060567
222.7289906
222.1029237
222.2083597
229.5989778
228.9906267
230.7746653
225.0588917
226.4400829
232.9385744
231.6165434
232.3022
224.4297111
228.8789632
224.5424482
230.9235857
230.8562655
229.9658567
234.2097126
233.5928793
232.5902702
230.6737387
234.6974886
234.8925776
236.7943996
237.9103901
240.2763671
236.8498019
234.2970033
239.1075512
239.2878233
240.0472422
240.0472422
240.0472422
240.5577805
242.602725
239.719875
239.719875
239.719875
245.0775739
244.5608083
243.2951459
242.8228309
244.0765754
245.4682887
240.1781247
239.7267466
241.9669949
239.3136992
239.8005089
238.5727477
232.4782847
229.0575174
225.3875474
225.0427864
223.1470844
222.7060137
223.0382125
226.5428347
226.5032157
229.2863202
228.8829359
221.2902498
217.8155835
216.8756778
219.3884278
213.3450723
214.6194316
211.3979407
209.4956891
214.889786
215.3262398
217.418534
219.8694396
220.9693248
216.0047027
216.7826965
211.6996468
215.6486681
221.3982628
221.1993085
223.0324146
223.0826632
226.9091768
225.7089019
225.1517657
228.4769748
225.245928
226.3276678
222.6464241
225.8334496
226.7516669
225.349861
225.0016642
225.2276754
228.5306591
227.7438612
229.1874336
227.1035142
227.4298077
226.9363411
230.0875055
230.0875055
230.0875055
230.0875055
234.471048
233.7853914
232.4669036
235.2081343
235.7766516
232.2852357
235.2244543
236.9807917
234.6443411
231.623415
236.2023686
236.0297197
235.9422142
236.1098167
236.8872736
233.954175
229.4387837
232.8672815
231.2389276
232.1781891
226.9327979
222.7424117
217.7845539
212.7257696
224.5586609
223.5176138
226.9460043
226.9460043
219.3380719
219.3380719
221.5403116
214.0406068
204.1265018
206.9825096
206.9825096
200.9729753
209.3120886
213.3387376
211.0149565
207.286041
208.4719284
210.0260906
214.3387698
210.5155846
208.6519858
206.4328892
211.4569935
214.6431601
215.1352309
220.6863008
220.3198514
218.8288221
218.8528726
219.1678925
222.8569741
219.2011768
216.3275605
212.6457799
207.3077295
209.9269893
200.2684218
201.0904367
196.1111051
200.8753771
199.0183278
206.5957675
211.3249299
212.6272051
215.4440233
217.1583796
221.3726017
219.9162524
217.2265587
216.1192652
216.641614
215.546131
219.0914459
225.2064164
224.9825526
228.1076264
226.7571427
225.9869869
223.1433265
221.2537445
228.2144583
227.9054511
229.831968
230.7724105
230.7501852
229.4699207
226.2410213
220.9960596
220.0199706
219.9144271
220.2284806
225.8477297
225.2676165
220.6732018
218.355326
219.4832344
213.7856062
211.9971655
214.2285021
216.0487239
217.1669691
217.6255409
225.0796139
223.4739148
226.9748865
227.4498857
225.5842469
226.7190268
228.5554613
229.1123828
231.5873391
230.627248
229.7002265
230.1782321
230.6721282
232.2131913
234.144325
231.2954035
232.280082
233.3537692
233.8573285
233.1694171
233.9311981
233.83564
234.8567164
232.8876816
234.9710641
236.55078
235.7651631
237.4088708
237.8395267
236.2870825
239.7209487
240.4675908
239.9397662
240.5801132
237.8521962
239.7998647
242.3280758
241.0991335
243.4977506
244.1693419
241.3258963
242.8845679
244.0547795
246.2864383
248.1263086
241.4117912
246.0975767
245.9834437
245.2196227
246.9719875
245.6045395
247.4509593
246.212676
247.0197666
239.4253626
240.7036946
244.5203303
244.0234279
243.4903422
238.3412607
240.3867421
240.4999087
238.8485779
236.1534084
235.5696447
243.3634324
248.0290325
248.0898032
250.8275981
250.0782718
252.0292687
251.1300557
249.602521
251.3832312
249.5529167
249.5456156
250.0900824
252.7963108
254.4487153
257.9920977
259.8173658
259.4799059
259.4799059
258.8425653
260.5676584
260.2586512
259.0549406
259.0549406
261.6357624
258.5763982
260.4598602
260.0182527
259.2338169
258.3273028
260.6773892
263.764025
262.054393
260.4885277
258.1984603
260.8789203
256.2375855
249.5808325
253.0069682
251.9507822
247.8051687
250.413799
253.109398
251.7860786
252.6780979
260.6177996
262.3043474
260.00816
258.2066204
259.2774085
257.9348701
255.6329923
254.9658031
258.6184867
261.2397866
259.424289
261.0081922
258.6643332
258.8277484
256.92088
256.6121949
256.7030289
259.3762951
261.9558285
263.7299892
262.9326691
261.0553271
263.1389244
264.9218893
263.8345663
263.9361371
261.6064507
256.4757293
255.0621128
252.7329633
248.6088236
248.7479734
255.3151809
257.11103
260.4970098
258.7660114
259.0204752
261.3422163
263.0460504
262.7000011
262.7156769
263.1419307
262.7379022
266.950299
269.5624725
269.5228534
269.8792102
267.0302887
269.1129197
268.3096943
262.2522735
263.7326734
259.6696265
258.4354231
252.3804718
255.5377562
261.6750593
261.6750593
261.6750593
261.6750593
262.6392304
262.031094
262.7138516
263.3026617
262.9283743
258.7443229
252.4596025
251.7695438
253.4477168
253.355165
255.3952779
254.7443014
251.9724707
253.1472991
254.094828
254.094828
254.2853001
256.4246218
250.4197043
246.0819009
247.5151658
249.4314827
248.0554452
250.9674995
251.7476406
254.8862428
252.3296864
252.3296864
249.7388793
248.0488957
247.1268132
244.0522027
246.4445924
243.6392626
243.6392626
245.1786079
239.5797588
236.5785885
236.8984399
235.7857779
242.4026971
239.717835
233.8127704
232.3840149
232.9802334
235.3062693
241.6967478
243.791082
246.3904785
246.656753
246.9795033
245.2930629
248.2674984
243.2020572
240.7922737
239.7954626
244.3483256
241.2245402
242.335699
238.680009
240.7188335
245.413638
247.1500048
247.4211108
247.4541804
248.0555526
244.3065592
245.8848793
243.5113865
239.3016739
234.5611304
230.6339049
220.6196249
214.5199008
203.6142457
205.5127393
202.7032221
210.0584086
215.1317951
217.7555644
218.4026756
221.1607632
208.6519858
208.1373675
207.7654423
208.3639155
215.5671752
212.5807144
214.0218173
219.43159
219.7098897
224.1334808
225.8150896
219.8890881
210.2781923
208.6126888
216.6379634
218.5800487
213.1057474
209.4366364
209.130206
213.8937264
218.4417578
219.0841449
214.5299935
219.5289734
217.3381148
206.9435348
204.7740425
203.915737
210.5213825
208.4038567
209.0427005
208.6821564
201.2388202
195.5067266
202.8543973
207.7713476
207.8802195
216.7504858
213.9633014
219.3215371
216.3874722
222.3637223
219.9988189
222.0109087
221.3134415
219.9131387
227.2005755
231.3214941
228.7334786
230.0546507
236.7544585
233.7941956
230.37622
221.0809882
225.5956279
231.5476127
230.0332843
233.0324146
233.679848
229.99388
228.1850392
233.8280168
232.9835618
232.4174066
233.2033456
228.4853495
226.7466206
219.8632123
217.5532817
211.3422163
210.3202809
213.6782374
221.5441769
221.3213868
229.5581777
228.0345083
227.7227096
228.9561614
231.0456639
228.2624521
223.985312
227.1129626
221.1198557
222.6177566
215.9856985
219.9983895
220.4922856
218.796182
225.4647455
223.9891772
227.7982971
229.8970334
229.8970334
230.58065
228.5889603
230.7854021
231.825805
234.2644706
237.0386635
234.9197419
236.6181002
235.6382533
233.3259607
237.5323448
235.6939777
237.8604636
234.9268282
235.8832687
236.9142231
235.8389255
235.9356647
234.1697714
235.5030761
233.4726263
233.5303907
236.9955013
236.2966383
233.928836
235.4382254
239.2605517
239.0540816
241.969357
242.2831957
241.3450079
243.2614321
246.9687664
246.9092842
246.1458926
245.6218259
249.103686
249.7927784
249.2470232
252.5377669
252.1886039
253.5592729
252.7555107
255.5000698
256.8071765
258.5124065
257.946466
256.5553969
256.8981178
253.6173594
246.4623082
249.4894618
253.0367094
254.5728336
252.3748886
255.1912774
257.6458336
257.1070573
258.4232904
259.8431343
255.272126
254.5112039
252.5836134
255.611948
258.9615298
255.5096256
253.9330234
250.3614031
254.2801465
257.1208005
254.2276431
251.1363905
251.1363905
251.1363905
251.1363905
244.100626
245.8631908
249.5654788
247.158487
247.260702
252.7001084
251.0879672
250.7478231
249.4658406
242.5789965
246.8140481
248.7493692
248.9537992
246.238015
247.4189635
247.4189635
246.5317758
248.417063
243.0036398
242.6138914
236.2676487
236.7663764
240.2754008
240.0138506
235.8488034
237.7011284
233.4826116
233.4826116
224.7455898
228.5526697
231.1258683
222.7901908
224.7633057
225.0057442
225.0057442
225.9498373
221.9869654
219.2788043
215.6775503
213.0297304
214.590442
220.4252875
221.9589422
221.1503484
220.0438064
221.5420295
218.1659276
218.355326
223.4581316
222.3238885
225.6186049
227.1546217
222.3687686
218.9075233
217.5789428
217.6464778
223.0845958
223.4205525
230.7415957
232.6525441
238.0385883
235.7751484
234.0052825
230.8893351
230.1497794
235.6613376
235.0904581
232.6302114
237.4625552
237.5133406
238.6320152
241.8575861
243.3353018
242.70086
236.976497
235.8207801
236.7938628
240.6692292
243.6139236
244.02171
242.1587554
242.2568904
239.3048949
244.2697317
244.8702449
247.8451099
245.3045514
248.4454084
246.725791
246.2534761
248.4445494
250.0787013
250.6770671
252.547108
250.1338888
252.455093
250.3250051
247.8752805
247.508509
249.6776791
248.435101
249.6592117
246.320152
249.2002104
251.4358418
247.2368661
247.883011
252.1714249
252.828092
253.2403878
252.9607997
253.6621321
254.5174313
261.9593717
261.1566832
258.8810033
257.1986429
255.6891461
259.2711812
257.1682575
258.4935096
252.6711189
253.2155856
251.7479627
255.2027658
254.179542
253.1850929
250.9524679
254.6724717
252.0787657
252.8868226
251.7786701
253.6722248
252.3515896
252.457992
254.815809
254.7052192
254.1231734
252.9296628
251.3009867
244.5640293
248.0997885
250.2405059
248.2706121
248.6733522
249.2172821
248.231852
249.7373761
248.4134125
247.4241172
248.2346436
246.2467118
244.8236469
244.1275755
244.2963591
242.5606365
243.0321999
242.4340488
241.5884128
247.6398209
247.8046319
246.9466485
249.6142242
249.2809517
247.5670249
247.4866058
242.951566
247.2482472
247.7942171
247.8322256
243.4288199
243.4440663
245.9972943
245.7022451
246.14192
248.2091972
249.0891912
248.0529757
247.5037847
246.2152528
247.0358719
249.156404
247.2877589
248.1471381
248.1471381
248.1471381
248.1471381
247.9062027
245.840536
245.840536
245.840536
251.0785187
251.6748446
252.6327883
250.9710427
251.5574906
252.7639928
253.2989038
252.7878287
253.7777682
253.4799274
254.837068
257.5895724
258.5143391
258.4379999
256.7663764
258.5816593
258.9561614
260.1200382
257.8613226
258.7307944
258.8609253
257.8679794
260.0736549
258.7778219
258.1307107
255.7902874
259.2483116
260.9463479
258.84686
259.8681512
260.5665847
259.2964128
259.3111223
258.7559187
260.9513942
261.2638371
257.9378765
258.5208886
260.4161611
258.4421873
258.6435037
258.567594
258.1785971
258.9807488
262.7954519
261.7765228
260.7257051
262.8157445
263.1242149
263.5075212
262.1698144
264.4888712
264.0965459
263.8584021
262.7651739
261.7937018
261.2140181
261.7985333
259.3048949
259.8300353
258.8138978
258.8138978
258.8138978
258.8138978
260.6722355
260.8147138
257.9745966
253.4920601
255.3014377
256.0342291
258.7901693
258.963033
256.7169868
252.9485596
252.8881111
249.9951684
252.4615352
254.5704715
254.0008804
257.6604357
259.5979042
263.1654445
263.2783963
261.639735
263.2896701
263.2896701
259.085648
262.9657386
264.3901994
265.0433233
266.0224186
266.0224186
265.3668252
265.8439718
263.9867078
260.3652684
258.2732963
258.2732963
258.2732963
261.2718898
261.5988275
257.4218624
258.3839935
261.0336386
263.8220041
261.522381
261.034927
261.0718619
258.9783867
257.9409902
255.0631865
253.4782095
253.9223939
252.7201864
248.3743303
250.2907545
249.6978644
250.0674276
252.1197805
254.084628
251.5655432
249.0421637
249.3290529
242.228545
246.8176987
249.2395074
248.4541052
247.8408151
250.6504397
251.6067728
247.9562365
252.4636825
252.5789965
255.2420628
255.9779679
257.763617
261.029666
259.6498706
260.724202
260.0526107
261.3954712
258.954014
260.9370068
261.2920751
261.445505
261.5527664
259.9981747
258.529156
258.8953907
257.8461836
259.753052
260.8965288
261.5017662
261.1197483
259.1890441
259.3455877
262.1986965
262.0417235
262.1906439
262.4099982
264.2394537
262.8481699
263.6279889
263.7253723
261.0252639
261.0706808
263.5010791
262.5213395
263.2948238
262.3088568
265.9911743
266.9306505
264.4654649
267.4574015
267.5733597
267.9196238
266.5522832
266.2512213
266.2112802
265.7844895
267.2918389
266.0523745
266.3180047
265.8319465
265.8098285
266.0547366
268.2890795
269.344514
267.7562086
268.9123549
270.3182409
269.6467569
268.2343215
265.1530541
265.331823
266.617456
267.8023771
266.9685517
265.1985784
263.5926646
263.3831882
266.7422185
266.6904667
267.9470028
271.2364581
270.848535
270.9763037
273.8303789
276.2841835
278.4836316
277.6755747
280.8369391
284.0132278
282.1432943
284.103847
283.3189817
280.653446
281.5748843
282.7992098
281.6162213
285.39152
283.8789096
283.5486434
285.6989166
282.4378067
281.4689114
283.775084
286.4848556
287.1159689
286.5182473
285.0379548
283.2797921
283.6743722
281.9904012
279.0895133
280.6182291
282.2124397
281.0926914
280.9211162
277.7748908
276.1877664
276.3392637
275.9595005
277.2302093
276.7527406
274.9306935
272.3176611
273.3889861
275.3864737
275.6961251
272.983025
274.24858
277.3056895
280.1064024
280.1064024
280.1064024
280.1064024
283.384584
282.2914631
282.2914631
282.2914631
281.2364581
280.9942343
280.7265641
281.2957257
282.5051269
283.2777521
285.1559531
285.9908522
284.8732512
288.3812019
290.4405338
289.9754126
289.7735594
291.9295232
289.5957568
286.7204226
282.2006292
280.935611
279.2931917
274.8281564
276.199577
273.8450884
273.3155459
273.8881433
272.358998
273.6914438
280.6106059
279.0685764
281.1207146
279.1245155
276.0500123
277.8423183
278.3255849
277.4855321
279.0807091
280.6378775
281.0580113
