100
100.6670519
100.4460103
100.3994457
100.3994457
100.0555409
99.56969823
98.24008258
98.12339058
98.12339058
97.844564
97.844564
97.17246293
96.18731311
96.18731311
94.08629598
89.53306367
86.40482028
86.17031423
86.17031423
87.1189978
86.5832244
87.56164199
87.94537916
87.94537916
87.52854185
89.36812401
90.9176592
92.75331422
92.75331422
89.77486297
89.60206904
90.02956571
90.99283578
90.99283578
91.50392433
91.61164003
91.61164003
92.28205804
92.28205804
91.06240217
91.06240217
91.39564761
91.39564761
91.39564761
91.22902489
91.03154611
89.47471767
89.46518034
89.46518034
85.50775048
85.58965929
83.95597121
81.80053521
81.80053521
78.27901732
76.42821478
76.93313211
76.93313211
76.93313211
78.42600436
78.44115188
79.41788642
79.82013723
79.82013723
79.95758694
80.95451817
82.95679591
81.88524912
81.88524912
80.99210646
81.36967242
79.86501877
79.08576301
79.08576301
76.92359479
76.71096849
76.51405073
77.28545221
77.28545221
77.32865069
77.32416254
76.09048119
75.97771632
75.97771632
75.49243466
74.628465
72.23347378
71.62813399
71.62813399
69.85475211
69.85475211
69.85475211
69.85475211
69.85475211
67.77954187
66.19971164
67.94167644
67.94167644
67.94167644
69.89851162
72.37428961
73.7751547
74.31317217
74.31317217
74.83884722
71.45029089
71.51649116
72.25030435
72.25030435
71.46431637
73.45593474
74.22397011
74.22397011
74.22397011
77.39092383
78.67677997
77.95082105
75.44082088
75.44082088
74.90168137
76.92527784
76.143217
76.37772305
76.37772305
76.37772305
75.51655848
75.26690491
76.54154067
76.54154067
74.96675961
74.96675961
76.20268504
76.3356466
76.3356466
76.86524878
76.71938378
79.01395255
79.69054178
79.69054178
78.7009038
79.23779923
79.23779923
79.90597317
79.90597317
81.17780383
80.6145405
82.6566506
83.66929037
83.66929037
84.86482241
87.32376983
88.47722542
87.47412299
87.47412299
87.83822449
88.82954552
88.49068989
88.49068989
88.49068989
88.54847487
88.25954995
88.18100725
89.01299882
89.01299882
86.14506836
86.35152345
86.35152345
86.35152345
86.35152345
83.76522466
85.69400888
85.52906921
84.83677145
84.83677145
84.16130426
84.04685633
84.04685633
82.81990721
82.81990721
82.81990721
82.37445792
82.46927017
82.71892374
82.71892374
82.08946013
80.91356376
80.51636213
80.51636213
80.51636213
78.05573165
76.86356573
77.04870208
76.39062649
76.39062649
76.15892554
76.93930333
76.7928773
75.5636841
75.5636841
74.02480827
73.25172373
72.85227802
72.85227802
72.85227802
68.91223976
68.96217047
68.96217047
70.83429174
70.83429174
70.93527521
71.31845136
72.57289043
71.2292493
71.2292493
71.2292493
71.41719075
71.42055687
71.02391625
71.02391625
70.36584066
70.73443031
70.62278748
70.62278748
70.62278748
69.17199167
68.37141719
68.16215701
68.16215701
68.16215701
67.78795716
67.54223072
66.13575544
64.93517422
64.93517422
61.55222809
60.02513366
60.98896475
62.0621946
62.0621946
64.24231544
65.86478314
64.83867891
63.4955988
63.4955988
63.4955988
63.4955988
63.82379507
63.32448793
63.32448793
65.25607724
64.68832575
64.68832575
65.62634995
65.62634995
65.62634995
67.08892716
68.52681953
68.15822987
68.15822987
68.15822987
66.37867678
66.181198
66.181198
66.181198
66.52229771
67.78066391
67.50408142
67.09453736
67.09453736
67.77729779
67.82049628
67.25554988
67.15905457
67.15905457
67.93438319
68.35009846
70.44887151
71.72126319
71.72126319
72.29742997
71.65618496
71.86993329
72.18186
72.18186
74.15833086
74.79845383
76.57632387
76.57632387
76.57632387
78.78561771
80.4748467
85.00002805
86.10074784
86.10074784
86.34927937
86.34927937
86.34927937
86.34927937
86.34927937
82.60671989
80.80472603
78.92979966
78.55167268
78.55167268
78.90230972
79.24340943
78.42039417
77.89247505
77.89247505
73.88062632
73.8189142
74.72720438
74.72720438
74.72720438
72.81917788
72.34623865
71.42280094
70.05223089
70.05223089
66.53576217
66.32594097
68.74337296
72.32043176
72.32043176
71.395311
71.46880452
71.46880452
71.46880452
71.46880452
70.93583623
70.18799755
70.48084961
70.90385813
70.90385813
70.36247454
69.93329481
69.44633009
69.44633009
69.44633009
69.47999125
70.84382907
71.62869501
73.58665223
73.58665223
73.58665223
73.58665223
73.58665223
77.18166365
77.18166365
80.39967012
80.87597547
83.192424
83.15427469
83.15427469
83.54474409
84.30268111
82.10965682
80.16796917
80.16796917
81.81960987
80.50177563
79.84033392
80.70823071
80.70823071
80.94049269
80.94049269
81.26251774
82.7789528
82.7789528
81.83924554
81.83924554
82.97362648
82.55791121
82.55791121
80.95283511
80.23248638
79.85660348
79.36178449
79.36178449
76.40633503
78.49052158
79.75954715
79.53794454
79.53794454
78.73624802
79.89643584
80.07483997
80.00807868
80.00807868
78.24367311
78.70426992
78.47593508
77.66301817
77.66301817
77.55979063
78.03553496
78.58365078
78.77888548
78.77888548
77.00943073
75.94125006
74.68007877
74.47923387
74.47923387
74.19367507
72.5459615
70.87636819
69.54675254
69.54675254
69.49121163
69.11701179
67.52820524
70.61381117
70.61381117
70.08477001
70.00061712
70.61268913
69.60061039
69.60061039
68.79330367
66.94867235
66.94867235
67.38065718
67.38065718
66.37979882
65.68862309
66.01401426
67.2269379
67.2269379
66.12116894
66.12116894
65.68750105
65.40138123
65.40138123
65.28861636
64.81848222
63.30429124
61.59262147
61.59262147
62.19571718
60.75894685
60.75894685
62.67538865
62.67538865
62.32250753
62.65911909
63.92590058
66.22327445
66.22327445
66.95877069
65.76099457
64.44933155
64.50879959
64.50879959
64.66869008
64.56938967
66.35174786
66.35848009
65.49002227
65.49002227
63.65885541
62.96487458
63.57021437
63.57021437
64.77696679
64.48860289
63.59602125
63.47035294
63.47035294
63.71607937
65.86758823
67.91474751
67.53998665
67.53998665
68.0482701
68.2317234
68.22050301
69.63483256
69.63483256
72.76644207
72.76644207
77.31406419
73.28370183
73.28370183
71.77063289
71.31003607
72.95157843
73.2741645
73.2741645
70.86290372
71.58100838
70.89768692
70.97454656
70.97454656
73.01160749
72.45171027
72.10051221
73.09576038
73.09576038
71.1417303
72.17624981
72.48312735
71.52602849
71.52602849
70.96613127
69.26904801
68.71924913
69.12654911
69.12654911
68.72037117
67.74083154
67.18430044
66.93240279
66.93240279
66.56493517
67.23479217
67.23479217
67.23479217
67.23479217
64.94190646
64.38200923
64.38200923
66.43253463
66.43253463
65.19997532
64.02015181
64.28270883
65.11021223
65.11021223
67.15624947
68.20759957
70.25139273
72.11622075
72.11622075
70.5358295
70.19697386
71.24832395
71.5350048
71.5350048
75.14291966
75.25287943
76.26832429
77.62206377
77.62206377
80.90122134
84.80591539
84.80591539
84.80591539
84.80591539
84.80591539
84.80591539
83.52062026
81.81287764
81.81287764
87.28674255
88.38465725
88.15295629
88.54679181
88.54679181
83.20196132
86.01940005
85.29231909
82.95118571
81.8874932
80.88719586
79.28099772
80.54609615
77.85713084
77.91098868
78.06583
77.37689835
74.68512794
76.52583213
77.63047905
76.63466987
75.87561081
76.50226932
77.64899269
78.78000752
77.27871998
78.02094846
80.06754672
79.60638889
79.85267634
76.63747496
78.0630249
78.82825517
79.01114745
78.27957834
76.70367524
76.54995596
77.1250007
75.8054834
75.60519953
74.52748153
73.36056147
73.42171257
73.47332634
73.47332634
73.59955567
74.07361695
72.50612914
73.0351703
74.4276201
73.34036477
73.44751945
74.02088114
74.02088114
74.44781679
74.41920481
74.41920481
76.1897816
75.27307612
74.72888744
73.31063075
73.93448417
74.39395894
74.99481057
75.04979046
75.80772748
75.02678867
75.72525765
75.35274086
74.6840059
74.27895
73.73027316
73.76505635
73.78469203
73.76281228
73.66070677
73.42115155
73.56365044
73.63714396
74.81360135
77.46890551
77.90537849
78.20103564
77.32135744
77.76680673
78.86584346
78.9281166
78.10846746
78.73624802
80.09447564
79.7348623
78.9163352
78.82881619
78.82881619
78.17410672
78.10566237
79.53233435
80.89392809
81.78033852
83.57279505
84.40085948
85.93749123
90.06210483
87.71423923
88.37736399
89.88033459
91.2963472
91.23295203
92.63269508
92.63269508
96.25183033
100.6883706
97.71272448
100.1666227
102.0477203
102.9167391
102.9582546
103.2404472
101.4384534
97.66279376
96.67259477
98.55761948
100.5744837
101.7335495
102.242394
100.7472777
97.55451705
95.36598091
95.36598091
96.7113051
93.64140771
92.02230613
92.6478426
92.15919483
89.82254961
89.82254961
89.02141411
90.09239987
87.96445382
86.94339877
85.0101264
85.56609648
85.56609648
88.3571673
89.65760995
88.9484816
90.89970659
91.03379019
91.03379019
93.77549131
92.40492126
91.67559622
91.33169142
92.21810185
92.85037055
91.62286041
89.9970266
91.51009554
93.50844614
91.82763244
91.82538837
92.50983186
92.61249839
92.38584661
92.92610815
91.81809512
92.04811301
92.42623999
93.02316449
94.29275107
95.3598097
95.97749191
99.33126504
99.47208088
99.68021902
101.2561221
103.8945957
104.7905435
101.8317279
100.3287573
98.95818723
89.91455677
94.06666031
91.64754526
95.05629828
93.47422397
93.76707602
93.49666474
93.30704023
93.30704023
93.85178993
94.59962861
92.29608352
91.06857338
90.3757146
90.3757146
86.24044163
85.78713807
85.17169994
88.38577928
88.41719636
87.4511212
90.11315758
89.67107441
89.67107441
90.36000606
90.49857782
93.05906972
91.43379692
90.96141871
91.82763244
90.32297879
89.16279096
88.61579718
88.45310159
87.43709572
87.43709572
84.21067395
85.38432624
86.192755
86.192755
84.32063373
85.0392994
85.0392994
85.85109427
85.28446482
87.02362452
87.79109887
87.79109887
87.2037117
85.11559802
85.12064719
83.05048612
82.39577665
82.39577665
73.8508923
75.33310519
75.17153164
75.03800905
75.03800905
77.26357246
77.26357246
79.39825074
78.7766414
78.7766414
78.18252201
79.9912481
80.07820608
80.07820608
80.07820608
83.05665734
82.9130364
83.47910484
83.47910484
84.08837175
84.43003248
86.73862674
86.03679164
85.53636246
85.88868256
84.8878242
85.01910271
84.1568161
83.36914506
84.96748893
84.59889928
84.62246209
83.67433954
83.06226753
81.57276139
80.75479531
80.59883196
78.80413135
80.46082122
77.79036954
77.42514601
77.04253087
78.37943977
76.78670609
77.73314558
76.09553036
73.07724674
72.76251494
73.37122083
72.86069331
72.86069331
72.7731743
73.82564643
75.52777887
76.10170157
75.19902158
74.52860357
73.29099508
73.68426958
73.17149798
73.17149798
74.11457135
74.11457135
74.11457135
74.11457135
74.84894556
76.88151834
76.80690278
76.80690278
76.30871768
75.18106897
74.77601306
75.25400147
76.98755098
76.90732523
75.94966535
75.66747266
75.42791744
74.54150701
74.54150701
72.93418683
73.2275999
73.2275999
73.2275999
73.3964667
71.3195734
69.95966272
67.0636813
65.90966468
66.79719715
63.91860733
60.0262557
57.14373874
57.22508654
54.69601171
52.01546169
52.49232806
49.04430369
46.72561109
46.72561109
39.92325257
40.91008544
47.15142471
47.87233446
48.50123705
48.50123705
47.83811228
44.9898175
45.5081993
46.63640903
44.77606916
44.77606916
45.51437051
44.88602894
44.48658322
44.07591713
42.00351198
38.96839779
39.20234282
37.22867706
33.77279842
36.4286636
36.5044012
36.42529748
36.41968729
37.35715047
37.35715047
36.27662738
34.38262636
30.50430021
31.37051395
30.74890461
31.90572632
35.10858528
36.81857198
37.53892071
35.98265328
37.37005391
38.80345812
40.3933867
43.79765157
42.28682671
41.47839795
39.13053235
38.19924038
35.75936762
36.8511111
38.08254837
38.67498471
40.78161203
41.71346502
40.46912431
40.52073808
41.46886063
41.46886063
39.23768703
40.05116496
40.73785253
41.29270058
39.89688466
42.01922052
40.92467194
41.95582534
41.17769163
41.02453337
40.60320791
40.82312746
40.92972112
40.83546988
40.16112473
41.08624549
41.80827728
42.84279679
43.52219112
45.1239011
46.54776798
45.44256004
45.83639556
44.80804726
43.9149046
44.71323501
45.55756899
46.17861731
45.13680455
45.65743042
45.33540536
46.88157444
46.80976398
46.39629278
46.13822393
45.60862174
44.17858365
41.82398582
40.02199195
38.97569104
34.50941671
34.82022138
35.62977217
36.93245889
33.57139251
32.89873041
32.37137231
31.64260829
32.09591185
32.23504463
33.5186567
33.81767996
32.31134325
32.95483234
33.48836166
34.37308903
34.1509254
34.35962457
34.47407249
34.37869922
34.37869922
38.76362576
39.42114033
40.12353644
38.98803346
39.31286361
41.31065319
40.37375103
40.49493119
41.61248156
44.09162567
42.55274984
42.64644005
44.1538988
43.65964084
44.60383625
45.3101595
45.6131099
44.0226203
39.90137281
39.34540273
38.73333072
37.72237401
38.6048573
38.10498914
39.31510769
39.4727541
38.19811834
37.83233378
38.44552783
38.43262439
38.65254394
38.81019035
38.84272947
38.84272947
39.11875095
38.71425606
38.89378222
38.57287921
38.57287921
38.46684657
37.80091671
37.19613794
36.59135918
36.59135918
38.18970305
37.81606423
37.60399895
37.58155817
37.58155817
37.69432305
37.69432305
37.69432305
37.69432305
37.56809371
37.65841781
37.20735833
37.04971192
36.76920229
36.01687546
36.32431401
35.01938322
35.4440748
34.25303091
34.25303091
33.53268218
34.62386464
34.66762414
34.19356287
34.88810471
36.64465601
36.7288089
36.82923135
36.67495105
36.74171234
36.87579595
37.51872402
37.71395872
37.13218175
37.12040034
37.5035765
38.68508306
38.45562618
39.61805809
40.18412652
41.87447755
42.77098633
45.23329986
44.41477276
44.08769853
45.03862618
44.26217552
44.65320594
44.13875128
44.12304274
45.13287741
45.13287741
45.32755109
43.9294911
44.37269631
44.37269631
44.37269631
44.37269631
44.29808075
44.01364399
43.39315669
43.16257777
43.7314513
43.12386744
42.54433455
41.10868626
41.5524525
41.85428086
41.6399715
41.3807806
42.33675742
43.7168648
42.69132159
43.20297116
44.3081791
44.3081791
44.3081791
45.07060427
45.18112507
45.63162353
46.26445326
46.53205945
46.93487127
46.9937783
48.06700814
49.26366222
48.3716416
48.44850124
49.42972392
50.82049067
51.26986709
50.91137579
53.28112114
54.69769477
54.88283113
59.75360034
58.44025425
53.95434425
51.36187425
49.1464092
50.81544149
48.76379406
47.37358834
47.15254675
47.03809882
45.46836693
46.71158561
45.34157658
46.5511341
46.06024225
43.62878478
42.14264476
43.07674182
44.41813887
42.70254198
43.30227157
43.00549238
41.07502511
42.2195044
41.99116956
43.17996937
42.92863274
42.51403951
42.98641772
44.96681571
46.71382969
45.37355467
45.46836693
45.30006115
44.35025554
47.0667108
46.68633974
46.40751317
46.39068259
46.76993161
47.75227634
48.42662149
48.47543016
48.62073415
48.76659916
50.15119469
50.5506404
50.08106728
50.50575886
51.82808126
52.86877198
52.70944252
52.53889266
51.19076338
50.00140255
49.95820407
49.94417858
49.80280173
49.38091525
49.04823083
49.86114773
49.81514415
50.49117236
51.27996544
53.40174028
53.20594456
52.85530752
50.76831588
51.45219835
50.74587511
50.69931051
49.92229883
50.14726756
48.93658799
47.92282619
47.92282619
46.97414262
47.17947567
47.79154768
47.40444439
47.9609755
47.92731434
47.51777029
47.8532598
47.31636437
48.68076321
48.42101129
49.43421208
49.40560009
49.06225631
49.90883437
49.7203319
49.08189198
49.45553081
49.24739266
50.5416641
50.27461893
50.597205
50.44404674
51.12849024
51.82471514
52.10690783
52.10690783
47.76630182
46.06865754
46.39573177
46.67680241
47.09476176
47.90599561
47.2911185
47.56882304
47.35339164
48.33573637
48.97978648
48.98483565
49.35398632
50.19327113
49.96100916
49.66815711
49.28834707
49.50321745
49.50321745
48.69534971
49.03196127
48.3862281
48.40754683
48.76042795
48.58763401
49.15762958
49.36688977
49.62551964
49.47516648
50.17700158
50.24656796
49.90041908
50.59888806
50.98318625
51.37702177
51.48305441
51.7798336
53.44437775
53.44774386
55.374284
56.46041729
56.46041729
56.87052237
56.46097831
57.26547992
58.42005756
58.42005756
59.99147251
58.53843262
57.89999271
57.81079064
57.81079064
56.56588891
57.76815318
56.47219869
58.05595606
58.05595606
59.95668931
60.97774437
60.97774437
61.87257009
61.87257009
61.87257009
61.87257009
65.3161063
65.61176345
67.95177478
68.74954417
68.83313604
71.24832395
71.33920908
77.06497164
74.23575151
68.65080478
70.259247
71.45534006
72.61496687
73.55186904
72.87976796
74.47755081
73.94626558
74.11737645
74.8354811
74.62117174
73.34597497
73.34765803
69.8020163
73.37739205
74.86970328
74.95666126
77.10536503
79.2748265
81.10879847
82.28245076
82.80363765
82.11582804
80.8069701
78.77551936
78.18476608
75.72189153
77.64113842
77.07955814
80.05632633
80.308785
79.71578764
79.34944207
78.44788412
78.14100658
78.94887431
79.26528918
81.84597777
81.84597777
83.51501007
83.76466364
84.2325537
84.2325537
81.65354817
78.70819705
81.31132642
81.60305643
81.67598894
82.09843644
82.03448024
80.08942647
79.6445382
80.1573098
79.6243415
78.85742818
80.44455166
79.98058873
79.50652746
81.28551953
81.62044803
82.76997649
84.63368247
83.97504586
82.51302967
80.89056197
80.98369117
81.01342519
81.4796322
77.9289413
78.82152294
76.67001408
77.04758004
76.17407306
76.00576728
73.91765359
71.41438566
72.71370626
70.50553445
68.13522808
66.18624717
64.46728416
66.60420652
67.03563033
68.69961346
67.58094105
68.45669212
65.69816042
64.90880632
60.46833888
56.55354648
56.55354648
61.37326294
57.21723227
58.36788277
57.57908969
56.36953217
56.82956796
56.24442487
54.29824906
55.60935107
56.77346603
56.79254069
58.35441831
58.35441831
58.69607904
59.91180777
61.10790083
58.98444294
59.95276218
60.11489674
59.60493024
60.559224
60.04813545
59.53648589
59.46074829
59.31376124
59.29973576
59.60885737
59.25597626
59.18753191
59.64981178
60.68377027
60.48629149
60.4980729
61.61618428
63.10288532
63.41817815
63.8742868
63.53374811
64.34217687
63.13598546
62.36458398
61.56064338
61.29584229
60.65403625
61.19261474
60.72921283
60.47226601
60.71743143
61.55391115
61.8933278
61.18532149
61.33567465
61.29472025
61.29472025
61.62347753
61.96569928
62.03975382
61.46975826
60.79148597
60.94408321
59.75416136
59.33451895
58.47447643
57.81696186
57.9639489
58.08400702
59.27561193
58.88065437
61.0136496
60.72360264
61.42768181
61.47200233
61.54156872
61.86247174
62.41058756
61.5701807
60.91939836
60.5390273
59.85851094
60.42289632
60.86161338
60.86273542
60.06328297
60.4515083
60.3437926
60.20578186
60.34098751
60.49470678
61.2526438
61.7884172
62.28435822
61.54773993
61.25208278
61.51632286
61.45517176
61.04899381
60.64786504
59.85290075
58.60968207
58.83689487
58.80323372
58.05651708
58.03295427
58.69439598
58.57602091
58.74713179
57.74402935
57.33841243
56.73082857
57.27109012
57.43098061
58.13674283
59.073645
59.04110588
58.17769724
58.02678306
58.02678306
56.59562293
55.99701538
55.51229474
55.00513333
54.17538584
54.02895981
52.87382116
50.89735031
52.52991635
52.06090425
51.07968157
49.72538107
48.28300056
49.01569171
47.44203268
47.44203268
49.22046374
49.01344763
49.16267875
49.64515532
49.64403328
52.44127531
52.74815284
51.86903566
52.01041252
52.01041252
54.82785124
54.62251819
56.19449416
57.26604094
57.2531375
57.2531375
55.91230147
55.91230147
55.91230147
55.91230147
56.5131531
56.65284689
58.01219656
57.71822247
57.49437578
56.59169579
56.94177181
56.97543297
55.82085533
54.33022716
53.61156148
54.03569205
53.9616375
53.1722834
53.43203532
54.49965497
54.71284229
54.25168446
53.05615242
52.27914074
51.84603387
53.29290255
54.27805237
54.02671574
54.72574573
54.72574573
54.68423031
54.92771267
54.92883471
55.20373414
56.23544856
55.59644763
55.97906276
55.79392641
56.23488754
56.26125545
55.04328264
55.02084187
54.03400899
52.80537681
52.35319529
52.93385022
52.44520244
52.47325341
52.95292487
52.95292487
52.95292487
52.95292487
52.95292487
52.16637587
51.7214876
51.64575
51.36524037
51.09426807
51.0981952
50.92652331
51.16159038
50.69482235
49.40223398
49.40223398
48.36603141
49.5105107
48.98876278
48.3368584
48.36771446
49.02579006
48.57248649
48.57248649
48.57248649
48.49001666
48.89451155
48.57977974
48.61119682
49.89312583
50.78626849
51.17842096
51.44210001
51.20927701
50.59664398
51.35626406
51.56159711
50.88388584
51.01235925
51.17281076
50.34025818
50.5068809
50.5068809
50.96635567
50.8446145
50.69257828
50.97252689
49.79158134
49.33771676
49.27263853
49.20980437
48.7940891
48.68356831
49.86170875
50.08499442
49.72818617
50.02889249
49.44879858
48.84289778
49.47236139
49.04430369
49.43140698
49.72538107
49.94810572
50.15848794
50.36662609
51.66370261
51.66370261
49.48526483
49.31190988
48.87431486
49.26815038
49.39662379
49.58288218
49.38764748
49.9475447
49.781483
48.56182713
48.6600055
47.94190085
48.03559106
48.05017756
48.07205731
48.35425
48.71105825
48.24485125
48.24485125
46.83613188
46.9472137
46.25547695
45.64677105
45.41619214
45.39262933
45.97665038
46.2919432
46.04733881
46.18030037
45.01169725
45.17944201
44.887712
44.00859482
44.01308297
44.63132619
43.69779015
43.41279236
43.05093494
42.92582764
42.33507436
43.17043204
43.26468328
43.48235875
42.97295326
43.10871992
42.52638193
41.92609132
42.27224021
43.28768507
43.28768507
43.76230736
44.76709285
44.97410896
44.5819565
44.70818583
44.24478392
43.85824165
43.90648931
43.89470791
43.68713078
43.59007445
43.84870433
43.58951343
43.01222461
42.35975921
42.77435244
43.06888755
43.16538287
43.51097073
43.42737886
41.43576049
40.6817506
38.71088994
38.71088994
38.71088994
38.71088994
38.71088994
38.71088994
37.04297969
37.16640392
37.88506959
36.98407266
36.75068865
35.11026834
34.25190887
34.69623612
35.87942574
37.20287017
35.53327686
38.66937452
38.25141517
38.76755289
39.34484171
41.42061297
41.15300678
41.78527549
42.2195044
42.80913564
46.19208177
46.45463879
47.90206848
46.34860615
48.03334698
48.83672656
48.45467245
48.28524463
47.03024455
47.80613418
45.98282159
45.07284835
45.80217339
46.47371344
46.47371344
45.63555067
44.21392786
44.8529288
45.79151402
46.11578315
46.05912021
44.90454257
45.12165703
44.65208391
44.65208391
44.97298692
45.56093511
45.75729185
44.95727838
44.95727838
45.57776568
45.46556183
45.81900397
45.93850107
45.93850107
44.69752647
44.11574949
44.64535167
44.64535167
44.64535167
44.64535167
44.64535167
44.64535167
42.62960947
43.30788176
39.97767143
39.97767143
39.83012337
38.08759755
37.82896767
37.79642855
39.94737639
40.27052349
41.23154948
41.63548335
43.16426083
41.87223347
42.57070245
42.40239667
41.84249945
44.25600431
44.18475486
44.18194977
44.99991585
45.96935713
45.31464765
44.94100882
46.44397942
46.54720697
47.26362856
47.89140911
48.73967023
48.93546595
49.78709319
51.56832934
51.82808126
51.82808126
50.98599135
54.12994328
56.91652594
56.40038823
55.74287365
52.32570534
54.76894422
54.07496339
51.9750683
52.99556234
54.4216733
54.76501708
54.76501708
54.76501708
54.76445606
56.38580172
56.60908739
56.88342581
56.58664662
56.99843476
58.63773303
58.74769281
59.27448989
59.91012471
60.39821147
59.15387075
61.63581996
58.17713622
56.89408517
57.79115497
57.15888626
57.49998597
57.45061628
57.45061628
56.11651248
55.11172699
56.12773287
56.56644993
55.65254955
56.08958356
55.95886607
55.37989419
55.20373414
54.94790936
54.79026295
54.20119273
54.81719187
55.27217849
55.90613026
56.52942266
55.9482067
55.78438908
54.9810095
54.91312617
55.39223662
55.79448742
55.22168676
54.78970193
56.29659966
56.15858892
56.15858892
55.80065864
56.01047984
55.85002833
54.73528306
52.29092215
52.7498359
51.83761859
52.14000797
51.74280633
52.31392394
52.49401112
51.05948487
46.93543229
44.73960291
42.49384281
42.49384281
46.2655753
48.90236582
47.57218915
48.66449365
47.46896161
47.07961424
46.3822673
47.41398172
49.38708646
49.03476636
48.08439974
51.52232576
51.63172452
51.41292701
51.56664628
50.6757477
50.48892828
50.41992292
50.17700158
51.17056669
50.8563959
50.35708876
50.69370031
50.66789343
50.57420321
50.45863324
51.05106958
51.96553098
51.76019793
51.45444243
51.95038346
51.80788456
51.59581928
51.6923146
51.37589973
51.28333156
49.5806381
50.66284426
51.77197933
51.56047507
52.14225204
52.19947601
52.0418296
51.94645632
51.70634008
51.64687204
51.45388141
51.57842769
52.0973705
51.78319972
51.59077011
51.6311635
51.52288678
52.17759626
52.49288908
53.05671344
54.19950967
54.4918007
54.4918007
54.09964824
54.49684988
55.10555577
55.56615259
56.03572571
58.50028331
58.58555824
57.93645896
59.01305492
59.57631826
60.52331877
60.95081544
59.41867184
60.02793876
60.268055
60.21475817
60.95418156
59.56060972
58.93563426
58.99285822
58.67027215
58.54796995
57.96899808
58.73086223
58.5434818
59.50899594
59.3154443
59.51292308
58.64446526
58.15750055
58.6921519
58.68485865
58.66746705
58.37854214
59.35359361
58.95022076
59.35134953
59.70927982
60.11321369
60.65964645
60.65964645
58.76171829
58.91094941
59.42820917
60.04645239
60.31966877
61.28406088
61.14548912
60.98728169
62.34102117
63.10400736
64.40501102
63.55843296
63.45913255
64.70740041
66.42187526
67.61516323
64.45045358
66.50939427
65.57024803
65.82214567
65.6684264
65.41989486
65.82943892
66.50041796
66.3646513
66.30013408
67.4423693
68.81013425
69.42669442
69.32010076
68.71700505
68.5144771
68.05051417
66.51219936
64.86785191
66.59074206
67.28865002
67.28865002
68.88362777
68.88362777
68.88362777
70.608762
69.99051877
70.16555678
71.10077589
71.98269817
73.35719535
73.73195622
74.33056377
73.58104204
73.52942827
73.56982165
75.10028219
75.10028219
78.69080546
79.93458515
81.35789102
81.88581014
80.90178236
82.38231218
83.63562921
84.1276431
84.92485147
84.92653453
86.89010194
88.48059154
87.57903359
86.9821091
89.81525636
89.01692595
88.2640381
86.87888155
82.60503683
80.33571393
76.64925637
77.7191201
81.90544581
78.67285284
77.52949559
78.58869995
74.81584543
73.05200088
73.4750094
73.4750094
73.69548997
73.30389852
71.17931859
71.17931859
71.17931859
71.17931859
71.17931859
74.63127009
75.34713067
73.62928969
74.50784585
74.89438812
73.23657621
71.47778083
70.80736282
69.6359546
70.7894102
75.47784815
72.84778986
74.13532907
74.36815206
73.19618282
73.72915112
74.47250164
76.13928986
76.13928986
76.13928986
73.8800653
75.61249278
74.84221333
77.81954254
80.40247522
79.38759138
79.34551493
81.44653206
81.56266305
81.92227639
78.93260476
78.44227392
79.84201698
79.54355473
80.01705499
81.27654322
82.33967472
81.63222943
81.63222943
81.78089954
82.4148513
82.00586826
82.78680707
81.83251331
82.11246192
82.58876727
79.45042553
79.83304067
77.58054834
78.69192749
78.74298025
80.21172867
79.92897496
79.92897496
80.39686502
82.19773685
81.90768989
81.08130852
81.24400411
81.50992724
81.46560671
80.83389903
81.19743951
81.19743951
81.90488479
81.92059333
81.4302625
83.00167745
83.48527605
83.72146516
83.80898416
84.05134448
83.07292689
83.75288224
83.21766986
83.20813254
83.25918529
83.68612094
83.9032354
83.88416074
84.9607567
85.4325739
85.5868542
86.06372057
86.96696158
86.40369824
86.40145416
87.95659955
87.41184985
88.03345919
89.18298765
88.50078823
89.10556699
89.77374093
89.93363142
89.12800776
90.1283051
90.19057824
90.8301402
90.56870522
90.28370744
91.5729297
92.34433118
93.68797231
95.0596644
95.93485444
91.73506426
93.62682121
95.35644359
95.98085802
95.85911684
95.1034239
95.87314232
96.17721476
96.38759699
97.34862298
97.33403648
97.96462213
100.874068
104.2216699
105.7184693
104.7658586
107.2595892
110.1763284
114.3043081
112.7794577
112.1090397
108.971259
108.971259
106.5353134
109.4789814
111.1687714
112.9522517
111.8189927
112.0624751
111.0184183
110.0147548
110.25431
114.128709
112.3575712
113.5323456
113.602473
112.6397639
110.5797012
110.9146297
112.4024528
113.3455262
114.5315209
114.5780855
114.3390913
113.7601194
108.4618535
105.097421
110.6464625
107.9855481
102.970036
102.0903578
102.941424
107.4245289
103.4429752
99.24206298
101.2146067
103.9136704
105.7066879
104.5515493
103.8340056
104.4617862
103.4311938
102.6777449
104.0842202
101.8867078
98.18285862
101.2404136
99.44178584
98.19295696
99.32621587
99.25047827
94.95531482
93.4517832
96.75674766
96.19909451
93.27562315
91.20770616
93.11573266
93.45963747
94.29499515
95.13315792
91.69186578
91.36479155
92.08121315
92.36003972
93.74800137
94.77691069
93.31938265
94.11154185
95.2375075
94.64394913
94.82123121
95.52418835
96.78928678
99.40139245
98.95874825
98.95874825
98.95874825
98.95874825
104.311433
105.9243634
104.80513
104.2962855
102.0920408
102.9307646
103.6887016
104.2946024
102.4555813
103.8424209
102.7905098
102.7164553
101.4188177
102.038183
103.174247
104.1852037
104.5706239
104.3860486
104.3860486
103.5052483
105.418885
105.3481966
105.5827027
105.9731721
106.0461046
106.2351681
106.5083844
107.135604
106.1987018
106.4988471
106.8259213
106.7759906
106.5465337
107.2354654
108.5179554
109.2859908
109.2859908
109.960897
111.47621
110.0074616
108.0192093
109.6315787
109.436905
109.9704343
111.0206623
111.0206623
111.0206623
111.0206623
111.0206623
111.739328
110.5718469
112.1640196
111.5289458
109.9861428
112.087721
111.8868761
110.7177119
112.3873053
111.9093168
111.6361005
108.3199156
109.4402711
109.7465876
109.5939904
109.8997459
109.8997459
109.8997459
110.0854432
110.1920369
110.2167217
110.2318693
110.4938653
110.0826381
110.4882551
110.5308925
110.9639994
110.4220548
110.3019967
110.1348129
110.6487066
110.9651214
110.9651214
111.8812659
112.5898332
113.2451037
112.9544957
112.7749696
112.5937603
113.9368405
113.9059844
114.3581659
114.4305374
115.4448602
116.7812081
116.9758818
118.5910562
117.9974979
118.7503857
119.7467559
120.010435
119.7147778
119.1200974
115.4903028
116.8900458
113.5531033
114.3228217
112.4877277
112.293615
112.1836553
114.0608257
114.0608257
115.6473882
114.3806067
114.7452692
114.1679804
114.2106179
112.8366817
111.0060758
112.2313419
112.9354211
112.0349852
111.9766392
113.07792
113.4549249
113.9946254
113.4122874
113.4481927
113.5777881
113.0717488
112.7452355
112.031619
110.4893771
109.6276515
106.3703737
108.0663349
109.3067485
110.2010132
109.8930136
107.8570747
108.1981744
104.7232211
107.0542562
107.2175128
106.0691064
106.6626647
104.1128322
104.0387777
104.6682413
106.1588694
104.7535162
108.3922871
108.2946698
107.9445937
108.9886506
108.9858455
108.9892116
108.7260936
109.4015608
109.6456041
110.8579668
112.5303652
111.9457831
112.3996477
111.9098779
111.3337111
111.1996275
111.6731277
112.3839391
111.9166101
111.302294
110.0921755
109.3751929
110.0394397
108.3928481
108.2615696
106.6492003
107.9440327
109.1345156
108.8478347
109.3981946
109.3039434
109.2742094
109.1530292
108.8702755
108.8399805
108.4904655
109.3073095
109.9889479
109.0380203
109.6377499
109.0845849
108.15722
107.9950855
108.2054677
108.6037914
107.0306934
107.3493523
107.0430358
107.4508968
106.9600049
104.8191554
104.89321
105.0878837
104.5291085
104.2777719
102.4903645
102.6283752
101.3554225
102.506073
103.0345532
102.5363681
100.6047788
99.44683501
101.4878231
103.7644392
104.4197097
104.0387777
105.1624992
105.5754094
105.215235
105.5176244
105.0345868
106.3423227
105.7644729
106.6531274
108.0433331
108.9527453
109.1861294
108.8697145
107.7168199
106.67108
108.5280538
106.6649088
106.5302642
106.4601368
106.0045891
104.1981071
104.4758117
104.2598192
103.904694
102.3523538
103.9052551
104.1593968
103.9630401
103.9074991
104.9083575
104.9083575
105.824502
105.824502
107.0604274
107.0604274
107.0604274
107.0604274
108.0534315
107.8318289
107.28203
107.3055928
107.4363103
107.9485209
108.4624145
109.1030985
109.4223185
109.3050654
108.8130516
109.2287668
110.4416905
111.390374
111.9295135
112.7906781
112.5180227
112.6358368
112.5387805
113.3937738
113.9929424
114.4928105
114.7076809
114.4608324
115.583993
115.6776832
116.5562394
116.9467088
117.447138
118.9473035
118.0451845
118.7397263
118.6454751
119.9941654
120.7027327
122.5137029
122.8598518
128.3511083
132.4044724
132.274316
126.6989066
129.2218102
131.1231045
130.2507195
132.7517434
132.7517434
132.7517434
135.2118128
134.9066183
135.6151857
136.0056551
131.8030598
130.8970137
134.2429326
135.5181293
136.6996359
136.3989296
138.4589923
140.6497725
140.9117685
141.1502017
142.3176828
143.315736
145.6108658
147.8661632
149.4504816
153.3518096
155.8163672
156.7830034
161.1146331
158.7207639
157.8702587
159.2615865
162.5003506
158.4194965
161.2935982
165.3710862
166.0448703
174.0444439
179.3000724
176.5404186
176.4175554
181.3320841
183.5587696
178.1028573
168.5442111
169.5619001
163.4832564
155.5712018
155.5712018
149.3270574
142.1835992
137.023344
145.0520906
155.4657301
149.5172429
148.9410761
159.3440563
152.462594
149.6142993
151.5475716
147.0964448
139.7706553
133.9450313
140.5947926
142.3401235
148.6824463
142.5606041
136.7456395
138.7742851
139.8015114
139.8015114
137.9024612
142.1852822
144.5903718
142.3906153
141.9906085
135.8362273
139.0991153
138.2334626
142.4663529
142.442229
146.7250501
146.6824126
150.2101017
145.412265
147.6176317
146.4793236
149.8712461
147.218186
148.763233
146.7042924
139.7874859
143.0099805
140.7367305
135.0076018
131.5287214
137.1220834
139.6808922
142.907314
149.9049072
146.9870461
143.2747816
149.6872318
147.1805977
148.0019299
149.1211633
151.7113893
149.9587651
153.0943017
148.5090913
149.6154213
156.1484906
152.635388
150.8317111
150.450218
148.9107811
146.286333
149.9531549
152.3689038
151.704096
151.7601979
150.3587718
152.0990536
152.6858797
153.4494269
153.3893979
152.5315994
151.3798269
150.6174017
150.0412349
151.1885193
148.7862348
146.1903987
148.5461186
148.4776742
147.7691069
147.1368382
146.9775087
144.9410088
144.6431076
144.0063507
144.4641425
147.306827
149.8330968
148.879925
149.2647843
146.6582888
144.0848934
141.4632504
139.2208565
142.587533
142.2997301
142.2756063
141.8492317
141.8492317
146.5258882
152.3391698
150.9012774
149.7792389
150.7812193
151.615455
154.0996482
155.4545098
157.0416332
156.0015035
156.0839734
156.8806207
157.2065729
157.5628201
159.5645369
159.4450397
159.1224537
159.1376012
160.1592173
160.5345392
159.6778627
160.3022772
161.7463408
164.7427446
164.2193136
163.8827021
165.1831447
164.2400714
163.3873221
162.1110033
163.9999551
166.968869
168.07576
172.2727451
171.3627719
171.7672668
170.6710351
173.2954832
176.3199381
175.9087109
178.4832283
178.6829512
173.6281677
178.0304858
170.4253087
163.8731648
168.6766117
167.8564015
164.5721948
167.6235785
167.6235785
166.3012561
166.3012561
169.8575572
169.8575572
169.8575572
173.8738941
174.6671753
174.6671753
176.9684763
176.0371844
176.0321352
176.785584
176.1314356
175.2730761
176.3356466
176.7709975
177.3303338
177.8464715
179.727008
179.7960134
181.8179268
181.3399384
178.8063754
179.8515543
182.6055979
185.553193
186.8087541
186.5484412
186.6224958
186.2359535
185.8404349
185.4219145
184.1467178
185.9223437
186.1001868
183.9845832
187.0494314
187.2138101
186.2118297
186.4081864
183.7814942
185.2508037
185.9083182
186.0962597
186.9591073
190.0778134
191.3445949
192.7448989
194.144642
193.7782964
196.3516918
196.3516918
196.3516918
196.3516918
196.3516918
198.5839874
200.4297408
201.2690256
200.641245
198.3926798
200.7495217
196.2518303
197.2829837
198.3881917
201.3251275
203.1288044
203.2858898
204.3669739
203.8564464
209.4245625
210.1477164
213.0627724
213.0627724
213.0627724
216.5837293
220.449152
214.6386755
221.8359916
218.1613155
222.2124356
227.5348253
228.8779054
229.7934888
232.2911466
233.1124788
227.4876997
234.4207757
234.6900649
231.1853776
231.4434465
220.5282557
225.1886427
215.0801977
218.7200907
212.0052511
203.2449354
211.2619006
209.2904789
214.7912728
218.1932936
220.1950103
220.9579965
223.4573373
223.4573373
225.7945435
227.1017184
228.6557418
228.7567252
230.4476373
228.4908021
230.7236587
232.2131649
232.4033504
232.4650625
238.2895645
238.7350138
238.7350138
238.7350138
238.5251926
239.3291332
242.063541
239.9103491
238.2110218
238.4101836
235.4233171
230.6855094
233.9691552
233.2179504
227.0736674
219.8174443
219.8174443
225.2380124
229.042845
229.3805786
230.8128608
233.1539942
228.5491481
227.8495571
226.7095659
226.4167139
216.8221625
208.6267932
216.3329537
207.0912834
211.3426874
214.1247819
213.0543572
216.196065
214.3144064
206.0096383
196.2030216
192.2046374
184.8474308
192.981088
195.9701987
196.5946131
199.9741931
192.8868368
184.6897844
186.0614765
183.3584857
173.4823026
161.3648477
169.3992045
177.57045
184.706615
188.3700707
190.2500463
193.0809495
184.7733763
176.3564043
169.1164508
177.4330003
186.0586714
188.4143913
180.6330541
186.1742414
190.3667383
190.2635107
187.7344359
180.6369813
184.9607567
189.7008084
189.8837007
190.3431755
188.9698003
193.388388
193.2789893
192.9928694
193.1471497
195.6290989
195.6448075
194.4801315
195.3822505
194.5334283
197.436703
200.1800872
201.4496738
203.9871639
205.9170701
206.4242315
206.2306799
201.5983439
199.9932678
197.4479234
197.4479234
195.8276998
201.2022643
200.2446044
201.3352258
199.7234175
195.2436787
196.3045661
189.0085107
181.1424596
187.6239151
187.7271427
190.5990003
189.8405022
192.9608913
192.2450308
189.7810342
190.9827374
187.8017582
188.725757
187.6385016
192.7392887
188.8110319
189.6245098
188.3167739
186.0362306
186.6421314
189.979074
192.427362
195.979736
194.7146376
195.7912335
197.0041572
200.0948123
199.3621211
201.6634221
201.7038155
204.2385005
208.9213283
209.6775822
208.4096787
210.2509439
207.8772714
206.9370031
207.5754431
208.0573586
212.6094689
216.4389864
218.3015703
218.3015703
218.3015703
218.3015703
218.3015703
218.3015703
218.3015703
216.5343596
211.8397505
206.2306799
205.8317952
211.6613463
206.1381117
205.9445601
205.4143969
205.4143969
199.6072865
200.1324005
203.2264218
201.1803845
201.8552907
199.8227179
196.2473422
200.6087059
200.8280644
204.2356954
204.7378076
203.3700427
203.0732635
199.9674609
201.1798235
197.8972998
197.9231067
199.5595999
202.6760619
202.0247185
200.4852817
201.3161512
203.3599443
202.039305
202.2648348
201.0098347
196.5693672
189.9072635
192.2427867
185.9773236
184.970855
184.970855
188.056461
188.11649
188.2214006
187.2177372
187.2177372
187.2177372
187.7428512
190.8043333
191.1173821
192.5384438
196.533462
196.3853529
196.5401942
197.8019265
198.8443003
201.6207846
202.1324342
202.76863
202.8168777
204.1061
203.6853355
208.2840104
212.1892655
213.0745538
213.0745538
213.0745538
216.3525894
218.7127974
223.157192
223.157192
224.1271943
226.4172749
229.7884396
228.9626193
223.681745
223.914007
220.5316219
220.2830903
217.8331192
222.1574557
218.5809579
221.4359849
222.3358598
223.9600105
218.5343933
217.7203543
212.6953048
213.9738677
212.4535055
206.932515
207.8178034
212.4507004
215.4846926
219.7114117
218.7801197
218.1411188
214.8759867
215.3943685
217.4589194
212.6190062
216.9012662
216.4042032
216.2583381
216.2583381
215.5682845
215.5907252
213.0117197
212.6874506
213.8538096
213.8510045
217.3972072
216.486673
220.8744046
222.0598383
222.2320712
223.9229833
226.5423822
227.1067676
228.0077645
227.5320202
227.2027019
230.99407
228.6119822
228.0122527
225.5493781
228.7118437
229.332331
230.4930798
231.2016472
234.4791217
234.4791217
236.5919202
236.5947253
237.1922108
228.0548901
233.0765735
233.3587662
231.4563499
231.5023535
230.3000892
230.9267477
229.5062469
229.2924986
231.0249261
230.3859251
234.9716966
235.8648392
239.2977161
239.8929575
241.3768535
241.9771441
240.7473899
245.3757988
247.3259017
247.9435839
253.6081954
254.6629116
255.5869103
256.4733207
256.0121629
256.9198921
258.8761662
257.9701201
257.3872211
259.3962311
257.4584705
258.0357594
257.4152721
254.4912397
256.4828581
257.1386896
258.7476928
259.0921586
259.5073129
261.172418
259.3816446
259.1998743
258.7381555
257.9314098
258.5659226
256.9159649
256.8099323
259.0966468
260.0425253
255.2951803
256.5855246
248.5982934
239.2820076
243.1334048
248.8103587
245.4823924
247.4953295
250.0232823
250.5590557
250.6650883
251.7282198
248.6773971
249.4757275
249.3955017
243.6787155
242.4944038
244.4635814
237.6864688
233.3211779
228.3180082
228.3180082
228.3230573
226.1726705
226.7555695
226.6355114
219.0067715
221.0455155
214.0591427
215.0274619
213.019574
216.4709644
221.1543532
225.1863986
222.8755603
223.7709471
228.1513854
234.0757488
230.9806056
226.5990451
230.4622238
230.6389448
234.4847319
234.2765937
231.2364303
231.5775301
235.18825
237.4435474
235.9220632
235.7638558
239.1832682
238.4887263
239.9193254
242.4540104
242.7132013
251.5913311
255.8915438
259.5516334
260.8313183
260.064405
265.3464013
268.3035339
268.3035339
266.9727962
266.9727962
266.9727962
266.9727962
267.8945508
270.8943208
268.891482
262.7112939
261.1971029
254.6393488
257.4803503
259.8500957
258.0004152
251.705218
259.7536003
253.0241743
253.7097399
241.2685768
242.2795335
241.8806488
239.3050093
239.3050093
243.8055058
243.2669274
237.6135363
233.8513411
233.8681717
236.7192716
238.6413236
243.2102644
243.3392988
247.9441449
247.8829938
248.0726183
250.1792457
250.4619994
251.5963803
251.8825001
254.3997935
254.6073707
259.655983
261.8641548
264.2944902
267.4311489
263.6891504
263.5500177
262.684365
262.5873086
260.3213518
262.7685178
262.7685178
262.7685178
266.3949463
266.3949463
265.5455632
264.143015
264.143015
251.1071715
242.9796855
235.7172912
247.2933626
254.7077931
251.499885
254.8239241
253.2828042
251.4600526
248.5461186
250.2106627
249.6586198
247.5273076
245.673139
249.869563
250.2976207
248.1057185
247.6114605
246.373852
249.9436176
249.3904526
251.8718408
252.2617491
252.5035484
252.5742369
255.140339
255.140339
255.1605357
254.2410251
253.9302204
253.9341476
257.675024
258.1827464
261.5729858
263.4394969
263.4394969
274.5056018
277.8980852
280.5287046
283.2894803
284.5169905
288.1557614
285.5442167
286.6269839
281.037549
274.715423
272.0180424
278.735126
282.5702536
282.6824575
276.1880985
277.1289278
282.581474
280.512435
278.8894063
277.8122493
270.6009077
275.4486752
275.6500811
275.6500811
278.2520884
277.4408545
279.1334497
282.8372988
282.7441696
280.8097752
281.7708012
283.1509086
282.7295831
283.7792501
284.2880946
285.4673571
283.8774285
283.3601688
285.4869928
286.7941676
289.6778066
289.4971584
289.718761
288.9686783
287.8000752
285.7770397
283.7736399
279.5626294
284.2493843
284.2263825
280.2364135
276.7670704
276.7670704
276.7126515
273.8312566
268.5503823
267.5758919
262.453786
258.6467093
261.5763519
267.3290434
268.5728231
264.9952033
260.6416938
253.0668118
253.568924
256.4783699
248.7374262
236.3170208
228.2461977
235.4569782
224.0144294
222.5260453
217.9458841
221.2788995
226.7881086
238.1235028
237.5400427
239.6275954
231.9814639
232.4908694
235.7313167
236.0067771
234.9907712
223.4304084
223.622277
216.1898938
208.6469899
205.156328
195.4321812
214.5438633
222.8003837
227.4512334
225.1847156
222.9400775
221.992516
219.7770509
217.5885148
215.5806269
213.7567533
211.679299
211.7303517
210.2026963
208.186393
198.3825815
193.795688
184.6858573
180.2521221
179.2209687
180.7183291
189.5465281
193.2733791
197.9169355
196.4330395
188.4452473
186.9226411
195.1864548
189.9953435
181.6271803
173.4834247
178.6274103
170.6037128
172.1285632
177.4565631
184.8345274
180.4075244
181.2849585
181.2849585
189.63012
198.9862382
204.282821
197.0742846
190.0761303
183.0067266
178.2778953
169.7453534
162.570478
163.3143896
163.6100467
163.3749797
163.5427244
163.3177557
162.570478
163.6582944
162.3320449
162.2400377
162.6108714
162.3303618
161.8619107
161.6795795
161.6784574
161.6784574
161.6784574
161.6784574
160.4666558
160.4666558
160.4666558
160.4666558
160.4666558
160.4666558
160.4666558
160.4666558
160.4666558
160.4666558
160.4666558
160.4666558
160.4666558
159.80297
159.80297
159.80297
159.8040921
159.8040921
159.8040921
159.8040921
159.8040921
159.8040921
159.8040921
159.8040921
159.8040921
159.8040921
159.8040921
159.8040921
159.8040921
159.8040921
159.8040921
159.8040921
159.8040921
159.8040921
159.8040921
159.8040921
159.8040921
159.8040921
159.8040921
159.8040921
159.8040921
159.8040921
159.8040921
159.8040921
159.8040921
159.8040921
159.8040921
159.8040921
159.8040921
159.8040921
159.8040921
159.8040921
159.8040921
159.8040921
159.3148833
159.3148833
159.3148833
159.3148833
159.3148833
159.3148833
154.5456586
146.7357094
135.5635719
128.7926305
122.3588616
116.2499229
110.4495447
104.9358474
104.9358474
100.0622731
95.03554057
90.2651938
79.34888105
82.59045033
81.25971265
80.72842741
83.74166185
83.74166185
83.74166185
86.22641615
84.83060023
86.52095126
86.59332275
82.27403547
78.05068248
74.04724904
72.38046082
69.1349644
67.22525484
64.95312684
63.79125595
66.66984578
70.03427828
72.18915325
75.78584773
76.87029796
78.2145001
81.30066705
81.30066705
84.23648084
84.95402447
81.70011276
80.87204834
80.58592851
84.55233468
88.51537473
90.85370301
92.13002182
94.77073948
92.44587567
90.24892425
91.01415452
86.24212469
87.53078593
89.02309716
88.03906938
86.69542825
90.49072355
90.53841018
89.98805029
88.6775093
88.6775093
86.72123514
90.41554697
90.94571017
95.58590046
98.05494623
100.8364797
103.7083373
101.2376085
101.2376085
106.7849669
107.7673117
107.0806241
110.3805394
113.4470706
109.8256913
111.4666727
116.6538567
120.6146527
122.6141253
124.6113539
118.2185394
117.6401286
123.9622546
129.4972706
130.0509967
131.9640723
125.9207729
130.5733056
133.1349195
130.1379546
124.8323955
120.8659893
126.1120804
120.0138011
121.0483206
117.9245654
116.7447418
116.7447418
114.5404972
115.6799273
117.33269
115.8364517
117.6070284
116.9691496
120.1647153
117.0157141
115.058318
117.2361947
117.2631236
115.0931011
115.3147038
114.2083738
116.5208952
117.0202023
116.5927056
117.4942636
118.1938546
117.7798224
116.7368876
114.826056
110.9275331
108.8876671
108.7356309
107.6674502
111.3146364
110.8731143
112.4075019
111.1407205
108.8988875
107.9384225
111.6321733
111.2899516
110.6834898
111.4672337
110.8759194
110.632437
112.87427
113.3068158
114.6106246
113.4437045
115.4471043
120.069342
119.9846281
121.9841007
122.3386649
120.5815526
119.7574153
120.391367
124.2792305
123.185804
123.2918366
123.5398071
124.3487969
124.0194786
125.7704197
126.0885176
126.826819
125.195936
123.7081129
122.1574557
119.1408551
118.1618765
122.0643265
121.5661414
123.4478
123.8988594
123.5796395
124.3886293
129.1387793
128.3213743
128.8577087
127.877047
127.877047
126.6175588
128.4969733
127.2565597
127.6195392
130.0470695
133.7851408
133.1551162
135.449124
136.0241687
140.402924
143.9250029
146.5623545
148.5180676
146.4108793
149.2047552
147.4420327
145.0504076
150.56691
148.9747373
149.1593126
148.9203184
147.5177703
149.752871
152.2342592
156.5428871
156.5428871
156.5428871
156.5428871
161.5914994
159.8270939
154.6443979
156.5748652
153.5924868
152.5585283
155.9252049
155.8724691
158.1906007
161.6178673
160.4043827
161.4714413
159.0181041
159.7917497
161.3311865
161.3351136
160.6276683
153.159941
156.6376994
151.615455
150.5253945
151.1273682
155.5184659
152.8244515
151.4791273
150.1870999
149.3293015
144.0461831
146.547207
150.7952448
149.314715
145.1620504
145.1620504
142.235774
145.2585457
144.916885
147.217625
152.0592212
149.8415121
148.8748759
150.9209131
151.2900638
149.9340802
150.1208997
149.4807767
149.0633783
149.0633783
149.0633783
145.3275511
146.372169
146.0697796
144.6722806
144.3008858
141.6237019
142.9533176
144.7081858
145.0554568
150.1416574
149.8415121
149.4084052
148.9023658
147.450448
148.7155464
150.6892122
149.7270641
151.6732399
151.6732399
151.6732399
151.5784277
153.4471828
150.5831795
150.5831795
151.4679069
155.4365571
157.1600083
157.6492171
158.1670379
158.4997223
158.5345055
158.6220245
159.3721072
161.3597985
160.4492642
161.5163229
160.4296285
156.7987119
156.8553748
154.8373886
154.4211123
153.2598024
153.1464765
153.6957144
153.1969683
152.5085976
153.6525159
155.6676971
155.6676971
156.0772411
155.4982693
154.443553
155.4073841
155.2531038
153.3882758
154.6735709
156.7173641
157.2419171
157.9723642
159.1460165
157.1257861
154.7941901
154.9978401
154.6000774
153.2121158
154.3380814
152.7958395
154.1849232
155.6188884
157.5903101
158.0486628
157.9297267
159.5499503
160.9345459
162.3258736
161.0905092
160.2792754
159.7597716
159.2391457
158.5614344
158.5614344
162.0549013
161.4557328
160.8947135
159.4214769
159.3524716
161.2711574
162.0324606
165.2117567
165.9287393
165.7795082
167.0917323
167.608431
168.2620184
166.6086947
165.5517344
166.4280465
167.8496693
168.1178365
167.7632723
167.2645262
165.8939561
166.3085494
166.092557
165.0911376
165.6527179
165.2168059
163.8030374
163.1870382
163.211162
164.7225479
166.1178028
165.2347585
160.6057886
161.0624583
160.1552901
159.8371922
161.1208043
160.9031288
156.8755715
158.2074313
158.2489467
156.9950686
154.4250394
151.2530365
146.5460849
149.8224374
146.4434184
147.3230966
144.1359462
144.1763396
147.7943528
149.8067289
150.5512014
153.2278243
152.0407076
151.0398492
146.1673969
147.4824261
143.2388764
142.907314
146.1230764
150.4361925
149.2552469
150.0277705
151.0269458
151.1862752
152.8962619
152.4766195
150.3509175
151.090902
151.0903409
151.4314406
150.5770083
149.6900369
148.9870797
152.4569838
154.0514006
155.5364186
155.8775183
157.8315484
159.307029
157.8135957
158.8441881
159.8130684
161.1662468
160.8027064
160.6719889
161.8630328
162.7314906
164.4319399
164.7438667
164.344982
165.1696803
163.2610928
163.61734
163.7901339
162.801618
162.277626
156.6752877
154.9114431
154.4155021
153.0202472
153.8836558
148.731816
151.5677683
152.2365033
154.9333229
154.7975562
152.8149141
149.9071513
148.2599988
148.6846903
148.5124574
147.5996791
153.2934636
152.4928891
152.1674979
150.6690155
150.4423637
150.8732265
152.8059378
151.7456114
151.7456114
151.7456114
156.3319439
155.984673
155.404018
155.6222545
154.6965727
152.634827
151.179543
150.3806516
151.2199364
151.5980634
152.8076209
153.365835
152.576481
152.7167358
152.8799924
152.7705936
152.4367872
155.0595522
156.2724758
157.2705291
156.9271853
158.4290339
158.1748921
158.606877
158.7549861
158.4307169
158.4419373
160.0116692
161.1954198
161.63582
160.6949907
161.4159004
160.4212133
159.7092798
158.5614344
160.9620358
159.8759025
161.2986474
163.8142577
165.0546713
165.0546713
164.142454
163.2958759
162.8857709
163.6947606
164.7578921
164.7578921
164.7578921
164.7578921
168.452765
168.0875414
166.852177
166.240666
166.3898972
166.4224363
167.7167077
167.8524744
169.3094414
171.366699
173.1484962
172.8163728
176.3592094
175.0823296
175.6697167
174.6155616
176.0955304
177.802712
177.802712
177.802712
179.0924952
178.3884161
178.7581278
177.2130807
178.8097415
179.8184542
178.9152132
179.9626361
183.1228576
182.7497798
179.6428551
183.7287584
184.2499453
186.8199745
187.7910989
186.9304953
186.9551802
188.9770936
192.4666334
192.7123598
194.611971
193.4355136
192.0037925
188.9821428
189.1375451
188.4082201
190.0772524
190.5872189
190.2567785
190.0592997
187.6620644
186.0093017
186.4480188
188.7207078
189.340073
189.0219751
187.7882938
186.4384814
183.9744848
180.2818561
180.571903
183.0981728
183.0981728
183.3231415
182.6600167
180.9763979
175.8082885
173.4654721
174.2626804
169.4698929
171.3992381
177.2826471
178.7777634
179.7365454
184.6606114
184.590484
184.0311478
187.968381
187.4730009
186.7302114
186.6477416
180.193215
179.1171801
181.1519969
177.4470258
173.8239634
174.6694194
174.6694194
175.8952465
175.5855639
175.9704231
178.2251595
180.1853608
181.1205799
183.33885
182.5938164
183.1812036
183.1211745
181.8263421
183.6143105
182.7379984
181.881883
180.9836912
179.9233648
180.9292723
180.6117354
178.3614871
181.0280117
183.0852693
183.7517602
183.2159868
183.8970642
183.5295966
183.2732108
185.43594
185.1767491
183.6990244
179.9345852
183.4039283
183.2844312
185.0191027
185.640712
185.5464608
184.5792636
184.7284947
183.6339462
183.8993083
183.368584
183.2883583
184.2359198
185.3164429
186.4710206
187.0612128
187.2435441
187.41746
186.5736871
185.7041072
187.094874
185.2446324
185.5885373
185.8499722
187.9369639
189.1835487
187.9493063
188.0912442
186.7728489
186.7868744
186.2752248
186.9276902
185.8797063
182.2117623
184.6684657
184.8580902
187.5246147
185.871291
185.6053678
182.3346255
182.143879
183.0521692
183.0314115
185.4757724
186.9680836
187.1184368
186.0395967
185.6726901
184.7133472
183.337728
184.0193664
183.5436221
185.1806763
186.3459133
187.1122656
186.5905177
186.805949
187.4303635
185.3854483
185.8780232
184.0507835
180.6633492
181.8869322
182.75539
182.5494959
177.481809
176.5005863
169.2303377
169.4816743
162.7258804
167.4479795
167.0165557
167.812081
166.6451609
167.9175526
168.3781494
166.0426262
161.6992151
162.0818303
161.9084753
163.4277155
162.2871633
162.2871633
160.9468883
163.092226
163.092226
163.092226
163.092226
165.9797921
169.1416966
169.0238826
169.1703086
168.0247073
165.7649217
167.5702817
168.1975012
168.5599197
169.0317369
169.3380534
171.7661447
177.1861518
174.1089612
171.8228077
166.6339405
171.0839453
172.4202932
172.0977071
172.9656039
172.646384
176.5875443
176.0893591
175.0144462
175.5681723
179.8605306
178.1903763
178.5757965
177.4234629
177.5395939
177.0290664
176.5600543
170.9100293
171.0581384
167.7094145
167.7094145
168.4785719
165.7234063
163.9904178
169.3139295
175.3476917
173.6865137
172.473029
173.5024993
176.4158724
176.4158724
176.4158724
176.4158724
177.1390262
178.8131077
178.8882842
178.4114179
177.9227701
177.2540351
176.3328415
176.057381
173.7611292
171.7184581
173.8363058
171.9978457
168.8825057
169.5394593
170.2940302
170.6121281
167.1893496
167.1893496
167.1893496
165.1679972
167.7700045
168.8415513
168.132984
164.9088063
165.5769803
162.2456479
160.5283679
160.5266849
164.7713566
162.8717454
163.3912492
162.5463542
161.8652768
161.1769062
161.2122504
161.8080529
159.0865484
159.628493
162.861647
162.6512648
159.9886674
159.218388
158.4514746
157.618361
157.792277
157.7894719
159.684595
161.5516671
164.0672774
167.287528
165.9523021
171.0861894
176.2559819
176.0534539
174.8539947
174.4478168
176.9157405
177.0874124
177.4790039
178.2504053
178.6021644
178.8866012
181.0981391
182.7705375
181.7853877
181.3208637
182.3312594
182.8412259
183.1671781
183.1896189
184.6162909
186.6808418
186.5159021
185.930759
186.9366665
184.8418206
188.4317829
189.2003792
189.0494651
189.455643
189.543723
190.5479475
192.2483969
191.8281935
190.8598742
190.0907168
191.3423508
190.2298496
187.736119
188.174275
188.3566063
184.766644
182.3121848
185.6435171
184.212918
183.3057499
183.3057499
182.8485192
185.3832042
187.6255982
188.5366935
191.4910209
189.7563493
190.3392483
193.8444967
191.6374469
191.5981756
190.067154
190.3313941
188.6741432
186.8255847
188.8009335
188.261794
187.5167605
190.3796417
189.6750015
190.2309716
192.1743423
193.0125051
195.2706076
193.9763362
193.4040966
191.7434796
191.7434796
193.0596307
196.2585626
199.5113522
199.1343473
197.8597115
198.3062829
194.8341347
191.7715305
192.8481265
194.4307618
191.1594585
190.6573463
185.8926097
186.6230568
190.8009672
189.2205759
187.3097443
187.211566
189.7271763
189.5521383
185.5363625
183.9834612
185.6328578
183.5458661
181.94079
183.0218741
182.989896
180.2122897
180.3430072
177.1990552
175.5782706
181.0139862
180.7379647
182.7222899
182.3974597
182.1242433
180.6712034
182.8889126
181.3141315
181.4880475
184.2836065
184.6830522
184.6398537
190.8105045
192.077847
191.8859784
191.7513338
194.2994833
195.4905272
195.1836497
195.0231981
195.2431177
193.8271051
194.3163139
195.7065196
198.0661666
197.3261822
197.3710637
197.2953261
197.0153775
197.7598501
196.9772282
196.5166314
195.5976819
196.185069
197.3138398
196.7236475
195.3222214
194.9783166
194.7095884
195.6049751
195.7788911
195.4882831
197.5287102
197.5287102
197.9337661
197.6072529
197.6072529
197.6072529
197.6072529
197.6072529
197.377235
196.8027512
198.8443003
201.2488289
198.9480889
199.9876576
203.6135251
204.0993677
203.3481629
201.4053532
199.6667546
199.9040657
198.3006727
197.7940723
199.3222887
199.649924
200.9514887
200.3478319
202.2014396
202.9964039
200.4622799
200.4622799
199.4586164
199.8591842
199.6392646
199.067586
200.8858494
201.3946939
202.6306193
202.2653958
203.6146471
201.9613233
200.4168373
200.816844
199.7873737
201.047423
198.777539
198.629991
198.2844031
197.8804692
197.7368483
197.9264728
198.8140053
198.7567813
199.7497854
198.5548144
198.5548144
198.5548144
198.367434
200.4763054
201.1450403
203.2808406
204.5756731
203.6090369
205.7027608
205.9496093
205.9496093
204.8006418
202.8567101
202.7473113
202.4841933
202.7809725
203.4738313
203.4979551
202.9924767
202.6306193
201.8479974
202.5296358
203.2718643
203.5675215
204.2491599
205.6416097
204.8320589
206.9083912
206.6794953
208.8169787
209.4301727
209.4245625
208.505052
208.5482505
209.030166
209.7258299
209.5008612
211.1042542
211.331467
212.1079177
210.8237446
211.4504031
211.4504031
212.8422919
212.757578
212.6694979
212.3452288
211.3808367
207.5530023
208.708141
209.4464423
208.0074279
209.9721173
211.5659731
207.6438874
209.7241468
209.1019765
202.8976645
203.4738313
204.1560307
207.6652061
208.5213215
211.9491492
212.2246097
214.0204323
214.0204323
213.4633402
216.2560941
216.5955107
216.9214629
216.9450257
217.1419435
217.1419435
218.7531908
217.5419502
218.2308819
219.7815391
221.0752495
222.5804642
224.1103637
224.9507706
225.9207729
225.574624
227.4332808
226.7005896
230.0571679
229.0080618
227.0192486
229.914669
231.1573266
230.6030396
228.7774829
226.6209249
226.3965172
224.8997178
225.0281912
219.0090156
223.0937968
220.6943174
220.1377863
218.496244
215.8796501
218.2550057
218.9865748
218.9534747
219.3456271
219.2743777
217.5284858
218.0788456
217.7815054
218.3268162
220.7650059
220.5422812
221.7821338
222.4413314
223.2374177
223.0517204
224.4166802
224.3560901
225.2941143
224.292695
222.1793354
220.6746818
221.5173327
224.7375832
224.4262176
224.4121921
223.6553771
225.2133276
225.342362
225.8792574
224.7375832
227.8383367
227.8383367
227.9544677
229.6790409
229.5780574
230.2748433
233.8934176
237.2438246
242.2161383
247.2709218
252.3638547
253.8959982
250.9035215
250.9708438
254.9462263
260.5704444
263.5410414
261.5892554
260.676477
255.6183274
264.8504603
262.5794544
263.441741
265.6717925
269.9787374
274.4012522
271.5849355
275.9019787
278.6363866
275.2326827
276.4405572
277.7948577
283.3051889
278.2868716
273.230405
267.8951118
269.1484289
267.2617211
263.3598321
255.3064007
254.1159178
250.9102537
251.0005778
249.6126162
255.0522589
258.4817697
259.1045011
260.9979411
263.1281312
264.9054402
270.7793119
274.6357582
271.9125708
276.0669184
278.0259976
278.0102891
277.5463262
277.715193
281.4426049
284.9635618
284.7604728
285.667641
282.7654883
280.9763979
277.6714335
277.7785881
278.2717241
274.6985924
274.6985924
271.4183128
272.0186034
280.0221042
280.0221042
280.0221042
282.0513108
285.144771
285.144771
288.6477753
287.2839375
287.1044113
285.6452002
279.1211072
275.4587735
274.7058857
276.4719743
272.355776
270.0146426
271.5681049
271.4194348
266.1654895
267.257794
267.2364752
274.0910085
276.551639
277.162028
277.19064
278.5466235
279.9934922
278.6913665
281.7203095
278.6554612
276.7502398
284.3671983
286.0726969
287.6850662
279.1643057
278.8770638
276.0916032
269.997251
261.8091749
261.5185669
263.9786364
264.0700825
263.3789068
260.0694542
263.4221053
258.2506297
259.0136159
259.394548
256.7919797
256.7919797
256.7919797
256.7919797
256.7919797
257.5089623
264.2821478
267.0373134
269.2914888
272.472468
270.5840772
269.8637284
271.3605278
278.9774863
275.7555527
272.1375395
277.7533423
281.1228239
283.1654951
284.3312931
283.1991562
282.4625379
280.4888722
280.4888722
280.4888722
283.2042054
284.9360719
283.7685908
283.2423547
282.4490735
283.9094066
280.2521221
280.04735
285.6289306
286.5355378
287.2519594
290.2545344
288.8104709
292.2035153
292.8610299
294.5036943
293.3620201
294.3011664
293.2750621
294.4447873
294.2972392
294.1379098
295.8759474
295.6324651
298.7696848
295.3934709
293.8198118
293.8198118
293.5583769
291.6503504
292.1384371
290.6921295
294.2405763
298.6832878
299.2022306
299.7178073
300.4235695
300.9060461
300.9178275
301.5063367
301.6723984
301.6723984
302.9043967
302.2917637
303.989969
304.2098885
304.7838112
301.3829125
301.6987663
300.4095441
296.3343002
295.0422728
293.8607662
293.4882495
294.9985133
297.0630642
294.7898141
294.7898141
295.2139447
293.8949884
289.689027
288.9271629
294.522769
291.814729
290.7128872
287.9223774
287.4225092
285.1969458
283.7444669
284.125399
