100
100.0121924
98.41775659
96.81445356
95.80248282
91.81888716
85.20560851
82.08379517
85.51263578
92.53380625
91.30237198
91.75404567
90.7215695
86.55564176
85.11859898
83.59565507
84.05397916
83.66714697
85.30259366
83.8810685
76.54677455
81.32675682
85.36521836
84.00354689
83.11793394
80.44557748
79.66637109
78.10795832
75.58246509
75.88117934
74.96619375
81.37330969
80.57969408
79.43637774
80.49545555
80.84293948
79.83041454
78.9453558
78.99357127
79.04899135
77.1741299
75.77200177
75.27987143
75.50155176
73.77743294
73.04810463
72.00232764
67.41797828
65.75925515
67.46730215
71.08124584
77.14919087
80.57304367
81.35779206
82.84027932
81.26357792
83.55409
85.42950565
85.3280869
85.79694081
88.27421858
88.32298825
84.93792951
81.70416759
79.07171359
82.13810685
84.45577477
86.99733984
94.51562846
93.95699401
101.7352028
100.0703835
98.90323653
98.90323653
98.90323653
98.12680115
101.0341388
102.3376192
102.0583019
102.6446464
107.6041898
108.3013744
108.4548881
108.1157171
107.207382
107.207382
106.9208601
107.5044336
108.0913323
106.5944358
107.1187098
107.9378187
108.0503214
108.446575
108.8117934
109.6214808
110.1640434
110.8628907
111.9280647
112.4124363
112.2051652
111.5888938
111.0252716
112.1924185
112.5559743
112.086012
111.2342053
112.2068278
111.6576147
112.8230991
113.1190423
112.1785635
110.3535801
110.1496342
106.9884726
107.1829971
108.6488583
107.4096653
106.3433828
104.5233873
104.0456661
103.9985591
102.2688982
102.5919973
104.6785635
104.5849036
105.9859233
108.0542008
108.0542008
111.9142097
112.8557969
112.1613833
113.7281091
115.2493904
117.6003104
119.0246065
118.9919087
118.683773
118.137331
119.0611838
120.4577699
120.3181113
118.1794502
117.7416316
119.2363112
118.6604966
117.7466194
118.5468854
118.97362
118.97362
121.0496564
119.4762802
118.5884505
117.64908
117.5953225
117.0405675
117.1264686
117.088783
115.6118377
115.0748171
115.0243848
116.2209045
118.3174462
122.0150743
121.3395034
120.4228552
121.065174
122.9228552
122.1159388
122.4667479
121.7401906
122.1968521
122.1968521
122.480603
124.7666814
125.2017291
125.6306806
125.2238971
125.4150964
127.8003769
128.258701
127.1480825
125.0177344
124.9434715
126.0031035
124.3565728
123.7691199
123.0331412
122.2262248
119.2518289
118.1966305
117.8458213
117.8774108
116.6193749
118.7414099
119.6004212
118.791288
117.8984704
118.1179339
117.5731545
117.268344
117.0444469
116.3195522
116.0607404
117.1691421
118.9930171
118.3041454
119.3604522
119.7151408
119.3344048
117.1902017
113.8810685
111.8815119
109.622035
107.7438484
113.1173797
111.070716
111.070716
109.7262248
110.405675
109.1614941
106.6698071
103.3290845
96.40988694
100.7381955
98.46209266
98.30359122
98.20716027
101.5556418
106.738528
108.2986034
108.40501
109.988916
111.0795832
113.2459543
113.5751496
115.4228552
114.7417424
114.3693194
113.7098204
112.7765462
112.8613389
112.6003104
112.1724673
112.1724673
113.8921525
114.6763467
118.0597429
118.4986699
117.9466859
117.4285081
115.7747728
118.8755265
119.6514077
122.389714
122.389714
124.0545334
122.494458
123.1716914
122.6579472
122.6579472
122.601973
126.3029262
130.0781423
128.6859898
127.7798714
126.9280647
125.1856573
124.2440701
126.2918422
127.5216138
129.1559521
130.5652849
130.0349147
130.527045
129.622035
129.0822434
128.0154068
126.1250277
127.505542
127.4013523
128.2298825
130.016626
132.3614498
134.4419198
136.6371093
140.9759477
139.7373088
140.4660829
140.3774108
140.0360231
139.2784305
137.613057
137.7915096
137.8402793
136.8205498
134.9883618
133.3989138
133.3451563
133.1450898
132.5315894
130.9720683
129.053425
126.7640213
128.6311239
127.8674352
125.4477943
124.6597207
122.4983374
122.5615163
126.5024385
125.913323
125.9548881
124.9462425
123.2077145
123.0630681
123.7669031
122.8136777
122.6285746
120.9033474
119.9019065
120.4843715
121.4758368
121.5656174
124.2978275
126.1959654
125.0870095
124.6297938
124.6297938
124.6297938
122.9150964
122.2040568
121.7268898
123.6344491
124.4097761
125.8739747
125.1834405
125
126.7767679
124.7938373
130.8556861
134.0174019
131.9374861
132.0117491
131.3860563
132.925072
133.6144979
133.6144979
133.6017513
130.6040789
128.6627134
125.9942363
123.0553092
123.8611173
125.3790734
125.7897362
125.7309909
125.2000665
125.281534
125.4533363
125.3308579
126.5567502
127.1020838
127.2206828
127.0272667
126.5905564
126.8244292
127.8785192
126.7196852
127.7061627
128.1212591
128.0597429
128.2398581
126.4481268
126.6393261
126.0829084
125.3674352
126.1505209
127.0139659
128.0536466
128.2149191
129.8409444
129.6946353
129.3427178
129.461871
130.3502549
131.4398138
130.7797606
131.6709155
132.5260474
135.0570827
140.2909554
140.9155398
140.8728663
140.645644
140.6068499
141.8194414
140.0288184
137.7045001
137.9217468
136.5789182
132.9727333
134.5583019
136.346708
135.6694746
134.5305919
134.6092884
132.6950787
132.6817779
131.98681
131.98681
133.4321658
135.132454
138.5668366
142.3631124
141.0729328
139.2712259
139.6785635
138.4975615
138.3712037
138.1024163
137.7765462
137.8635558
136.8272002
135.8135668
135.1884283
135.2244513
134.8669918
134.7301042
135.8218798
135.0371315
136.7030592
139.4142097
139.0872312
139.194192
137.0355797
137.739969
137.8325205
137.2273332
137.5338063
137.3326313
137.5670583
137.7272223
138.3906008
139.6996231
139.5095323
138.5036577
138.6361117
138.3207714
138.0475504
137.1774551
136.7756595
137.370317
138.8012636
137.4129905
138.4166482
138.8572379
138.6300155
138.0320328
137.6524052
137.9666371
137.9666371
137.3270893
135.6450898
135.2948348
135.267679
134.9745068
133.573487
134.2512747
134.704611
133.8334072
133.0303702
132.1929727
132.6634892
133.2731102
133.5491022
132.6080692
131.3999113
128.5795832
128.5795832
125.8562403
126.1338949
126.8704278
126.8177788
128.5740412
128.6449789
128.0990911
127.4600975
127.9549989
127.2245622
125.3419419
124.6309022
124.4313899
123.3822877
122.4229661
120.3358457
120.408446
119.8221015
120.2721126
121.4193084
122.1597207
122.626912
122.7288849
123.3462647
122.086012
122.8851696
123.7608069
121.6626025
119.3770783
118.529151
119.5433385
120.6500776
117.4140989
115.2383064
116.9513412
117.3542452
117.4179783
117.4179783
118.1434272
118.6228109
119.9346043
119.2540457
119.2540457
121.0252716
123.9204168
124.1481933
125.6179339
127.6923077
127.2528264
127.4174241
127.398027
131.4835957
131.1305697
129.6286854
130.9670805
130.1235868
129.6126136
129.7140324
131.2563733
130.5386832
129.3011527
129.1703613
129.4280647
129.8725338
131.3505875
131.2403015
134.3704278
134.9883618
133.6194857
132.626912
131.7795389
132.0161827
132.877965
133.2553757
133.8494791
134.0174019
134.7677898
135.9393704
135.0554201
135.1751275
135.5941033
138.1057415
138.4637553
138.681002
138.531922
138.4061184
138.4643095
139.7001773
140.637331
142.2522722
142.5049878
143.1994015
141.7679007
140.1318998
140.3618932
139.3637774
139.7882953
138.5945467
137.8508091
138.6610508
138.7076036
139.2335402
140.1551762
140.1551762
140.1551762
142.1547329
140.9537796
141.6093992
142.1297938
143.7441809
148.269785
150.118599
150.6062957
147.469519
147.9755043
147.7698958
148.0580802
147.91953
148.7663489
149.0877854
147.3941476
148.0741521
149.1055198
148.131789
148.3506983
148.6970738
150.2111505
150.8301929
150.8301929
151.6692529
150.5963201
150.51319
149.3826203
149.8088007
149.8448238
152.9949014
153.6294613
153.4920195
152.0571935
150.4843715
150.1817779
151.6598315
154.492352
155.4583241
157.1353358
156.5284859
157.8181113
159.1864332
159.6253602
166.0335846
172.6740191
170.6268012
166.7346486
165.1446464
164.5300377
165.6212591
162.1214808
162.8153403
164.8027045
164.6613833
165.2848592
167.2228996
164.6176014
166.3938151
165.8656617
163.6577256
164.4158723
166.83773
167.5382399
166.1405453
164.900798
166.6365551
166.7634671
166.1261361
166.4137663
166.2652405
165.0836843
165.803037
166.7978275
166.3860563
165.5652849
157.1486367
158.0675017
157.8236533
152.2245622
151.0951009
153.0885613
152.9710707
150.631789
153.9725116
153.9725116
153.9725116
152.7726668
153.6649302
148.8034804
151.2053868
151.3140102
152.1669253
154.7456218
154.6974063
155.9316116
156.0773664
155.0360231
154.3449346
154.1819996
151.4337176
152.6834405
152.6113944
152.9261804
150.6207049
150.924407
150.8955886
152.1597207
151.5157393
152.116493
149.9318333
151.1034139
149.5926624
149.599867
150.7625804
151.6071824
150.7066061
149.1709155
147.9405897
147.2821991
146.5307027
146.8521392
147.9045666
148.2958324
148.1694746
149.2213478
149.6563955
148.1700288
149.6242518
153.1040789
152.6385502
152.4334959
154.8769674
159.2457327
157.4479051
156.7762137
156.5168477
156.5168477
156.2752161
154.7838617
154.856462
156.0441144
156.6071824
156.05409
153.9442474
152.9416981
151.20317
152.2384172
149.7910663
149.0129683
137.2035025
141.9169807
142.4440257
135.8351807
137.2289958
140.1568388
143.435491
145.8418311
144.1520727
140.952117
138.9364886
138.1644868
134.1819996
129.1227001
131.2486145
135.1823321
133.1212591
134.0988694
134.1775659
137.5144092
135.6029705
134.6658169
134.9817114
135.8013744
136.7545999
136.9435824
138.9619818
139.7805365
140.4976724
139.8902682
139.8902682
141.3877189
139.8237641
136.1350033
136.7130348
137.4157615
138.0220572
137.3304145
137.0400133
135.8651075
136.321769
136.3145644
137.8031479
137.8031479
137.3969186
139.9357127
140.2261139
140.3801818
140.3801818
140.8224341
140.1402128
137.4163157
134.7012857
131.9740634
128.9581024
128.5939925
129.8043671
129.5466637
128.0730437
127.003436
127.345378
127.2821991
126.2635779
126.3971403
125.7498337
123.3667701
123.015961
123.4776103
123.7835292
124.3831745
126.0252716
126.3871647
126.8549102
126.5190645
125.9526712
124.6176014
125.5314786
125.8856129
125.8357349
125.2011749
124.0412325
123.0348038
119.4064509
119.5704943
119.9711816
118.1190423
116.3167812
117.105409
118.3590113
119.2690091
120.7925072
121.873753
122.1209266
122.3143427
124.1188207
126.3927067
126.9430282
126.459765
125.4682997
125.4317225
125.2133673
124.185879
123.5967635
122.3991354
121.9208601
123.289182
125.7454001
126.7047218
128.0586344
129.1149413
132.8092441
132.3498116
130.4555531
132.9311683
135.1878741
135.8933718
133.1639326
131.7856351
131.7856351
131.7856351
134.5865662
135.1684771
138.3274219
137.7410774
138.1312348
138.6510751
139.2612503
138.4199734
136.8332964
137.9383729
135.8235425
136.305143
137.643538
138.5967635
138.5967635
140.6966305
138.5995345
138.5202838
136.6565063
137.0954334
136.3927067
136.0535358
135.5375748
138.0442252
136.6592773
134.9235203
135.1956329
134.1432055
133.8855021
135.0432277
134.704611
133.5502106
130.8229883
133.3390601
134.5932166
134.7894037
134.4264021
133.664376
132.9278431
136.2768787
134.4940146
132.3348481
130.5198404
129.0661716
127.384172
124.7339836
124.1415429
127.0366881
124.1581689
123.658834
123.3833961
123.8306362
123.0082022
123.2232321
122.8630016
122.8630016
125.36411
123.7796497
123.0769231
123.8528043
124.6829971
127.0710485
127.1286854
126.9773886
127.248947
129.5217247
131.6692529
131.0917757
127.3448238
128.8184438
127.1087342
127.8580137
127.2439592
126.5877854
126.9070051
126.7207936
126.7207936
126.7207936
126.6642651
126.4741742
123.934826
122.513855
120.9737309
119.2889603
117.4811572
115.7880736
111.0108623
109.7123698
110.0554201
111.3855021
107.6246952
108.5285968
108.7153624
105.2976059
98.32243405
95.8545777
97.73608956
93.4881401
86.67812015
87.09986699
83.9492352
82.52272223
87.7006207
86.93970295
86.53901574
88.28474839
89.29283973
89.36045223
84.50953225
81.92529373
82.40190645
85.77311018
81.62436267
78.07858568
77.01008646
74.7993793
75.002771
81.30514298
83.40833518
83.11017513
84.85369098
83.78630016
82.54655287
81.14719574
83.7497229
79.45799158
77.78984704
80.27211261
80.27211261
80.41565063
83.34183108
83.07470627
85.30203946
87.37308801
86.86710264
88.13566837
88.57902904
86.36277987
86.3832853
86.8399468
86.8399468
85.51596098
82.56982931
81.62547107
81.70361339
78.66548437
79.82819774
81.70028818
81.43815119
84.5366881
83.93316338
84.22356462
84.38372866
85.03048105
86.84659721
89.03402793
89.59377078
91.43205498
92.38638883
95.61737974
99.01851031
96.05796941
95.45111949
95.43005985
97.70505431
96.3821769
94.26069608
93.96364442
90.38461538
89.06007537
87.92673465
87.92673465
85.40234981
85.93327422
85.88949235
84.2130348
83.22821991
84.63034804
85.45666149
83.5551984
83.2221237
83.33074706
83.027045
83.08412769
83.08412769
83.04588783
81.28075815
81.22977167
81.26302372
81.26302372
82.20738196
83.66714697
85.77920638
84.90855686
85.48049213
84.0778098
82.36144979
76.12669031
73.70871204
79.29006872
80.23165595
79.45189537
82.68454888
80.74373753
79.39702948
80.07703392
79.59210818
78.78519175
78.97860785
79.340501
79.4746176
81.49634227
81.40711594
81.2475061
80.90390157
80.93659942
81.29073376
81.00698293
81.59720683
81.63267568
81.47306584
81.80946575
81.86931944
81.59332742
81.36333407
80.73043671
81.03413877
81.56395478
80.3929284
81.49745068
81.14497894
80.5941033
81.60662824
81.49246287
82.35978719
81.86765684
81.53679894
82.21624917
84.53336289
83.9475726
84.4768344
83.5529816
83.45100865
84.58324097
85.21170472
84.36544004
83.64719574
83.30691643
84.19474618
84.1448681
83.85834626
84.74728442
85.60740412
85.60740412
85.60740412
84.64364886
85.21115052
85.15462204
86.6476391
86.71746841
86.00864553
86.30902239
86.34947905
87.29494569
93.07636888
97.98935934
97.27111505
97.20239415
97.61693638
97.95444469
97.0372423
96.99512303
96.48027045
96.67534915
96.98015961
97.20461095
97.31378852
97.39082243
100.7154733
100.3225449
101.5794724
101.5528708
99.37929506
99.72456218
100.6766792
100.1784527
101.0297052
98.56683662
99.45078697
98.66215917
97.90567502
96.34615385
96.45976502
94.91299047
95.1961871
95.66670361
95.29206384
94.8032587
96.13167812
95.81522944
96.87763245
96.99290623
97.18355132
95.91553979
95.20505431
95.56195965
95.6583906
95.46442031
95.03325205
94.343272
94.50565285
94.4718466
94.0778098
94.38151186
94.17922855
94.22744403
94.22744403
96.66537353
98.14121037
98.36178231
97.90290401
98.18499224
98.16559521
98.79350477
98.90656174
96.36721348
95.81079583
97.24617601
98.00376857
98.40944358
96.9047883
96.12724451
94.90911106
95.22445134
95.30093106
95.04544447
95.71935269
95.71935269
95.71935269
95.62125914
93.89714032
93.05752605
92.8968078
92.43017069
92.18798493
92.46730215
91.4481268
92.97605852
92.47007315
93.31800044
93.12236755
92.79982266
91.68920417
91.14109953
91.27521614
91.42983817
91.58889382
91.22589226
91.02527156
90.91110618
90.86566172
91.45145201
91.40877854
91.2524939
91.15162935
91.60274884
91.44591
91.23088007
94.29173132
98.53968078
98.10186211
97.24340501
95.54145422
95.57304367
95.35136333
94.65196187
95.36632676
95.62458435
95.51485258
94.24517845
95.29095544
96.88927067
96.52904012
96.18765241
94.77665706
95.00609621
94.97173576
94.60152959
94.94845932
94.94845932
95.28485923
94.07171359
94.52172467
92.87297717
91.03857238
90.63622257
90.5259366
89.69685214
89.77610286
90.40567502
88.818998
87.15861228
88.48315229
89.03347373
90.35358014
90.35358014
88.96087342
89.41365551
89.51230326
90.24107737
90.62292175
90.659499
91.34726225
91.07348703
91.01529594
90.56362226
90.07038351
89.63090224
89.70128575
89.58379517
89.41919752
89.26790069
90.16515185
89.65805808
90.2610286
91.67978275
93.44934604
94.4081135
94.52394148
94.19363777
93.41609399
92.66626025
92.66626025
93.7524939
93.74473509
93.46985147
93.97417424
94.87197961
94.472955
93.20494347
92.20350255
92.4362669
92.48891598
92.33983596
92.33983596
91.43260918
91.09343826
91.31068499
94.54333851
94.54333851
93.30525382
91.9707382
92.32320993
91.89813789
92.73664376
92.37419641
92.87796497
94.19363777
104.7766571
105.9144314
108.0841277
107.4301707
107.5897805
105.4633119
104.7644646
104.2257814
102.0898914
104.2712259
106.4492352
105.0581911
104.9772778
105.2311018
106.8205498
108.5668366
112.0577477
112.3348481
113.6100643
116.8427178
118.1811128
119.6962979
119.4158723
116.829417
115.2782088
114.886943
112.9394813
111.167147
112.0039902
112.9832631
114.5400133
114.31002
112.3354023
113.7547107
114.448016
115.4616493
117.2090446
118.3468189
116.1682554
115.629018
116.0418976
114.9429173
113.8278652
113.6084017
111.3334072
110.7769896
109.0911106
110.3469297
110.0088672
108.4748393
108.7552649
108.1572822
107.5631789
105.4710707
102.9428065
101.5706052
102.3996896
100.2904012
98.46541787
100.0975393
100.3535801
103.3955886
103.3678785
101.7030592
101.3478164
101.5567502
99.29173132
96.33285303
99.51341166
98.64054533
98.64054533
98.64054533
97.51718023
97.8951452
98.47317668
97.08268677
97.25781423
97.25781423
100.9958989
99.85202838
97.5681667
96.39714032
94.56107293
94.96120594
92.95610729
94.02904012
94.12602527
93.71979605
95.82409665
93.26756817
92.31378852
88.06417646
86.79671913
84.74395921
83.57348703
85.7913988
84.82542673
86.76845489
88.33130126
87.28275327
88.74418089
92.59643095
91.97849701
92.73054755
91.43538018
92.40024385
92.32598094
92.14420306
92.6978497
93.06417646
92.59421414
90.27765462
88.98525826
88.24983374
86.64930171
87.62635779
86.23475948
86.15495456
88.07526047
90.11084017
90.34305032
89.75005542
88.30636223
87.92063844
88.72256706
89.11549546
90.33418311
90.22057194
89.11438705
87.50554201
88.57902904
88.0275992
87.00509865
86.58556861
85.23830636
86.98293061
86.28851696
86.04854799
85.80303702
85.42285524
85.49379295
85.49379295
85.55309244
85.34138772
85.48825094
84.66304589
84.97561516
84.57548215
84.9334959
84.35380182
84.90855686
85.03325205
86.14941255
87.4318333
87.73054755
87.65295943
87.83584571
87.51274662
87.22677898
88.18332964
88.19275105
88.10407892
87.92174684
88.30359122
88.31800044
87.81256928
87.61139437
87.46342274
86.42872977
87.1031922
86.96408779
87.06273554
86.61882066
86.76900909
86.85823542
87.41797828
86.36499667
80.80026602
81.18044779
81.69252937
82.05165152
81.71913101
79.85147417
78.64996675
78.92928397
77.81977389
78.50698293
78.55686101
78.02039459
78.26202616
77.64021281
77.32930614
76.23309687
76.27133673
75.8567945
75.14630902
74.87364221
74.93848371
74.19585458
71.75792507
72.16747949
72.35757038
71.54899135
71.91808912
71.28408335
71.56561738
72.51551762
72.48559078
73.89935713
73.948681
73.44602084
71.65207271
71.53014853
70.53424961
70.31589448
69.06783418
68.30137442
66.47084904
66.23974728
65.65118599
65.32476169
66.01252494
65.84626469
66.90201729
67.40634006
67.46397695
67.20627355
67.73886056
67.10152959
67.72833075
68.33518067
67.86632676
67.66626025
67.7632454
67.65351363
67.1065174
67.09931279
67.58257593
67.42019508
67.18078031
67.09377078
66.89536688
66.57559299
67.70560851
69.0794724
69.37818665
69.30336954
69.30336954
69.77166925
69.23464864
69.13821769
69.2784305
69.2784305
70.40733762
70.3934826
70.22057194
70.18898249
70.74817114
70.21946353
70.31256928
71.07071603
70.53591221
70.54533363
70.82797606
71.38716471
71.91254711
72.2356462
73.78463755
74.9323875
74.94956772
74.80658391
74.28009311
74.4746176
76.39547772
77.48337397
79.26291288
78.88716471
79.03846154
79.72012857
79.02959432
79.09332742
79.57160275
78.91986256
78.44324983
78.66160497
78.79960098
79.49346043
78.33739747
77.79261804
78.0264908
77.97938373
76.79173132
77.9577699
78.07027267
77.68177788
77.22068278
76.7734427
75.74207493
75.75925515
76.6465307
77.38694303
79.19696298
78.36566172
76.6459765
75.2599202
75.75814675
76.43648858
76.56450898
76.21480825
75.262137
75.6561738
76.60108623
76.91476391
76.34449124
76.39436932
77.39913545
77.0383507
77.44956772
76.69252937
77.00066504
76.89869209
76.06794502
72.42185768
72.06218133
69.63644425
69.65085347
69.65085347
69.69186433
69.00410109
69.00798049
69.88528043
70.36300155
69.65417867
69.61372201
69.05564176
68.98137885
69.4075593
70.12691199
70.16182665
71.21536245
71.36333407
72.24451341
72.34648637
72.04389271
72.72001773
73.44214143
73.58124584
74.04677455
73.5502106
75.10308136
77.50609621
78.69596542
78.79350477
77.77266681
77.13699845
77.42296608
77.82420749
77.19851474
77.46065174
75.61405453
74.96896475
75.73653292
78.37619153
81.48913766
80.2660164
80.90445577
80.70826868
81.04245178
80.48381734
80.07204611
80.3929284
81.04743959
80.41509643
80.88727555
80.81578364
80.27654622
80.06207049
80.0681667
79.88306362
79.59210818
80.28153403
80.39126579
79.76224784
80.39015739
80.1972955
80.08756373
80.43892707
80.89060075
80.73819552
81.03413877
80.12358679
80.11693638
79.81600532
79.71624917
79.10164043
78.40667258
78.77244513
78.21159388
77.61804478
76.50354689
76.183773
77.68233208
78.03424961
77.99822656
78.05918865
78.34958989
78.13400576
78.30137442
77.77266681
77.63688761
78.21381068
79.03624474
79.29782753
79.54389271
80.62513855
81.01972955
81.19596542
81.21369984
81.00476613
81.46586123
81.36333407
81.51851031
81.89647528
81.05852361
81.84604301
81.85491022
81.97794281
81.81168255
82.42130348
83.03923742
82.81035247
82.33817335
83.32021725
81.90090889
81.63655509
82.52660164
84.18532476
84.41199291
83.29361561
83.71037464
80.98315229
79.29228552
79.68299712
80.29760585
80.21059632
79.9357127
80.05098648
80.50543117
80.11859898
79.03236533
78.67268898
78.25592995
78.69651962
77.52771004
76.81112835
74.59432498
75.07426291
75.07758812
75.50266016
76.74407005
76.63101308
76.58279761
76.56727998
75.86399911
76.35003325
75.70826868
75.264908
75.02715584
75.89060075
76.07570384
76.06739082
76.06739082
76.13112392
75.94158723
75.55863445
75.14132121
74.98836178
74.72844159
74.61261361
75.3956994
75.66393261
75.5292618
75.86289071
75.8551319
75.16515185
76.01529594
76.54843715
76.71802261
76.72855243
76.73464864
76.77288849
76.46364442
76.66481933
76.3167812
76.74129905
77.71170472
78.54023498
77.16581689
77.79206384
78.0287076
78.86998448
78.60784748
78.79017956
79.18199956
78.92595877
78.6200399
79.2119264
79.18754157
79.18754157
79.59377078
79.28341831
79.88638883
79.85424518
79.85424518
79.96563955
79.44967856
79.70017734
78.28142319
78.53358457
80.17457327
80.05874529
80.50875637
80.35136333
81.96630459
83.50033252
82.85080913
83.04921303
83.06140545
83.12458435
84.06727998
83.79682997
84.2789847
84.53502549
85.19286189
85.45610729
86.85712702
87.24728442
87.77100421
89.1459765
88.10740412
87.12702283
88.74473509
87.19020173
88.31412104
88.36843272
88.72589226
89.78275327
89.94291731
89.50953225
88.92429616
89.11494125
89.51174906
89.75670583
92.38805143
92.8940368
91.95799158
92.2400798
92.4346043
90.44169807
90.30536466
90.05154068
90.11527378
89.10718244
88.39226336
89.92739969
89.02460652
87.77765462
90.71325648
90.80359122
90.69884726
92.12646863
93.49756152
94.45965418
94.19142097
95.1330082
95.18787409
95.18787409
95.92496121
96.04466859
96.06794502
94.87807581
95.09532254
94.89470184
95.04655287
96.40656174
95.9238528
95.96153846
96.14885835
94.57603636
95.3956994
95.38129018
94.94901352
94.86255819
94.92130348
94.31001995
94.24961206
94.46962979
94.55275992
93.8799601
93.99855908
95.34305032
97.60917757
98.44214143
97.78097983
96.53956994
96.32066061
95.53535801
95.34637553
94.17590335
94.28286411
96.17545999
96.53901574
97.03557969
97.70782532
98.14952339
100.0387941
100.0714919
100.6561738
101.4497894
100.8828419
99.68743072
98.86444247
99.01851031
99.72068278
99.79549989
99.80658391
96.74628685
93.75859011
92.52105963
93.50698293
92.0366881
93.4892485
92.02726668
91.90146309
91.95466637
94.75448903
94.29671913
92.12757703
91.09620927
91.14220794
89.73121259
88.86000887
88.99024607
87.27444026
85.00942141
85.31755708
85.07814232
86.49689648
89.19862558
88.91764575
89.08556861
88.02205719
88.90767014
87.96608291
88.11460873
87.70394591
89.16648193
88.72866327
83.92152516
83.71979605
83.68876081
79.85812458
80.15240523
80.15240523
80.87231213
81.28186655
83.41720239
80.77754378
80.67612503
81.9086677
81.56838838
83.08745289
83.10186211
83.00099756
83.45100865
85.88395034
86.69252937
85.7226779
86.62713367
85.11582798
86.27189093
86.62380847
87.47894037
88.65550876
87.91620483
88.57182443
88.40002217
88.5507648
88.64719574
88.12403015
89.18587896
85.28873864
86.05963201
87.35147417
87.04389271
87.84803813
87.72555974
87.60973177
86.27466194
86.67978275
86.73575704
85.1961871
83.96364442
83.10962093
83.31190423
82.09709599
81.83772999
83.13566837
83.41387719
83.58512525
83.36455331
84.06395478
84.38262026
84.38262026
82.53436045
81.67202394
82.41354467
83.46153846
82.74551097
83.01706939
82.2345378
83.05142984
82.52771004
84.12325427
85.92606961
86.53458213
85.58856129
85.38683219
86.33340723
86.3151186
87.64686322
87.54710707
87.60086455
87.70837952
88.17612503
89.8697628
90.80747063
91.78120151
90.2599202
90.42008424
89.96342274
90.00886721
91.20372423
90.88782975
91.35557526
92.98270893
92.57703392
92.0377965
92.77820882
92.78375083
93.57404123
94.51618266
93.82176901
93.65772556
94.82653514
97.25171802
98.23320771
97.88849479
97.0383507
97.15694968
100.2516072
101.1117269
100.9898027
100.5032144
101.2918422
101.5495456
100.9587675
101.2120372
101.29683
101.29683
100.6423188
101.0668366
101.1826646
101.2353137
101.2353137
101.2441809
102.5094214
103.3052538
102.0206163
102.2095988
102.6346708
103.6156063
104.0279317
103.3778541
103.3662159
103.4205276
105.3303037
103.4598759
104.6719131
105.4200842
107.5853469
109.5599645
109.6519619
109.6885391
108.1689204
107.795389
107.5011084
108.1135003
109.9562181
109.4513412
109.7084904
108.3518067
107.8624474
107.1874307
107.0023276
108.2758812
107.3858346
107.2993793
106.6897584
107.6457548
108.1107293
107.4767236
107.4534471
106.6210375
105.665041
105.7093771
105.8396143
104.9706274
104.7666814
105.6600532
105.6384394
104.7450676
102.7970517
101.570051
100.9975615
100.5264908
101.7917313
101.7013966
102.2289958
102.5870095
103.1661494
101.9446908
102.7033917
102.8142319
101.9851474
101.834959
102.0982044
103.6854356
102.9505653
102.7288849
104.8825094
104.754489
105.1839947
105.4234094
106.1111727
107.348149
107.615828
106.7695633
107.3015961
109.5743738
109.5743738
109.5743738
109.2673465
110.3707604
109.8354023
108.0475504
107.6767901
106.3156728
107.4013523
109.0944358
109.0767014
109.0927732
110.2261139
110.5165152
110.786411
112.1065174
113.1389936
113.1212591
112.1447573
111.2536023
112.1597207
111.9890268
113.2154733
113.4072268
114.1110618
114.0440035
114.0573044
114.061738
114.9589891
113.6521836
114.7910663
115.6517402
115.4034582
115.626247
115.2466194
118.3745289
119.6586123
119.8004877
116.5805808
117.7577034
118.6665928
118.810685
117.5243848
117.7033917
117.7238971
116.4880293
116.5395699
115.9360452
115.1113944
115.9349368
115.140767
115.1064066
115.1474174
117.4107737
118.7530481
118.7125914
118.656063
118.4426956
118.0220572
118.181667
117.9101086
116.1943028
117.9422523
117.1996231
114.6613833
114.7594768
114.7495012
116.5384615
116.9308357
118.1024163
120.013855
123.0785857
123.0469962
123.0863445
121.456994
122.1696963
122.5232764
125.2687874
125.1862115
125.4760585
125.6201507
125.9371536
128.7425183
128.2143649
128.0641765
130.8329639
128.9364886
128.2182443
129.5605187
130.1784527
129.8991354
130.6711372
127.0322545
126.4935713
130.2560408
129.85092
128.5435602
128.6621592
129.3188872
129.4003547
129.2540457
131.4104411
130.7503879
131.9657504
131.3605631
130.3995788
131.9286189
130.9637553
131.7119264
131.9125471
132.5121924
135.7792064
138.3207714
140.5719353
142.5399025
139.7051652
136.5528708
137.7610286
136.3904899
137.0588561
137.2511638
137.0577477
137.1940811
137.2467302
137.235092
140.4034582
140.7537131
144.2424074
144.3465972
143.9420306
145.637331
145.2139215
147.0405675
148.2742186
150.3624474
147.3947018
150.7797606
150.101973
152.4290623
157.0056528
158.6399911
154.6636001
156.0884505
158.5712702
157.3021503
158.1927511
159.737863
160.099202
159.5666149
163.6682554
165.7553757
164.9041233
162.0693859
168.1910885
167.1597207
169.196963
172.5554201
167.2012857
176.1039681
181.2901796
178.2647972
179.2097096
188.2149191
192.6989581
189.2989359
189.2712259
188.4487918
188.261472
190.3884948
177.488916
180.9421414
184.0096431
184.3604522
177.0677233
175.3990246
180.0504323
178.1971847
180.7066061
182.5376857
182.486145
182.486145
185.9099978
192.6845489
190.5885613
190.7215695
190.7215695
190.3452671
201.8172246
199.8935934
198.2908446
194.6735757
197.511084
193.8007094
190.6118377
184.1692529
177.5653957
176.984039
175.4782753
184.7312126
182.9117712
182.7117047
184.5594103
183.4415872
184.9606517
183.7536023
167.3719796
168.286411
165.764243
173.6826646
171.070716
169.6785635
172.9816005
177.781534
175.5292618
179.3438262
183.3806251
180.913323
179.2368654
182.3038129
177.2755487
176.1167147
171.5351363
170.6118377
175.5691643
170.4350477
172.8768566
170.8046996
175.2200177
174.6774551
171.2076036
171.2796497
174.5433385
173.0935491
173.2764354
170.5625139
171.4592108
175.4716249
174.8154511
175.0144092
172.475061
179.4397029
181.3145644
183.4842607
179.8442696
179.9623143
180.3025937
185.0227222
189.2169142
194.3116826
202.1253602
199.503436
197.6136112
192.1802261
191.942474
194.5588561
194.3948127
194.3948127
190.4622035
181.5683884
181.0086455
180.5253824
185.2155841
182.7560408
181.721902
178.1888716
179.6225892
179.6375526
176.7994901
174.3998005
163.5241632
165.1418754
164.4990024
161.3395034
165.377965
167.2228996
164.7084904
157.0533141
157.5421193
157.795389
156.3622257
154.7578142
155.1330082
152.7128131
153.8317446
160.9454666
161.5622922
166.3018178
166.4453558
171.7174684
170.2067169
173.0137442
172.4512303
172.5592995
170.1851031
169.9174241
168.2869652
168.4305032
169.3615606
169.6636001
165.9870317
164.7616936
163.43272
162.6374418
163.3285303
160.918865
160.8872755
163.0697185
167.8375083
166.2846376
166.5295943
170.4827089
171.2347595
171.1882066
171.161605
171.1067391
170.4466859
171.1106185
171.2270007
169.7949457
173.9392596
177.2644646
174.8891598
174.8958102
175.4173132
175.6212591
175.8440479
175.499335
175.3269785
174.7988251
171.2641321
167.7444026
165.687209
164.1487475
163.5468854
163.683773
163.6765684
170.6583906
171.0258258
170.896697
169.2856351
166.9790512
166.2979384
166.6149413
166.7169142
164.6015296
165.4034582
166.7268898
168.0918865
172.1824429
171.7667923
174.1127245
174.9002438
174.7772113
175.016626
175.3990246
177.9123254
178.4321658
178.5075371
177.2289958
176.9568832
179.1221459
178.7957216
178.7596985
178.4144314
179.2812015
179.1686987
179.368211
178.8738639
179.6996231
179.7589226
177.5144092
177.5338063
177.4761694
178.9137663
180.2128131
178.9835957
179.2762137
181.6448681
183.5890047
185.3303037
188.6981822
188.7508313
189.7223454
192.64908
198.6693638
198.7729993
198.8988029
196.9917978
197.3171137
194.18865
186.5628464
187.7654622
188.2803148
189.5322545
192.4501219
194.867546
191.5888938
192.4661937
193.3362891
189.6890933
188.2426291
194.3826203
194.1919752
194.8326313
190.7032809
191.2353137
193.7669031
194.4469076
196.7363112
196.870982
196.3372866
194.7528264
196.4980049
198.5225006
197.8652184
193.2409665
193.0990911
191.4315008
191.2225671
193.7231213
193.4975615
194.0329195
198.2066061
194.2180226
192.9832631
187.5238306
189.351585
189.219131
188.049213
187.2982709
183.4332742
186.873753
189.3538018
191.0585236
191.3450454
191.0723786
191.2270007
191.0335846
191.9707382
191.6099534
191.4414764
191.2779871
190.0692751
190.8656617
190.140767
190.2876302
190.3081357
187.5870095
185.1551762
184.4990024
182.7577034
184.6314564
186.5999778
187.2339836
187.0577477
184.1071824
186.5124141
185.3707604
185.8734205
186.5273775
185.6340058
186.6880958
187.1447573
189.1892042
189.5588561
191.4121037
192.5620705
190.6905342
192.3027045
193.0591886
189.9900244
187.0289293
185.2820882
187.2278874
186.6454223
187.3104633
190.3962536
191.1194857
194.2712259
194.3837287
196.8355132
197.8702062
197.8580137
199.0833518
198.970849
201.3600089
203.8904899
206.8272002
205.3336289
204.180337
203.9520062
208.8577921
209.1127245
210.5098648
211.4786078
208.8367324
207.9732875
205.3785192
209.0678342
206.4869209
207.3099091
206.5240523
205.2599202
203.7436267
200.3940368
200.4555531
200.4555531
198.3285303
193.6200399
195.2083795
197.2384172
199.1420971
199.1221459
200.2527156
198.6483041
200.8490357
199.1975172
198.8090224
199.1825538
199.9030149
194.3931501
192.6745733
194.1315673
200.113057
200.7315451
199.5510973
199.196963
200.1452006
202.1735757
194.0761472
191.5090889
192.0743738
191.9131013
191.343937
193.2115939
193.5125249
194.5732654
196.3993571
192.9145422
192.5781423
188.7192419
185.5658391
185.4245178
187.7904012
190.5852361
188.5424518
189.2146974
189.3582354
186.3589005
185.162935
185.4211926
187.4246287
187.6003104
188.7840834
189.881401
193.7192419
194.185879
194.1315673
192.7771004
188.1500776
187.8884948
190.557526
192.6219242
191.7335402
192.2373088
196.3389492
196.5634006
194.7633562
193.6992906
194.0473288
191.3528043
191.8510308
194.2202394
194.8237641
194.7910663
193.8322988
191.7967191
191.6570605
192.9594325
194.1908668
194.6281312
198.1644868
201.2270007
199.6375526
199.3659942
199.7977167
198.1534028
200.5514298
200.2859676
201.710818
202.2633562
206.4414764
205.5109732
205.8673243
207.3525826
207.3525826
207.3525826
213.258701
213.4083352
215.8856129
215.6223675
215.5259366
217.7992685
215.8074706
216.070716
220.3923742
215.6800044
217.8214365
219.97229
216.8715362
213.7890712
212.8713146
214.9883618
212.0483263
210.8368433
211.6892042
212.759366
213.9841499
214.1055198
213.1201507
219.0257149
220.0471071
219.6103968
219.4291731
220.4234094
222.731656
229.3975837
227.9533363
222.5121924
226.846043
232.2661272
233.0043228
235.5763689
236.2275549
237.7444026
232.2217912
234.8193305
243.0220572
243.7547107
245.891155
247.9810463
250.4300599
254.9883618
258.4643095
251.5911106
242.9816005
246.3710929
243.7946132
248.2609178
245.9099978
238.4798271
236.6249169
242.5703835
236.9474618
234.5710485
229.5555309
233.7308801
240.9958989
242.7970517
246.5805808
230.7908446
225.3552427
225.9011306
226.051319
236.6770117
238.2653514
236.9103303
233.3396143
231.217025
234.6486367
235.5475504
239.4735092
237.6318998
238.3523609
241.1427621
248.5252716
246.7257814
244.5849036
245.0476613
243.3772999
242.4373753
246.4464642
245.237198
247.3852804
244.4252937
255.389049
253.5413434
259.3338506
262.7421858
263.3795167
263.3795167
265.3463755
265.2161383
263.7536023
261.2136998
255.9704057
251.6343383
242.8657726
242.1447573
243.6665928
244.8442696
245.9947905
246.5090889
244.0218355
246.6936378
245.7110397
244.5699401
245.0559743
253.0348038
261.4808247
253.6688096
256.3306362
257.3969186
256.059632
256.3516959
250.8523609
251.7058302
253.0841277
257.1896475
255.952117
259.3759699
251.5767014
251.2136998
257.1918643
261.3899357
268.534693
275.2471736
278.7214587
286.4858125
284.6098426
287.522168
288.3678785
296.2818665
283.9231878
281.3117934
286.1776768
277.3337397
268.968078
274.4546664
269.5926624
268.9641986
275.9088894
275.7986034
280.9094436
283.3617823
281.8327422
283.4920195
278.7475061
275.888384
280.4017956
283.2681224
287.1874307
268.5252716
262.13589
259.4009089
266.0225006
270.3269785
265.6661494
264.1071824
266.7352028
270.554755
271.1133895
264.1238085
260.4827089
262.7211261
259.0600754
257.4839282
260.5697185
259.7001773
271.953558
271.0951009
267.9572157
272.6873199
275.5974285
281.2619153
285.2266681
285.287076
287.3802926
280.8955886
284.4252937
285.0105298
285.0105298
295.8446021
305.3685436
312.1791177
302.2567058
309.7561516
306.4109953
308.4986699
311.9956772
301.81002
311.0435602
311.5151851
314.4762802
303.0863445
309.6907559
312.6091776
318.3856129
329.8331855
332.3830636
332.5786965
321.2929506
308.7164708
312.477832
303.4576591
286.0219464
279.0002217
272.4961206
283.6654844
276.7457327
284.8520284
290.2089337
289.6320106
282.7011749
274.6874307
281.8299712
294.053425
290.3120151
284.6896475
286.9153181
274.4419198
275.1623808
264.2490579
254.9545555
256.9640878
269.7938373
272.25726
266.3267568
267.3171137
270.1529594
273.31135
275.3086899
284.2762137
282.342607
284.6442031
284.7954999
301.3140102
309.1420971
308.9048991
307.7831966
305.1341166
308.4670805
307.3204389
309.1227001
307.9466859
296.3500333
297.0123033
293.131789
292.1580581
303.0846819
294.9661937
289.4014631
290.8623365
295.1657061
300.5619597
310.7398581
310.7121481
320.1468632
318.0087564
320.7913988
315.9632011
313.697628
316.5550876
315.0177344
314.889714
312.2993793
314.0489914
310.3951452
312.5315894
315.6445356
312.8929284
314.2002882
320.1939703
319.0185103
316.1106185
313.7303259
315.9404788
316.3167812
314.3421636
314.9772778
322.254489
326.4603192
327.6246952
334.5987586
334.9346043
334.0318111
328.9525604
316.288517
312.9428065
315.7476169
315.0692751
319.4092219
327.886278
324.8919308
323.3163378
322.2899579
316.4475726
318.943139
325.7060519
333.70317
331.6044114
331.8039237
329.8315229
321.8809577
313.2309909
319.4463534
324.7821991
328.8888273
330.2499446
332.3741964
335.6916427
342.9893593
348.8594547
347.4617601
349.191421
351.4952339
350.9776103
351.0878963
349.6818887
350.8362891
349.735092
349.7306584
344.895256
348.2110397
348.0996453
354.9706274
360.9360452
369.6624917
373.2664598
369.450787
378.2481711
369.0168477
365.7503879
358.2686766
360.4627577
355.2045001
351.8521392
356.3915983
359.5926624
356.4758368
356.868211
361.0546442
359.1675903
359.070051
360.7459543
364.9794946
364.8681002
366.9397029
369.1371093
370.4333851
373.8771891
373.9714032
381.0119707
374.9595433
377.9394813
380.6024163
384.092219
385.9809355
376.7512747
371.214254
361.6620483
361.7911771
361.7911771
368.4332742
375.9293948
373.178896
372.0632897
372.0632897
373.4903569
366.4259588
359.3864997
357.1802261
358.5280426
356.067945
360.3591221
366.0180669
368.1783418
368.5396808
368.8029262
371.1217025
372.6839947
376.3062514
378.9231878
386.6631567
391.600532
394.1714697
392.8458213
395.2987143
396.7956107
405.7193527
411.4309466
411.6953004
411.3589005
417.0139659
421.9884726
419.199734
421.1056307
419.9484593
436.0867879
441.5262691
440.9742851
444.3050321
445.3042563
443.813456
453.3745289
463.6943028
468.4565507
461.7983817
438.6045223
442.886278
439.0927732
430.6295722
416.158834
425.5569718
434.0622922
441.8554644
441.4902461
443.2659056
428.5928841
429.4347151
440.3347373
436.5744846
449.9013523
453.6843272
455.8329639
452.1502993
452.9882509
457.8740856
457.4811572
458.2980492
457.0222789
458.9913545
465.3247617
479.6309022
483.3806251
483.4210818
483.4210818
489.895256
496.3084682
494.9512303
492.8369541
496.4891377
500.8872755
514.9107737
521.5212813
516.0019951
520.5403458
530.126912
528.1439814
529.2346486
527.248947
527.2445134
525.9909111
525.8412769
531.5800266
537.2478386
546.8299712
555.7537131
566.2757703
578.821769
583.6078475
589.5178453
571.5827976
565.2410774
559.6408779
563.2199069
565.2078253
571.1244735
562.3553536
568.0192862
553.7779871
556.6592773
556.1006429
552.7521614
541.470849
556.6953004
570.8329639
575.8191088
576.7257814
570.4976724
566.0962093
556.5999778
570.1479716
571.2175793
578.2526047
582.9067834
590.8667701
595.4400355
601.3755265
597.2616936
602.3376192
598.2343161
604.9540013
597.2555974
590.7830858
603.6970738
603.7624695
625.2250055
626.1854356
630.0049878
629.5172911
639.4712924
643.0137442
634.9523387
647.5543117
662.6512968
671.0973177
671.7978275
675.7127023
677.3603414
683.8960319
689.2479495
698.2199069
700.5686101
691.6698071
679.0168477
661.6703613
671.859898
685.3801818
661.8138994
664.0351363
649.0423409
635.8878297
645.8673243
667.9516737
637.897362
619.8304145
634.1210375
610.5896697
583.396697
536.8022611
576.3710929
574.0412325
584.0002217
606.564509
602.6285746
622.1092884
622.660164
600.8019286
610.8263135
610.7049435
629.8836178
630.7980492
635.3984704
632.4678564
641.1715806
626.713589
619.7932831
632.0616271
637.5919973
644.3743072
643.2304367
642.6851031
667.1020838
691.5284859
695.2693416
705.4278431
712.7626912
705.8457105
712.3088007
727.8873864
731.5595212
746.6620483
747.9594325
736.7817557
729.3421636
744.6131678
744.6131678
756.5778098
778.1694746
786.0363556
791.967413
788.6244735
786.1061849
773.4426956
778.159499
768.6261361
752.519397
779.0556418
769.2512747
763.3922634
794.0484372
814.988916
811.3816227
824.7894037
824.616493
788.8583463
761.7917313
789.1587231
771.4774994
752.8469297
727.4201951
679.8309687
709.8160053
726.5733762
697.9272888
700.7969408
667.8879406
680.3502549
661.3971403
673.7076036
676.7806473
671.5318111
655.6340058
690.9709599
711.9208601
704.1027488
702.6557304
692.3969186
697.0632897
708.9608734
730.5569718
734.633119
714.4607626
724.4036799
709.0999778
699.2884061
677.2278874
673.5989803
672.2899579
676.5406783
688.6233651
688.421636
688.421636
708.2265573
694.5571935
692.2999335
692.0289293
692.0289293
704.2390822
720.3485923
702.8070273
691.9568832
698.8777433
692.1907559
689.0218355
688.8771891
703.9342718
681.0895589
656.5329195
636.6393261
619.8160053
575.637331
601.8549102
586.8028153
610.2499446
634.3554644
631.429284
645.1413212
658.8760807
660.9670805
678.4471292
683.4731767
659.1980714
645.2449568
660.7814232
684.7439592
690.5287076
698.8489249
704.8636666
696.7268898
695.2693416
699.5815784
718.8428286
742.2301042
743.01319
745.4544447
746.6908668
745.5907781
762.8397251
785.4101086
763.1506318
772.4035691
750.6611616
768.8594547
774.0307027
761.4719574
746.4409222
771.8465972
782.224008
778.4864775
787.604744
753.830082
770.9005764
740.1839947
740.2859676
740.2859676
740.3557969
741.0973177
745.896697
753.7524939
744.7594768
724.1493017
739.5350255
763.8339614
770.5237198
784.1498559
785.1512968
787.0217247
787.9827089
780.3868322
775.6506318
770.1291288
775.5165152
801.2148082
797.5659499
796.2907338
797.1785635
786.4215252
784.9728442
755.137996
768.7563733
754.8498116
743.0082022
756.316227
759.5627355
767.4600975
774.7966083
781.079029
776.7041676
774.619264
757.0516515
749.8836178
748.4116604
739.1631567
738.8744181
738.8744181
765.8590113
759.9950122
750.3341831
751.4913545
734.9235203
742.4351585
735.1812237
738.2908446
736.1433163
749.0827976
759.9190867
748.6460873
745.9665263
755.278763
763.9880293
759.0988694
737.8873864
726.5711594
708.8256484
715.2133673
732.8408335
725.0908889
722.6230326
727.637996
735.3352915
736.7058302
729.2390822
731.945245
726.6204833
732.6052982
732.0366881
721.5251607
709.334959
691.1477499
694.986145
685.5386832
658.9963423
677.7959432
685.6672578
670.7886278
699.0196187
670.3907116
673.2304367
668.1888716
654.5710485
663.782975
651.1505209
632.9101086
611.5789182
617.5969851
616.7268898
616.9663046
612.3243183
612.7493904
596.2741077
565.4876967
574.359898
574.1199291
563.7475061
550.3175571
535.237198
520.7071603
540.1246952
534.7495012
526.172689
530.2881844
539.4585458
534.1509643
555.4804921
553.2165817
547.3326313
545.5043228
560.013855
571.9945688
562.7516072
549.475726
551.1006429
541.2486145
512.2317668
511.0557526
502.0012192
494.1869874
489.227444
488.2825316
503.6743516
487.5581911
488.7907338
486.6016404
492.7305476
547.8674352
536.2037242
523.9608734
505.803037
515.1839947
506.1621592
459.6957437
476.6559521
474.5433385
432.3065839
425.7913988
391.7363112
365.4893593
364.5001108
347.119264
317.4512303
359.3831745
366.9070051
316.5229439
309.2446243
300.2859676
317.6258036
314.0489914
279.5932166
273.0641765
256.1544004
245.946575
252.4927954
282.7726668
296.4132121
304.8531368
323.4349368
347.8463755
342.8025937
330.1374418
331.1388827
346.3694303
328.2686766
303.4443582
332.4118821
314.8281977
303.1500776
283.9558856
272.5748171
272.6734649
272.6734649
310.6157171
321.7047218
334.7090446
334.9878076
339.9573265
310.0687209
312.869652
306.868211
311.7213478
309.4058967
309.3859455
336.5844602
344.2590335
349.4973398
350.6168255
357.4384837
387.7964975
401.1909776
360.9704057
365.5469962
357.8574595
368.3490357
368.8572379
368.8572379
368.8572379
378.6527378
386.7318776
398.6122811
398.6122811
398.8688761
419.2185768
418.0929949
392.2112614
392.9838173
388.010419
370.2976059
364.9329417
334.9351585
344.9673022
356.56728
357.9300599
345.0099756
352.9854799
347.8375083
360.2438484
360.4156506
361.3771891
369.2540457
360.3497007
349.1110618
341.7352028
336.5689426
337.5454445
348.4698515
373.3822877
376.0773664
355.160164
368.9536688
366.2524939
366.6243627
363.9448016
348.2143649
347.3232099
352.9971182
346.5556418
342.7892928
335.1568388
337.3902682
339.108845
334.2773221
309.5028818
324.743405
338.2115939
333.178896
336.5101973
330.6977389
338.2071603
346.7296608
358.2681224
364.0966526
368.6915318
356.5124141
374.484039
399.7223454
389.2473953
420.8263135
411.1344491
407.2932831
430.2499446
425.8046996
409.8902682
423.6028597
433.1406562
438.4388162
439.058967
428.9442474
423.8993571
428.6549546
428.7630237
428.7630237
461.415429
458.6848814
452.4351585
445.9809355
439.359898
419.9528929
420.673354
416.6127245
417.475061
434.1470849
424.6203724
413.0370206
430.3679894
426.4143205
426.9901352
443.82454
449.5167369
486.2635779
466.4126579
479.0301485
467.9522279
470.3363999
465.7093771
455.6589448
453.5463312
455.0875637
473.1450898
482.0411217
473.8849479
479.8137885
482.6174906
481.3577921
479.4845932
495.3341831
505.4677455
525.8944802
530.4671913
505.6179339
526.217025
515.1496342
512.3642208
523.2908446
531.5595212
539.5904456
527.883507
506.7679007
498.8178896
487.1802261
483.1168255
484.7356462
446.5711594
460.1418754
467.9771669
482.0826868
477.3110175
478.3257593
467.0117491
477.2882953
462.4201951
462.4201951
454.2928397
445.9388162
436.713589
439.3704278
435.5009976
443.9182
452.8458213
476.3112392
481.5872312
488.0663933
511.1183773
513.1888716
514.191421
535.5059854
530.7609178
536.8188872
531.7917313
516.0884505
528.6815562
542.9921303
564.8514742
571.3045888
569.2728885
561.0551984
561.2447351
554.5084239
547.7150299
553.4892485
576.6227001
570.2615828
544.2895145
555.6877632
563.6078475
569.5671691
574.5655065
573.1207049
572.1458657
568.6344491
573.2570384
581.1926402
568.531922
550.7021725
562.7964975
582.7671248
592.5504323
592.5504323
609.7644646
609.089448
619.5743738
615.3430503
609.7722235
624.9445799
649.3959211
648.915429
653.9691864
650.8756373
669.8337397
662.7383064
648.9137663
643.4543339
654.2900687
664.2490579
671.5861228
649.8071381
644.081135
662.22955
690.2144757
699.0927732
716.1732432
716.8166704
716.5750388
718.9525604
734.7301042
735.8889382
726.307914
717.8840612
714.4097761
722.0311461
722.0400133
714.0395699
699.622035
679.2086012
642.2068278
671.9962314
645.0105298
658.0209488
682.2866327
687.6202616
692.8502549
691.4004655
715.9648637
717.1309022
717.1386611
695.8684327
703.9996675
734.1481933
738.6593882
731.7540457
733.1644868
723.8827311
733.8771891
731.3339614
745.3485923
745.3485923
716.7551541
722.2151408
737.4794946
751.194857
732.6662603
718.0902239
702.7504988
674.106074
687.2472844
684.0955442
680.2643538
682.7432942
677.0366881
675.6040789
653.4886943
654.6447573
647.3858346
653.5136333
678.0359122
681.167147
681.167147
676.6371093
674.0900022
670.9587675
674.8697628
674.8697628
698.3285303
710.7232321
725.4383729
727.1658169
731.7695633
731.6204833
702.3559078
704.3615606
698.6205941
683.2853026
683.2853026
695.1884283
669.3815119
645.1568388
633.8151186
636.3954777
629.5765906
630.126912
621.1372201
606.7734427
633.791288
643.6300155
630.1429838
603.4543339
609.2374196
598.6571714
618.8699845
619.4967856
647.1951895
651.8698736
651.8698736
671.0008867
658.7225671
657.1242518
658.9669696
657.4517845
636.2120372
635.110286
639.6375526
651.1023055
660.667812
668.0292618
657.646309
656.2303259
670.8595655
673.5103081
666.8138994
665.6096209
666.4337176
671.7922855
666.1233651
685.2477278
691.0995345
681.0723786
665.7742186
666.589448
673.1062957
658.7214587
653.5069829
665.0243848
677.3825094
674.6913101
675.4976724
698.805143
698.805143
714.7079362
716.9119929
721.5013301
722.4207493
723.5917757
725.2937264
714.5904456
714.4940146
705.1141654
686.6587231
681.9845932
673.9819331
672.5964309
680.0293726
684.4518954
675.673354
666.735757
673.9902461
683.8799601
677.1059632
670.6312348
652.4030149
649.2595877
637.7255597
634.2202394
675.0288184
688.3833961
705.4682997
694.7373088
684.7168034
676.840501
674.6259144
657.8458213
636.8332964
657.4080027
651.9990024
660.2444026
660.1424296
696.2696741
693.6228109
693.6228109
679.9224119
704.0966526
699.6464199
677.3320771
672.3193305
695.0421193
701.8859455
727.5548659
731.1034139
728.6599424
747.7460652
745.4816005
738.9614276
739.2612503
747.1846597
729.5477721
731.468078
724.6879849
734.9612059
726.2591443
699.9124363
694.2451785
683.2232321
684.8198847
684.8198847
694.0484372
712.3027045
725.6101751
739.7616936
731.3661051
747.469519
745.631789
744.5854578
727.2589226
725.4461317
738.1977389
737.2949457
756.0657282
762.8774108
764.1670361
743.9087785
744.4890268
742.099867
749.7622478
754.97229
744.8603414
743.9553314
737.8646642
733.9326092
738.8782975
737.4318333
716.0673908
728.8616715
731.713589
739.5450011
747.0499889
743.5147417
735.7381955
736.5689426
732.8280869
729.1775659
742.4296165
747.4346043
770.7609178
770.5663933
778.1617158
796.1455331
804.0622922
804.2900687
804.2900687
798.4604301
797.2788739
796.7496121
807.0538683
829.9390379
826.843272
820.5093106
827.0499889
824.5450011
832.7710042
832.8580137
839.3133452
835.9654179
842.2705609
835.4766127
852.3553536
855.946575
863.6477499
883.0508756
869.3199956
906.8066947
923.289182
915.6279096
926.0097539
933.7635779
939.7389714
973.8566837
982.9040124
988.4027932
995.535358
966.5911106
987.7826424
970.7110397
975.5680559
993.1074041
998.8738639
988.965307
996.8438262
1006.715806
1010.491022
1009.724562
998.2853026
1030.42618
1046.077921
1055.323653
1022.778209
1040.409
1047.751053
1008.444358
998.8516959
975.245511
981.6481933
1007.922855
1013.904899
1025.467191
998.2764354
1012.531589
1012.531589
998.4083352
999.111616
968.6189315
983.5840168
997.6718023
1022.292729
1031.350587
1031.466415
1021.670916
1013.069718
1011.631567
1016.946908
1008.947573
991.2247839
983.4393704
984.5826868
992.6734649
1002.425183
1003.472622
1001.18211
1001.18211
991.3738639
997.6512968
1008.947018
1003.740301
1007.193527
1010.064287
988.9182
986.9530038
968.0813567
950.4350477
929.9528929
941.8078031
947.739969
929.3227666
924.9224119
924.9224119
946.8039237
937.3054755
909.2523831
894.0861228
902.2594768
892.1807803
918.8289736
897.4756152
885.5974285
885.8684327
935.162935
928.1051873
928.2043893
916.5196187
916.4786078
914.4862558
885.3053647
864.2440701
864.5948792
871.5877854
874.6386611
874.0079805
879.2789847
887.8513633
887.8513633
872.5737087
880.0687209
880.7154733
888.7824207
896.3827311
889.3454888
902.1037464
911.1410995
903.7962758
891.4586566
885.4921303
876.9169807
847.999335
872.7311018
870.3009311
876.738528
858.9464642
858.4814897
861.5196187
871.5240523
869.5993128
897.2173576
908.0868987
880.6389936
852.6025272
852.3985812
857.9699623
866.0230548
866.9036799
863.5895589
879.7356462
880.5481046
852.0494347
862.5936599
836.3605631
809.0816892
793.2326535
779.9118821
786.997894
768.5978719
785.4067834
779.7749945
790.4328309
790.4328309
772.0666149
759.0412325
760.7731102
786.5789182
814.6514077
797.2367546
788.9863667
807.2700067
787.6756817
810.400133
817.731656
813.3750831
789.8498116
782.5520949
781.8310796
787.1863223
794.3083573
813.2952782
811.8438262
809.3138994
800.5824651
811.3749723
821.181002
834.2324318
845.1657061
845.1657061
821.1455331
781.332853
826.8510308
807.6446464
684.7777655
699.6209266
711.8083573
731.9779428
727.5293726
722.9627577
731.189315
720.0482155
703.3761915
700.7454001
698.4620927
707.9206384
708.5180669
715.1413212
708.2481711
697.4390379
710.3086899
721.3589005
724.4042341
721.7097096
721.7097096
717.9489027
710.7603636
709.2928397
734.2889603
716.6991798
727.637996
748.7923964
749.5688317
768.4576591
785.6572822
799.8930392
808.1340058
811.8864997
802.8785192
805.0044336
810.7537131
788.4011306
791.6376635
785.3391709
780.93272
765.2460652
762.5216138
729.232986
724.5505431
693.0248282
726.4148748
711.5401241
741.9740634
745.1557304
755.9255154
737.6784527
762.6590556
755.5453336
762.1087342
761.2441809
778.2819774
786.0435602
793.6749058
799.9118821
809.6580581
829.0628464
831.4048991
835.7171359
821.5007759
821.5007759
821.2896254
823.97362
825.0354689
808.9104411
802.2533806
814.2036134
806.2042784
812.0028818
806.3084682
803.9564398
809.3948127
804.0251607
731.1000887
703.7214587
719.3898249
733.2182443
692.9954556
692.8413877
686.6675903
672.0189537
667.10818
707.3298603
715.4256262
714.6364442
736.7906229
743.8433828
764.2479495
749.7284416
772.6030814
753.5518732
761.0718244
736.2236755
735.9692973
754.1703613
778.6677012
777.3043671
795.4106628
821.4985591
823.13456
791.462536
782.4878076
805.7282199
822.348149
814.4391487
823.8805143
839.3449346
800.8418311
803.0675017
826.7917313
816.0474396
809.3815119
791.4442474
761.3877189
752.6141654
754.1404345
754.4086677
742.662935
742.662935
737.9339393
754.0484372
756.6814454
780.8562403
778.0015518
765.629018
773.4332742
764.6647085
771.2502771
755.51319
772.5637331
762.4390379
745.5752605
737.0450011
746.6731323
759.0622922
749.7201286
765.5281534
763.3706495
770.157393
776.5694968
776.9879184
772.5421193
754.1620483
760.2782088
766.5667258
766.7756595
781.0141875
779.1343383
781.0175127
767.1015296
773.8649967
793.559632
796.332853
801.459765
796.7213478
796.3145644
807.237863
812.9749501
809.047883
804.5555309
816.17546
809.8154511
839.097761
844.5466637
850.262137
840.7393039
845.4128796
851.0502106
848.6427621
854.6647085
852.1497451
850.3829528
850.0964309
849.5095323
839.9395921
836.6465307
825.1474174
822.3326313
832.1913101
840.101973
840.3397251
850.1889825
855.9648637
855.4610951
853.8988029
848.3872755
856.9258479
837.1696963
850.9033474
844.6890933
845.6800044
831.5090889
831.4453558
843.2143649
850.0315894
845.1795611
853.5779206
841.1510751
833.3955886
837.4063401
839.2601419
836.194857
842.0932166
830.2604744
835.9598759
849.5555309
852.7283307
847.4966748
848.8988029
860.6827754
874.0417867
870.8274219
857.2511638
854.4225227
854.4225227
855.8263135
862.400798
858.8117934
874.6818887
859.7422966
857.5160718
857.0588561
858.0819109
861.9585458
862.1835513
844.7749945
845.0886721
854.1542895
860.4200842
875.3258701
867.908446
869.7256706
869.4391487
856.9081135
853.3850587
847.4395921
834.0512082
824.1221459
824.8348481
814.6065174
797.384172
784.613722
785.9476834
777.3919308
771.9796054
783.4925737
787.2400798
787.8447129
793.7790955
793.9176458
794.2213478
800.1357792
796.975726
807.7050543
796.7485037
796.1050765
796.5351363
814.1432055
816.1760142
819.2158058
806.0053203
811.0818
804.9368211
800.5941033
805.7886278
818.7973842
832.7560408
835.4272888
813.832853
815.0227222
810.794724
806.9081135
804.5649523
798.562403
820.0637331
829.089448
837.2145866
836.6747949
833.8566837
821.3566837
814.2401906
800.4555531
805.3458213
799.0667258
810.8767457
808.4765019
804.064509
806.1638218
808.1046331
796.7485037
784.4541122
771.953558
768.6189315
780.2189093
792.9982266
799.227444
788.9786078
773.2731102
766.1361117
773.178896
775.4954556
777.1868765
779.4247395
776.1178231
776.6842164
768.4487918
760.8534693
756.6648193
769.5128575
774.5427843
770.5409
774.5788074
773.1135003
778.3373975
779.8985812
775.8961428
781.8781867
777.3863888
776.1477499
786.9568832
786.2519397
776.2064952
777.8347373
794.1869874
813.6139437
809.5876746
812.1020838
829.6624917
849.4851474
868.8123476
862.5044336
858.140102
862.5986477
852.0050986
843.788517
840.7054977
829.9739526
831.840501
842.4179783
842.0228331
845.5442252
843.5951009
843.5435602
852.0217247
846.0912215
844.1055198
834.6863223
836.0812458
839.0234981
826.7739969
829.3089115
835.1529594
842.5737087
834.6369984
837.0161827
841.4581024
822.7388606
822.5182886
835.0648415
834.2850809
834.1731323
834.7500554
842.0084239
849.9240745
846.4675238
840.8318555
827.5853469
824.1215917
834.0417867
837.0765906
839.5001108
834.4530038
811.6875416
802.119264
808.7325427
823.1223675
818.9797162
826.5401241
827.5676125
839.1620483
838.1362226
828.7203503
830.3491465
843.0752605
835.0493239
827.1536245
826.8066947
832.8541343
844.2917313
845.761472
850.4638661
861.2081578
866.4675238
861.5761472
866.1821104
871.4270672
878.5219464
878.9453558
882.0394591
875.3602305
882.0067613
882.0067613
876.9053425
882.8186655
880.3458213
885.499335
885.499335
902.5881179
893.8893815
901.3145644
897.5670583
892.8186655
896.9036799
911.4669696
905.6655952
917.5875637
915.7531589
923.6538462
929.7838617
930.5675017
930.5675017
931.7019508
921.3173354
900.1125028
898.8511417
877.1037464
881.7113722
876.7623587
875.4311683
883.4776103
856.6836622
833.7497229
846.2120372
850.3402793
849.1603857
835.5691643
840.0726003
840.3336289
841.0502106
832.8164487
832.8164487
825.3081357
810.1889825
802.9971182
808.4814897
805.670583
816.6293505
818.5247174
818.7430725
819.7921747
816.7961649
827.5886721
840.7692308
838.0658391
836.8449346
834.5261583
838.2431833
830.3103525
832.4523387
832.6097318
828.7125914
826.7956107
833.2631346
836.1743516
835.1080692
831.7906229
838.1744624
843.9664154
861.3999113
861.3999113
853.9786078
842.613057
823.1877632
823.7258923
821.8837287
819.199734
824.7001773
821.9352693
816.8272002
797.0799158
758.6095101
761.6337841
730.2904012
729.5377965
737.5942141
743.1727998
734.6397695
754.0911106
763.8810685
751.3539127
756.302372
750.7520505
751.451452
743.0098648
746.6570605
744.5045444
756.6321215
763.2088229
746.5678342
749.213589
739.9213035
734.1504101
721.2585901
711.972955
725.6572822
728.0680559
722.2079362
725.7187985
717.5709377
710.1064066
710.1064066
710.5486588
707.2256706
715.7088229
688.0309244
694.7339836
699.9434715
687.9123254
689.6608291
686.59499
684.7306584
667.4080027
658.1667036
662.3065839
656.3544669
665.9238528
661.2436267
648.8478164
624.3260918
620.5253824
603.6516294
602.8031479
598.9475726
609.0916648
617.0028818
620.5098648
611.4891377
604.6015296
604.6015296
605.0742629
585.5735979
579.1027488
566.5035469
588.6405453
584.7389714
588.7486145
594.4995566
583.5729328
581.8937043
573.5158501
593.1057415
607.1292396
590.4322767
586.8011527
595.3929284
594.2645755
587.5659499
579.9124363
579.1637109
578.3523609
577.1148304
569.0218355
565.4367103
588.5158501
601.7146974
627.4224119
617.8031479
628.4720683
629.8664376
618.3335181
607.1009754
614.3798493
598.6244735
608.7469519
616.4863667
609.1753491
590.4428065
583.8406118
583.0819109
583.3191088
583.3191088
585.0698293
589.9163157
592.5969851
595.6434272
602.1098426
606.6792286
605.0343605
591.5600754
585.8867213
592.7942806
593.697628
626.2547107
623.2071603
610.9138772
607.9876967
605.0526491
607.5404567
599.1177123
596.6293505
593.6466415
594.0434493
593.6804478
596.3755265
599.6791177
599.7810907
602.3531368
608.9830415
617.9295057
620.8573487
623.6183773
624.0600754
623.7258923
643.3479273
643.2404123
645.104744
657.0710485
648.7935048
656.4536688
651.2946132
661.4187542
653.6760142
648.7735535
639.5871204
637.6291288
635.8362891
634.3981379
638.7774329
631.7379738
618.2282199
621.0369098
613.6582798
610.5392374
613.0658391
612.7238971
603.4931279
589.8232099
584.4790512
577.9295057
577.4390379
576.1244735
572.0643981
578.4892485
578.4892485
580.5885613
574.7533806
565.6822212
569.6962979
570.3319663
572.86411
585.6667036
590.7575926
581.1372201
574.9334959
576.6071824
585.6556196
587.5881179
599.0035469
595.2931722
595.5758147
593.0181778
596.0818
596.0818
596.4071159
598.52638
602.7660164
610.5802483
610.5802483
611.4115495
605.0759255
599.3188872
601.8665484
598.9414764
589.5693859
601.4087785
605.6406562
608.9032365
611.4037907
614.047883
621.7540457
621.7540457
625.5342496
642.8458213
645.535358
627.5703835
618.0292618
616.7878519
611.5528708
613.8755265
612.3658834
593.1672578
594.5959876
589.9839282
590.6384394
599.061738
613.9309466
640.816892
633.6200399
636.5550876
649.4845932
649.4845932
637.6839947
626.1843272
627.5931057
633.2099313
