100
101.9332598
101.2298228
102.2934445
97.8969224
98.81439884
95.81833934
97.62255075
96.56418965
98.10257784
97.76327102
97.67252618
97.08120513
96.59673943
95.99900707
92.41343484
90.36099024
89.97877688
86.62203949
84.49183707
82.72231255
78.52158231
79.39746736
76.92006727
76.18523128
80.45204743
86.16420543
83.92205149
84.78100408
84.67184723
82.95098299
84.8724065
86.29506213
86.60362749
86.49759411
85.0859528
81.59507085
80.93634874
82.46142111
88.78199701
84.41835347
82.54526146
83.02019237
84.25412503
85.68401395
87.10140901
85.68335638
85.34635105
85.223714
84.07033383
83.27697399
80.97991284
80.86894767
80.25888584
79.18244153
78.47637428
77.31773355
76.00801579
75.08593636
75.31509998
76.27794884
74.37395097
74.61807434
76.1296665
78.27499305
77.08215861
78.98549891
82.03794516
84.53605875
86.87619082
90.03006745
91.79383823
92.02070035
89.40356634
92.85893944
92.85893944
96.56698433
102.3361866
107.8849382
106.2977253
112.2211281
115.4147878
106.3786066
109.5548406
110.5675005
110.5675005
110.5675005
110.5675005
110.1482988
108.2745492
108.2745492
109.7470159
111.5702968
114.1663886
116.0264936
114.046875
110.6783013
105.3429317
104.8344646
104.3506565
98.90152705
93.12755734
99.77790527
106.8107953
100.4607931
104.4377847
98.61466154
99.19085844
95.43431766
94.54413044
100.1839556
101.5799796
102.1160646
101.7016303
100.6733531
99.64902129
99.58326415
99.92388612
99.92388612
96.85631573
95.86584887
97.65115511
99.45207867
99.61466318
99.57767479
102.0508007
104.0424199
102.5015658
103.6343969
105.9207725
106.5058466
107.5822909
103.0651045
104.4188795
105.1224809
103.4538936
102.5750494
101.212726
102.3139936
102.3642978
104.4877601
106.8389065
105.4778982
105.9557882
104.0728326
100.7703448
99.80305738
100.6809151
102.0690483
102.5273755
101.5503889
100.5365782
101.3181018
101.8527073
100.7654131
101.09387
100.7491382
100.7177391
101.7400982
102.8278856
102.8278856
102.8278856
103.1836317
103.0702007
102.7382915
101.7793881
101.6855198
102.2975543
102.6700685
103.0570492
102.663164
102.6533004
102.0328819
101.7645927
102.9518378
103.5574611
103.8703006
104.7088685
106.0199014
108.132185
110.7203859
114.1264411
112.0521323
114.0399705
110.0462108
108.2247382
105.7894226
106.7785744
107.1270872
107.0143137
106.7639434
106.2373931
107.9099259
106.7682176
107.2204623
107.0679058
106.2697785
103.681742
102.8405439
103.5788321
101.2983746
98.23474969
98.80453527
99.20450305
97.99374978
98.24017465
100.7746191
100.1458164
100.2770019
97.99490053
98.18378791
97.91615636
97.52424383
98.18592501
97.43580049
96.86124751
97.10438452
97.10438452
102.5844198
102.6186135
103.2794728
103.7943511
103.5069924
103.2824318
102.5594321
102.4399185
103.2487313
103.6284788
102.7813625
101.8832844
98.70359807
97.78299816
99.62633508
99.78924838
99.53115162
99.42758413
98.89955433
98.53904083
97.41311427
97.98257107
98.8176867
99.58786715
98.18197959
99.14269134
98.23195501
98.91780194
98.53739691
98.22998229
98.13151098
98.07117881
98.03254649
97.25332443
94.66495917
94.38927238
95.20268815
95.20268815
95.20268815
95.02086967
94.68698781
93.27518211
93.27518211
94.39025874
95.72890963
96.91615472
100.3263198
104.3786033
108.145172
108.5166998
110.478564
110.7235093
108.2124087
108.4246399
109.2331238
107.5959356
107.8331544
109.9770014
111.1547117
114.0108729
117.867529
123.8501132
124.9901775
125.8152652
128.0189512
124.5916893
127.7952126
127.5798579
128.290857
126.8596529
126.8703384
129.2938177
131.1821982
128.3929449
127.2686623
124.7046272
125.8813511
125.5114672
122.1726486
121.876084
124.8979531
124.4853271
124.5282336
124.4074049
125.1935315
129.5137753
131.7814101
135.0072908
137.5208573
138.1103701
138.5624504
137.7376915
131.8726482
131.0977003
131.6589375
130.8532482
131.2474622
133.1884484
136.1439029
134.4638081
133.3977205
130.1662505
129.5075284
129.8894129
130.296614
129.0699146
129.3774936
130.5956446
130.5474775
131.0265182
132.3840743
133.6114312
133.6114312
133.9459706
133.8330328
133.915558
133.3676366
132.8136328
133.064825
133.8437183
134.7288094
135.3801338
137.8552324
140.0252179
139.8677295
140.6660212
138.5274347
139.3188218
139.7222419
139.7222419
139.7222419
139.7222419
141.8294293
148.9918609
150.592554
151.1034869
149.3101254
148.3887036
145.9256057
145.0334457
146.5665733
147.4365403
147.8513034
145.3395452
142.069114
136.4005201
135.5011269
135.9490974
134.0746902
134.7135208
132.9236116
133.8828438
135.4164646
138.1373305
140.8817046
140.8817046
145.6283834
149.4505169
149.3160436
149.5521117
148.085892
146.0582707
146.262611
147.1047955
148.1891307
146.8486715
148.2583401
151.9290678
153.6869204
156.2193921
157.5557415
154.8095591
156.5106962
155.3173686
153.3586279
161.1820832
161.2841711
157.5437408
156.3070135
153.0014023
150.9006262
149.3709508
150.7258766
147.9387604
145.9473055
144.4103969
144.3153778
143.4516578
142.8902563
145.1138338
147.0921373
146.0899985
147.9714746
146.722089
146.6684969
143.3063345
140.6494175
147.2047464
145.0806265
140.6520478
143.0756914
145.096737
144.1748219
142.6237755
143.079308
143.079308
146.504926
150.2264511
152.8121861
153.2981313
157.222024
159.6874235
158.2950161
157.1309504
159.237809
158.4326129
161.502156
162.9841575
162.0101299
160.367681
157.676899
157.5310826
158.7760296
161.6760836
160.8348855
163.4620474
167.498878
171.6904023
174.4324748
174.7352864
171.50283
171.2693922
172.9161153
172.0111327
170.0951341
170.6458501
173.6721579
172.4817894
173.1329494
172.5332443
171.6879364
172.292902
175.1385421
177.6373132
178.2771302
177.8516815
176.2779488
175.7882226
176.6861363
177.9746473
175.2873176
173.2684091
169.6501227
165.4893399
165.1312923
159.8214036
154.1524809
151.4658088
148.5680562
155.8384939
156.4501997
156.4501997
157.6719672
157.3898691
163.972816
164.2203916
163.3619322
163.3619322
161.2769378
158.9668896
156.8486879
158.4414901
159.9908926
161.331845
160.6949872
161.5695571
162.3367785
163.5144888
161.4091097
162.7055116
163.5388189
164.2452149
162.7423356
162.4536618
162.5333923
164.1738684
163.6086859
161.7702807
162.3479572
166.0675096
166.1311296
165.6943378
164.9779138
165.1968851
166.5463859
167.3374443
168.7533598
170.8235588
168.5279772
168.5279772
168.5279772
168.5279772
167.8519938
170.0517344
170.0517344
171.0103091
171.9000031
171.4134003
174.9011588
178.8337643
180.6190706
183.9266545
184.2544538
185.4905236
184.2386721
188.1643731
189.5336011
189.6305928
192.3718435
194.2135364
196.8538498
199.8818015
203.7381288
200.0042742
195.4172208
194.1132568
194.7542245
198.5342734
199.7971392
199.8495806
204.3259976
210.500757
211.7547456
211.7946931
213.9571165
215.5770435
219.2375789
217.7593585
221.8785499
222.440609
221.6201243
219.8647376
218.665985
217.9908236
219.8198583
214.9462682
211.4614688
210.0149762
208.6266787
208.9599029
208.3914325
209.3828857
207.4861211
207.6261838
209.5030569
204.4172356
198.5041896
197.387469
199.4045691
195.435304
190.0599869
188.2883253
192.0379616
191.6067592
193.1831221
196.1070132
196.1070132
196.1070132
187.5960671
180.9256632
182.1868851
183.0742776
185.5235665
188.1249188
190.7106538
189.6312504
188.4106336
183.4582993
185.5357316
188.4721165
188.3563839
189.4969415
192.2439458
192.7686878
195.3848354
195.5454472
192.6169532
188.5270237
188.4453205
189.5623698
189.5623698
189.5623698
190.4149111
192.3366634
188.3683846
186.2414701
186.2228937
183.7676866
183.4454766
184.898545
185.8464341
186.9532911
188.946883
189.5211072
189.5937689
189.7635867
186.4768806
183.7208347
182.3767588
183.3248123
183.3248123
184.9680831
188.0979584
189.0848086
187.6042867
185.4775365
188.4783634
188.7052256
189.3685507
192.2524943
195.3143109
195.6631525
193.0049203
189.130181
187.3029546
189.6018241
189.2409818
187.7762416
186.8549841
185.2866765
180.0691765
178.5970386
177.0721306
176.821596
176.0450042
179.7874072
184.3621311
184.9968519
184.4928234
184.8901609
185.5421429
184.3525963
180.0165708
175.0591403
176.5289767
177.3318713
176.6014739
175.3765829
173.2034739
174.6506241
173.8378659
173.2690667
172.3372881
170.6274382
172.4538426
174.8487175
173.5276566
172.9271296
176.0787047
178.5271717
182.9192552
191.8883641
198.8242624
198.1356208
199.1264164
195.2838982
195.2838982
190.3840052
192.4402309
195.7231559
193.6619985
193.1155567
191.7800292
191.2163262
193.3483369
195.5577767
193.8423374
190.6460474
192.341924
197.4009492
196.9768157
196.3590274
198.0129837
199.4877519
199.508301
198.6097298
201.6746699
203.58212
203.7210319
203.2857197
201.9243826
205.5071601
206.8502496
206.2548188
205.4667195
203.9792931
198.7465046
199.5518651
200.1344733
200.3304296
200.2536582
200.6916007
198.7589985
197.9667894
199.2608898
199.7379578
201.5071536
201.3511447
203.4190423
204.7188965
204.7757764
201.7045894
201.5533479
200.6978476
200.7350004
199.0861402
193.424944
187.6909217
169.3078568
180.0114746
172.9631316
172.3116428
174.6726528
177.3657363
176.7796758
177.5925984
173.3662229
173.3662229
173.3662229
167.5565799
157.2530943
157.9902318
162.0719416
163.8286435
153.9654019
155.6224817
160.0079895
156.0914945
153.9326877
155.846056
156.1595531
156.2599971
156.988915
162.2123331
162.3226407
164.3183697
165.4590917
164.1500315
163.7785037
162.0167056
157.1000446
154.0018971
155.5463678
157.966888
156.1324283
152.5427462
149.0237531
147.5341896
148.1473749
148.1473749
148.1473749
148.1473749
152.8411193
158.7495623
160.1950685
160.1950685
160.1950685
163.5044608
163.408291
155.7687913
155.6178787
152.5996262
142.4820689
146.0572843
148.2795467
144.9509205
148.2571893
153.3418598
152.319994
150.7303152
148.2035972
148.5466851
150.1163079
149.7431362
152.0965841
155.7821072
158.6007868
162.9193867
166.4492297
166.5957038
169.3686822
175.1521867
185.5467459
188.7315284
188.3782482
187.7872559
184.4635615
184.4091475
185.1035428
187.6121776
193.1425171
195.2426356
197.1548531
197.0905755
195.6483571
197.0961649
198.929967
200.0654284
200.4339971
195.9100705
187.8911522
188.6943756
197.0351751
206.8076719
213.2888596
211.1331763
214.5486019
207.531658
205.9482261
204.1298769
204.2880228
202.4211777
200.8250877
198.4468165
196.5339414
197.918951
191.2929332
191.2543009
186.1946181
191.3376481
189.9452407
189.9452407
192.4172159
198.7948361
198.8956089
194.1392309
194.1392309
194.1392309
198.6501704
196.249213
197.9791188
195.4060421
195.4224814
190.916638
193.1055287
195.9062895
199.1997357
200.563703
196.2026898
196.1979224
200.995563
200.995563
204.4560323
205.3352052
204.2211149
203.190865
203.1528903
201.506496
199.5870452
197.234748
195.8959328
196.6024932
194.3756278
188.9174567
189.337316
196.9447591
195.2109078
192.5086183
189.0326961
182.9753131
182.4221312
181.3815245
171.7290346
166.3731159
170.5879839
177.637642
181.5332591
189.8316453
186.2827327
181.3377961
181.3377961
181.3377961
172.3374525
173.5268347
178.6106832
186.4288779
179.296037
180.1832651
182.8648411
180.6417568
180.0361335
180.1553184
177.8852176
180.7851073
181.9355284
187.3027902
190.3624698
195.2868573
195.4640728
193.1601071
190.0394378
188.0162552
190.1061813
200.3133328
201.1568324
198.3115211
204.4381135
202.4892364
204.8153951
199.5354258
196.9967072
198.0419169
197.9521584
196.2240609
193.3042796
191.0486455
192.5876913
188.5041731
188.3121623
184.9352046
186.9444138
185.7313591
186.0262798
180.6581961
174.3755949
166.1525007
168.0482789
160.8177886
168.6900685
173.1401827
173.8104123
167.6861215
165.8263453
165.2366682
161.874999
151.4464104
136.7207574
135.9119446
126.4422595
135.8710108
136.1287788
135.6706159
141.1830366
145.3079818
145.9086732
141.3844179
134.6142275
138.483213
139.5374643
138.7296379
135.6799863
131.2068572
128.4481809
130.9617474
135.6410252
144.569036
138.2062111
141.4008571
140.0761796
135.5635962
125.3740348
119.2914997
119.2913353
116.2314914
120.0416243
116.2004212
112.9845684
118.7631412
117.2622345
116.1374587
117.3689255
120.6940994
118.7955265
120.7343757
124.1907351
128.5647354
134.167079
137.727006
139.1873076
137.7081008
138.4029893
142.6855872
150.3481018
155.7898336
154.8682474
158.6907097
157.7895081
156.3974296
150.7730573
150.7730573
147.1161386
145.9859378
155.0877118
152.8841902
151.9053952
148.7363944
149.2100102
151.3911744
149.0663309
145.5481597
145.4222348
141.5203707
134.9494245
131.7269961
131.6724177
131.0607119
134.6729158
141.4209131
140.4531324
140.8200572
141.9844517
138.6099599
136.9634012
138.3699464
137.8264636
138.7564339
139.1864856
138.722569
141.0704275
144.8991368
144.8991368
144.8991368
149.1015109
149.8748149
147.0074749
146.6472902
146.6472902
151.2075476
154.6085067
156.2789023
167.1071299
168.1467502
172.8717292
167.2619879
159.6961363
149.6568299
144.7659786
156.2618055
162.0099655
166.6190475
175.1059923
166.1651589
160.1630119
171.3616166
174.3440315
171.4921445
179.9013314
182.0547132
177.9024789
175.9665888
179.0272547
174.2353678
173.3599759
175.1681328
170.3438605
170.8760001
176.6757795
171.9655959
172.9317326
173.5674397
171.2455552
169.4482483
166.7691382
166.5256724
161.5310892
157.5026426
154.6310285
158.7364109
157.8508266
158.4059813
157.0842628
158.0448102
162.4368937
167.7017388
166.534714
166.0826337
168.7012472
168.3399118
165.2330515
163.2261437
164.8794425
169.3494482
171.1891685
171.8845502
161.18159
166.738068
171.397783
169.4540021
172.081986
170.9004947
172.3019436
172.3019436
172.3019436
176.5805961
179.9608416
179.9661022
182.9246801
180.2919288
182.2536286
179.2733508
176.3879276
178.6632889
185.6900965
189.4594599
190.1193328
192.2761668
192.5809511
192.3384717
193.934233
191.519631
186.3281051
190.1982413
190.1982413
195.9117145
192.9146686
194.8418459
194.8355989
192.3521163
190.5881811
191.9868354
190.2284896
191.5301521
187.0414056
190.4359534
196.0807103
195.6427678
201.03699
198.2409966
195.1809883
195.0775852
197.1653743
192.4900419
192.4502588
193.2183022
195.1908519
195.1908519
195.1908519
196.3041202
194.8257354
191.9373532
197.2235693
199.9518329
206.1213318
207.6962152
207.1834739
208.5438247
210.0013316
212.2415128
215.1616228
211.0610078
214.675842
215.6442802
218.7539352
216.7369994
213.6008772
222.1862933
221.6941011
220.7054426
219.3289813
215.8987603
218.8456664
222.2346247
227.1243254
223.4305827
223.147827
229.8009696
225.341485
222.7529554
218.9454528
214.3048073
215.6801178
214.0393129
216.5980875
211.1116408
213.8722898
215.9988756
214.7568876
215.9858885
215.1708288
212.999035
212.2464446
212.5176928
210.5650346
208.0776066
206.0652738
209.3833789
209.9099292
211.0029772
208.2842484
210.3929153
211.7187436
210.7297563
213.7350218
215.4364876
217.9444648
220.1557129
217.6610516
218.5652122
216.7254919
217.3963791
217.2949487
213.6033431
214.0702188
210.3480361
208.9589166
205.3278075
206.3518105
206.4054026
205.0690532
197.5704382
193.7736212
196.0719975
197.80552
191.32088
187.8796447
185.3003211
179.7563369
177.2457295
180.0448464
178.1592605
175.2041348
176.4224501
178.5360489
182.7729455
182.5845513
185.11242
184.6853274
185.1298457
182.550522
178.6013128
179.1007383
181.0483003
174.2689039
173.812385
178.5363777
183.7458224
184.3816939
184.9470408
182.0913728
180.9460479
181.5386841
186.2391686
186.2391686
186.1896863
185.982387
187.032364
180.3129711
179.22617
180.4094697
181.0691782
181.0691782
181.0691782
180.6800603
184.2958808
188.3483287
189.1975821
197.0831778
200.7907296
197.8969224
196.3049421
199.3989798
200.894297
195.8175174
195.1022441
200.35739
202.0363341
198.3180969
198.9087603
199.2539853
205.6646485
211.9618806
217.6743674
214.4953386
212.3398197
212.5359404
210.7343593
214.2619008
218.3715574
217.9253952
222.1290845
221.0962043
221.0962043
227.8017883
228.5916959
225.7608512
225.7608512
225.7608512
236.6204778
230.9979139
219.3871764
223.8622783
235.5681992
246.3426703
246.4748421
239.8448789
249.1991603
256.0295184
251.9903863
254.31112
247.0416687
250.3523761
249.6251021
251.1460647
241.0574405
239.9831333
241.6384048
244.9555235
238.3193134
241.4421197
239.649087
245.747897
258.8079218
255.993352
257.1807614
266.6338429
256.6803496
261.5562413
249.5863054
263.6006306
264.693843
259.173367
269.9501397
264.900978
271.9876245
282.914981
285.284375
287.5534893
269.1291618
271.3289024
277.5108951
276.8804486
273.7619164
279.4974182
274.2587116
270.0518988
276.4926459
278.9125085
275.2692344
270.4342766
272.6126461
273.5932494
279.5995062
274.2966863
272.9568847
274.906255
277.0990911
280.6115085
284.2390009
283.3142912
280.6128236
274.7795081
267.936163
275.4719307
263.8005323
260.4758515
256.5955229
266.9770951
267.2805643
260.4950855
259.4138738
253.968361
258.2733162
236.5734614
245.7005519
244.1516425
234.2547004
234.2547004
234.2547004
235.3699414
238.130426
237.9027419
245.1176149
245.1176149
245.1176149
245.1176149
246.9104832
242.9418756
240.8991302
240.4222266
240.3783337
240.2861093
248.6893781
245.9247837
248.5940302
250.3250868
247.097069
243.457576
239.0505327
236.2122903
225.8576785
229.346259
226.3600631
227.110352
235.5617879
240.4758186
240.5682074
244.5448702
248.8904305
243.8498173
240.3421673
246.5475038
243.2325222
242.4786166
238.7102395
243.1314206
241.4751627
242.0390301
239.0745341
240.2507648
241.6775303
241.6775303
240.8180845
240.5476583
246.1815653
243.6558337
243.5820213
240.3212894
239.4745018
242.3270464
241.5187268
238.7284871
236.8236673
238.2280753
235.5412388
233.5700042
236.5578441
239.0132155
240.4067736
243.5563761
244.5948456
244.5346778
247.0181605
245.036076
244.7212637
243.7173166
235.3165138
230.9471165
228.392123
230.1871284
229.3331076
231.2318449
228.988869
229.8098468
227.707098
230.8654132
230.8274385
225.2257525
220.5303642
220.5303642
223.2129265
219.7208938
215.6878443
210.1219959
211.6977013
213.753105
216.9717524
219.4892643
220.7841867
217.5671832
216.2970842
219.1627801
223.5392463
226.3104164
223.7256678
222.0373533
219.1077085
218.2347826
214.5122711
215.2536828
218.1573535
219.7675814
219.7733352
216.7667545
217.1912168
216.9720812
213.3383418
202.5424997
205.3218894
204.0460366
199.2636845
198.7486417
199.963176
197.6391544
192.5947601
191.70671
192.5268659
193.0164278
189.2730384
187.9731842
181.5496984
179.2899544
174.3450178
182.8814448
183.6440632
185.1263934
186.9899507
192.0312215
192.4486149
192.8025527
195.1762209
192.0405919
188.2837223
185.3004855
182.6420888
182.6420888
189.1512233
196.0540787
198.6682536
204.4535664
202.8125971
198.6373478
193.994894
186.1716031
191.2054763
193.5682945
191.2469032
195.1619187
196.2967225
197.3128346
195.5707637
194.2554566
200.5099466
201.6191051
198.879334
196.9177986
193.4303689
193.6123518
190.8173448
195.6092316
199.9469011
200.0871282
201.7728124
202.5839267
205.1394133
209.2191505
216.2411906
213.0866564
215.3409754
220.1631106
213.3064496
211.682084
217.1608041
217.1608041
217.1608041
218.8226514
215.7738218
215.0046277
215.0046277
213.5609297
212.3832194
216.4184061
210.9342609
205.1173847
207.8686633
204.3018318
202.1477925
205.371536
203.7835012
201.5444707
201.133653
202.2724022
209.14616
205.9842282
204.5755459
204.5942867
204.9853773
204.9605539
207.760164
209.4570269
210.2275361
209.7338644
211.6206011
204.3384914
205.2595845
200.3588696
201.5734039
197.7483113
194.7640881
199.4172274
196.4098248
201.8512278
195.3046117
195.2370463
193.8474336
189.7228172
185.6631361
185.3803804
189.1758823
183.1735709
183.4071731
176.4859058
178.703894
182.5737014
184.6851631
183.190339
181.3037667
174.9397911
167.2767833
169.1317921
165.9521058
171.7617487
170.4503871
171.3196964
173.642074
171.9920631
169.9072331
170.8833978
171.993707
170.5335698
172.2042943
169.9072331
171.154646
169.2350308
165.1668012
162.4322907
166.0006017
167.743659
169.564474
173.3282481
175.8263617
175.2764677
175.2764677
175.2764677
170.8649858
178.7167166
181.1207975
181.2759843
178.1737271
176.4467803
176.7173709
178.5958879
178.0505968
174.1101005
174.1101005
174.3890751
174.3890751
172.0634096
171.3645756
169.8120497
167.3875841
172.517627
173.188021
174.8704173
172.1026995
169.1336004
170.4332902
171.7369254
176.6049262
179.7880648
180.172744
180.2595434
178.3846431
177.9587012
177.4755507
176.113556
177.9710307
177.3662294
173.7607657
175.187038
171.9535952
167.9910702
164.42391
161.0596105
162.2042778
162.9445388
162.9445388
158.4904792
157.1549518
156.6484574
153.5046088
157.4715724
158.2259711
160.0380734
156.0267237
155.8015055
155.6893896
154.8537808
153.0969145
150.6027463
147.7531609
146.2815162
149.2488069
147.2225008
144.0153609
142.690519
146.8230262
146.9596366
151.9075323
148.1133456
149.1334031
149.3323185
143.1113646
143.0232501
140.3807996
140.3316461
144.076515
146.6910187
147.3446447
144.6869056
144.4870039
144.7132085
142.6055279
142.1144865
141.0388641
139.0357374
135.7971984
135.338378
132.2497653
135.4682483
135.4682483
130.1330431
127.068103
129.40692
131.3562902
134.3771731
134.4506567
137.652536
135.8096923
134.1111855
135.0786373
136.1231894
137.1116836
138.4039757
138.4985016
140.7745204
143.8797368
140.7030095
137.4149884
133.483698
131.9628998
132.5381104
126.7217273
124.7360262
125.0278235
128.5062116
125.8096758
120.5887236
118.4011481
120.1644257
122.4069084
121.94891
123.5224783
122.3898116
121.614535
118.8335013
121.6950874
120.8737808
121.5857662
127.9158769
134.7541258
138.735556
139.2688464
135.7483737
142.0602368
141.8263058
139.701364
137.2325123
141.334278
140.714517
143.3505562
144.6070107
151.6515727
153.0068272
149.5406042
149.8417719
149.8417719
147.7137066
148.8404551
148.1225516
147.2108289
151.6561757
151.9642478
150.5417566
156.6949806
162.7313213
161.4584275
162.9927059
163.9419101
161.7684724
156.3295353
157.4921215
156.9142806
156.8610174
156.9571872
155.9246357
153.6382601
151.6540386
150.7058207
154.9987753
155.8044646
156.842441
156.2422427
152.0127437
151.4847139
150.6382552
146.4394977
144.8470242
144.4087529
149.1271562
147.7390231
146.9685138
145.4764844
145.4764844
145.4764844
145.4764844
145.5798875
146.4057971
146.6223025
146.6223025
147.813493
157.4051577
163.8113822
166.3910347
165.3507568
173.178815
169.7173594
171.8927698
167.6371324
168.6146122
170.4489075
175.047304
173.2255026
171.0898752
176.9692207
174.9363389
177.1000774
179.0050617
172.3466585
173.7241061
170.5791067
174.5814147
172.996339
170.6872771
166.5135073
166.8814185
164.243571
164.7845878
166.1641726
164.7387222
166.8266757
166.4339412
165.9088705
164.7965885
163.1577563
163.4952548
161.080324
159.8421171
163.3632474
164.7655183
165.6795425
164.064876
166.2138192
166.2575477
165.1375393
164.0903569
166.7821252
167.0818134
164.0666843
160.9274386
162.1853727
163.2900925
162.6386037
160.2343584
157.1651441
158.0617427
158.6670371
162.1289859
157.0375753
157.2741366
158.2207105
157.7857271
157.7857271
157.7857271
155.1957179
154.1141774
154.4866916
157.9624494
156.4132113
160.3377615
160.4036831
159.6241322
157.6154161
159.4498758
160.4839068
158.117965
157.4227477
155.0157077
156.2312284
156.6142637
155.8329045
156.7880269
158.7235882
160.0748974
157.7369024
157.7369024
155.069793
155.069793
155.3334791
153.6326708
155.3458086
155.0362568
155.050559
155.5424224
156.2516131
156.7198039
163.4498824
166.154309
164.5075859
166.0823049
164.7188307
164.9664063
164.5615068
164.7270503
162.9657455
164.5659454
164.5659454
163.0527093
166.5296178
164.5616712
164.7051861
165.0088197
163.1018627
162.306859
162.5448998
162.5613391
161.1069556
156.0704522
156.8547704
155.7114182
152.7485661
152.5009905
155.1289744
150.2392738
147.5328745
143.8733255
145.0480767
141.5412486
141.4800945
138.7381863
138.8608234
137.423208
140.1386489
140.3319749
142.0479074
139.3924698
136.2566764
136.156068
134.3077993
134.3408423
139.0437926
135.2039047
132.2520668
127.5665421
129.8328618
124.5764008
122.6682931
125.855377
124.3607173
125.4445593
126.7575649
129.0113908
128.5381038
126.3988598
125.9870557
123.593496
123.4018139
123.5816597
122.6592515
127.5801867
126.9319858
126.9319858
127.6929602
128.1244914
126.7200834
133.882515
133.6571324
134.92493
136.050199
139.797205
136.1445605
133.2140937
135.4733445
135.7408117
129.7989969
128.8256269
127.9122603
130.9346226
131.8841557
134.3444589
135.9877297
132.8687044
131.5387663
133.2292179
133.9287094
130.8810305
130.9443218
132.0061351
130.6627169
127.1734788
129.6855658
129.1869623
128.4407832
126.0199343
125.3289912
125.8249644
127.3423103
127.600407
126.0396614
126.1608189
126.6221052
128.7749939
132.2860961
132.9846013
136.6711108
135.4817286
135.5146071
138.6931427
139.0442858
140.5836603
140.2655602
139.9875719
139.3918123
144.7035093
144.8517916
144.4863464
144.9831415
144.9831415
145.8656023
143.0050025
140.3489074
140.0216012
140.3676481
140.3676481
141.7225739
141.2644111
142.3321426
140.6219639
141.2913715
141.8603351
141.8978167
146.7268564
146.7502001
151.4812617
149.8649513
150.9336691
150.2930302
148.3319881
153.215113
152.5848308
149.7061478
150.8024836
148.3952793
147.8684002
144.3040347
142.4667803
144.2221671
143.8521188
144.3127475
143.7868548
139.1823758
139.056944
138.4143324
140.2908767
140.2908767
140.2908767
140.2908767
142.0705936
141.8379777
141.5340153
141.5340153
141.299098
146.2603095
146.0681343
146.1412891
144.282828
144.1988233
144.3370777
148.2836566
147.456103
147.7464208
144.4010265
142.2035874
141.9441755
140.4879837
138.9083329
140.8110156
136.7722123
134.2857706
134.952548
135.967345
134.0179747
134.3179916
136.8877805
133.6068282
133.8516092
131.3973885
132.7551089
133.8798847
134.8387882
132.9186798
134.0636759
133.9300245
135.9323293
134.9928243
133.8068943
135.8649283
134.4373408
133.4716973
130.8767563
131.0304636
131.6768563
132.3705941
131.1141396
128.1817001
128.0219103
128.0365412
129.6239185
134.604364
133.1628032
132.4924092
133.61176
132.7963715
130.4924059
133.3375527
133.0903059
133.3327854
135.4629878
134.9777001
134.526113
134.9012574
133.9275587
133.8368138
131.0942481
130.9382393
132.1609932
134.7445911
135.0388542
138.2423775
137.0066365
136.7649791
134.8142936
134.8555562
132.8968155
133.5594831
132.6858995
134.0268519
134.0268519
134.0268519
132.941366
134.5984458
132.8348394
133.946135
134.9719464
135.08061
134.6012405
134.6012405
136.5422268
138.3245739
138.1425911
135.9053689
135.8244876
137.1965103
137.5269399
136.9555104
141.4580659
140.9306936
139.6242637
138.6753883
138.0268585
139.5739595
140.2601352
141.2412317
141.6466244
139.5675482
141.2335052
141.8660889
143.0414977
142.1920799
143.5162642
145.6778657
145.6173691
147.3273834
145.7743643
144.7199486
145.1680835
146.6645515
145.9433601
146.0472564
146.969007
148.5516169
148.5516169
149.5198907
148.6824736
147.5409297
150.2636039
150.570361
149.8915829
150.2566994
147.2899018
149.3111118
150.7878527
154.2907353
160.7415103
158.5348653
160.7724162
161.5772835
162.7867217
166.5468791
165.5511517
163.6586613
163.3114636
164.7855742
165.0246014
162.917414
158.420941
159.6976158
159.9167515
164.8390019
165.8799373
164.758285
166.3923498
165.2092145
162.3571632
163.3719602
162.1015323
167.0959512
166.0259182
168.2258232
171.5118716
171.0660382
173.8477295
173.8477295
174.3169067
173.1383744
173.0043942
178.7162234
185.3154452
185.0259494
188.9227173
190.6370058
189.153196
194.0415815
200.2424794
199.7195458
196.928813
191.9260101
186.3715048
185.8839156
181.1245785
177.021662
178.4865666
175.1031976
174.3575117
179.6032872
179.1673174
178.7020857
178.9088918
172.6747866
174.0773863
175.028892
175.6110071
178.4236042
176.6969862
172.5730274
173.0134358
176.5651431
178.2559235
185.2365366
184.1449682
187.3417513
190.7386006
191.0428917
189.8176719
194.3128297
196.7652421
192.0854711
190.7823291
189.0843154
185.1467781
181.3447006
182.2135167
180.9702137
177.9126712
184.4084899
183.2228887
185.885724
184.1459545
185.1893559
181.3305628
181.4890375
184.5944182
183.6376519
185.282731
185.282731
181.4947912
181.4681596
181.8628668
176.5865142
175.0992522
171.6696888
166.4152004
169.3571747
171.5480381
168.1957393
169.0351291
170.4857315
170.1474111
176.2593724
176.1600792
176.2782776
173.3586608
172.9430757
177.3325289
180.6103577
179.5220771
180.8414941
184.6771078
184.2792771
184.0706626
182.1318135
183.4703
182.3277697
182.4331455
184.8530081
184.8530081
184.8530081
184.8530081
184.7640716
184.099267
183.8410058
183.8410058
189.0157636
196.3996324
195.8796579
195.9653065
196.1397273
194.5776666
200.4769036
200.2783171
195.6601934
197.2214322
195.2825831
196.7197053
196.91336
195.4828136
197.7614627
197.2880113
196.8656861
197.1638947
191.4936569
190.0828376
192.0308927
194.5048405
192.5377158
192.6061032
191.7724672
193.3419256
199.3172765
202.594941
201.8643792
204.0664213
203.1354646
204.9779796
205.2184863
205.4762543
202.6692465
203.8571492
201.3519667
196.808313
197.4946531
197.849906
203.5882025
208.7706868
208.1080192
206.4843112
206.0767813
207.9319545
212.4869513
207.4589963
208.5847585
204.6417962
205.9802827
201.0672383
203.0810506
205.0667517
201.6894652
199.7843166
199.6940649
201.997373
201.7631132
204.2270331
204.2237452
205.845645
208.1760779
205.7502971
205.5153798
211.1611231
212.7407739
212.6569335
211.2658413
213.9462666
213.9462666
213.9462666
219.574091
216.1478155
217.7917439
215.9288442
214.0348743
216.5135895
214.5701374
207.5709478
209.6768201
208.6565982
208.9778218
208.6283226
204.458005
205.1999099
205.1999099
206.3647976
202.2562917
201.0751292
198.6426083
193.2526603
189.4574872
191.8551568
187.8129012
189.288327
190.0141213
191.3333739
194.2758413
194.2750194
194.1324908
193.6065981
189.6074135
193.5447864
194.0149499
195.4801833
195.7473216
194.8988902
197.1675114
196.3356836
194.3851626
196.0853133
196.156331
194.1390665
194.1390665
194.4852778
191.712957
193.1656965
192.5631967
191.5331112
191.6772837
195.6261641
194.8619018
196.5138854
196.3776038
198.8798272
200.2370545
200.6120345
200.2776595
199.3277977
197.700473
197.9072792
196.4936651
198.429884
198.719873
198.452899
197.5002425
195.4653879
194.066898
192.1351178
196.2679538
196.8775224
197.2500366
199.6029913
197.1558395
197.2082808
197.0784105
195.9595528
193.9847016
193.4773853
193.3422544
193.6915892
194.870779
195.4233033
196.3180936
193.5932823
191.6033069
191.1859135
188.0732995
188.8013954
188.7593108
188.8753721
191.2079421
192.844966
193.2733738
194.1504096
194.8130771
198.1757327
195.1709603
195.0266234
197.626003
197.2191307
198.2525041
198.824098
198.8352767
198.9189527
200.1872434
203.760815
204.2916395
203.3383254
204.6712225
206.4543917
206.3518105
207.8535391
207.2714241
208.4540662
207.9082819
207.9406673
207.4757644
206.3393167
204.0978203
205.5203116
207.6095802
207.4566948
207.9142001
207.2635332
211.7361692
212.9783215
213.5850955
214.4622957
211.6174776
211.865382
205.6122072
206.4617894
204.0706955
206.0046129
204.7412539
210.032895
209.1264329
210.0930628
210.909602
207.9937662
208.9842331
209.2207944
209.5140712
214.1770741
214.1770741
216.7143132
214.4498018
213.3942354
212.752117
210.069719
215.5012584
215.4673935
215.4673935
218.4422463
215.4068969
214.0031465
215.1057293
215.2306678
214.9250615
213.7759556
211.6838923
212.3865073
214.9893391
215.9017194
215.3754979
216.0335624
218.7958553
224.4100352
224.0442611
222.6770059
225.0054661
223.018943
220.4228513
220.3021869
221.0250222
221.7190888
223.1940214
227.0130314
228.3618747
231.0311212
230.0528194
228.4545922
225.9231069
227.0465676
227.8759294
227.0038254
231.4827083
232.7426151
233.3286755
234.2655503
232.8435523
227.4039576
225.6434747
226.2296995
224.7338891
223.1501285
224.3342501
225.075333
224.9175159
225.2601106
219.4987991
220.8686846
220.369588
218.845502
219.514252
221.7453917
222.9727486
223.7516419
225.4629713
226.9323145
230.1928821
228.4409476
229.3942617
233.5859503
238.2136088
238.0046655
235.7723751
237.6122598
237.2999134
237.1940444
240.0446162
246.9579927
249.3908423
249.0230956
253.3168721
251.1723675
250.4771502
253.5291033
259.7250694
255.5743146
255.1944028
245.9379351
247.6326609
251.1136793
252.8919166
251.4086
254.9111539
251.763853
247.2908882
244.2872666
243.9708104
237.8123258
235.934302
238.5634367
233.9633963
239.5241485
239.2208437
239.8836756
239.8836756
239.8836756
240.1807335
241.7705766
244.3508867
242.9907003
243.0434704
245.5488173
247.2576808
244.1621637
244.1621637
243.88023
243.6778624
243.883189
241.1772829
239.2859433
234.0316193
233.3569511
230.66321
234.3301567
236.7922683
236.8378051
234.3960782
229.6554819
226.7204122
227.5214985
228.3469149
228.3469149
227.5885708
228.8167497
228.7988308
228.8049134
225.1054169
224.9466134
226.4427527
224.5851136
224.8249627
226.2400563
231.1310721
231.2602848
232.4767918
231.839112
230.4521296
230.723871
230.723871
235.128284
235.7636623
235.4960307
232.926735
235.4769612
237.6720988
241.9620943
242.6617502
241.8974879
242.8593504
243.6377505
245.3342846
242.9657126
246.9627601
246.0515306
248.3538523
248.2003094
248.4689273
252.7257155
251.905724
248.2432159
246.409085
248.242394
248.3009178
251.3656935
254.2093609
256.7959178
254.4725538
255.4613767
251.7921285
255.2581872
254.8915911
258.5850051
261.0609256
261.048103
259.9465066
257.0313283
258.7498911
259.9290809
257.4390226
255.1695794
256.9920385
259.588459
262.1787969
264.8057945
267.870899
269.9848265
275.7443297
271.2534461
271.5529698
272.0257636
276.8007181
276.2126849
273.252463
272.2130071
270.0657078
270.0657078
273.303918
270.7148951
266.8125379
266.5223846
268.3729547
268.2792508
268.1939309
267.3566782
270.2133326
272.0106395
274.2274769
275.039742
282.2284765
283.1378976
279.7306916
281.9869834
282.106497
279.6383029
284.795635
288.8222733
288.5962331
290.2312843
295.0537482
299.2485603
307.5257398
306.4418978
303.5474331
303.5209658
301.2488924
304.4432097
307.0182591
302.5681449
302.2705939
306.5993862
312.4816907
310.7805536
305.2022114
294.6143262
293.6812324
292.1903538
297.387469
293.9937432
281.3667292
278.5641601
280.9886257
282.0315338
274.6134713
279.8092714
279.0450091
280.6218652
284.1226108
280.8732219
275.7887157
277.3795453
280.5452582
280.5452582
290.1385667
295.4681826
296.6521398
294.4464811
291.6646255
292.1272269
292.2990174
292.2990174
294.29787
291.3082218
290.4063627
295.8770276
294.9825661
290.4226376
288.5908081
291.2967143
291.4295437
291.9940687
294.4242881
294.3555718
296.1724415
297.8799899
302.7389491
300.6962037
297.8610848
300.3042911
299.0547412
298.3406187
298.6513211
297.712638
301.7346732
299.7213541
300.4981103
300.7374663
305.2216098
306.5073262
306.5147238
308.7044365
308.7044365
312.0389808
308.843184
310.860613
306.9911343
310.9329458
318.7455511
327.9038762
325.9609172
328.9015764
328.0419662
322.8169042
328.5330076
325.6413376
319.3268442
324.3792937
323.3330977
319.8001312
327.7202494
328.9199884
330.7784494
327.4550838
331.4051149
327.2676759
328.6451235
329.6347684
319.0044698
321.0151587
318.7200702
310.7055905
320.5209938
322.0380109
319.8877526
320.4887728
315.8175503
314.560767
316.4297492
317.9539996
312.6587418
323.7435866
328.6094503
327.2867455
325.8248
326.7495097
331.8456877
334.4560816
321.5645595
326.5962956
330.1174258
327.1718349
330.5223254
322.0002006
313.7427482
313.7271309
311.6710697
311.7111815
305.8451518
312.2415128
320.4029597
321.1905658
319.9914845
317.7907575
316.3283188
321.2714471
322.1003158
326.185971
321.0274881
320.9888558
325.0459067
325.534811
331.3738803
331.362866
328.6773445
331.5609593
336.7587321
336.564091
334.5976239
336.8504633
338.727172
338.727172
338.727172
344.3581199
343.4490275
352.217906
358.1437747
363.4314704
362.2337041
365.3045624
354.9206887
356.1879931
356.1879931
354.8912624
354.8912624
361.0203206
363.3329991
366.8316075
360.8366938
358.5442356
369.1186407
363.334643
351.6302016
348.6061953
337.621137
335.8450367
333.38161
315.3679358
320.1052443
308.1704885
314.5704662
317.3441022
316.9308186
312.5895325
309.7895936
313.6543049
322.4323893
324.1882693
315.4516118
314.2434888
306.0578761
301.0337022
292.5130569
281.9225414
280.6409348
280.6409348
281.5689324
290.5996886
290.1931451
291.3825273
289.6723486
291.4668609
297.1277283
312.8190249
317.9158605
315.9775045
321.1351654
321.6319606
324.3288251
317.8211702
327.7685809
335.8867925
339.2545442
335.7733615
340.173829
326.617831
325.7600292
320.7123471
326.067115
327.4662625
339.821042
338.1830317
340.3094531
343.1335577
345.2060582
357.7216139
357.402363
357.2932061
350.5720049
346.3423415
334.8624607
339.7551204
335.8567086
334.3710905
342.6811486
334.5672112
324.2459711
326.931657
326.931657
331.8619626
327.8433797
330.0771496
329.6637016
332.2106398
331.8923753
326.3995173
322.9817902
320.6919623
328.8285859
333.5857859
328.9405375
329.9527042
342.4437653
343.9468091
340.8473465
336.462825
333.0423032
329.7289655
335.0460875
339.5216826
335.2369476
334.8050876
338.1637977
335.605352
330.9558293
328.942839
325.6119112
328.3735466
328.056104
326.4644525
328.6778377
325.347732
327.7302774
325.2772074
327.8021171
334.1997932
333.7256842
337.8476703
344.3309951
346.0687918
351.3857494
352.8047884
353.5491592
346.4345659
353.7194702
355.2220207
351.0548267
348.6456496
348.5346844
350.8003465
353.9037546
349.169734
343.5095241
343.7934305
343.7934305
343.3983945
346.3985639
353.6778788
361.149369
359.496399
360.4363972
355.0717657
355.1822377
355.5905895
349.1353759
352.3901897
350.7388636
350.0046852
354.15544
360.2877861
358.8943924
357.1607055
356.6734451
354.8070932
362.9083724
360.2565515
362.2157853
373.4602556
381.1525253
379.1235889
382.0280816
379.9312509
378.7246075
377.5005384
378.11471
381.4388976
383.6208838
386.3110082
374.7538628
371.7563238
372.2391456
365.7247505
365.7247505
365.7247505
374.027904
372.2665992
370.4173441
370.4173441
378.3488054
378.7665276
372.7739155
363.9044286
363.1506874
363.6537295
356.7484083
366.4484078
370.5825589
380.5783011
379.1272055
379.8686172
393.7226594
396.3420949
390.8309894
392.5405105
391.9421206
388.232103
389.4274033
391.9437645
391.4035696
398.6276486
405.8627418
403.333558
403.291309
401.0794034
400.6248572
389.5319571
390.994889
382.6156216
390.4688319
390.6258271
389.1444832
387.3836715
393.9228899
389.819809
394.1836169
401.465069
399.9445996
395.9700739
378.9641278
368.5942275
365.9779155
369.5761459
362.1214238
365.9338582
362.1260268
376.0150847
373.8444416
373.9562288
370.8663009
374.7569863
375.3762541
378.6848244
386.4331521
384.9904406
389.7752585
397.3593578
401.6562579
395.9899655
397.9011966
393.0126467
401.1592983
403.0143071
395.6684131
401.244947
402.2850605
402.8538597
402.8538597
402.8538597
407.8763897
410.6712324
405.8186846
407.0932222
412.1201909
410.2117544
411.8357913
408.1002928
415.5043819
414.9936133
410.2043567
407.7864669
406.7889311
407.8558406
409.7784149
409.7784149
412.4616348
412.4616348
422.1292489
419.9724149
411.58164
412.214388
405.6738545
406.7994522
409.0907596
403.8698074
400.6426116
396.547586
400.8860774
407.714956
415.7802331
407.1113055
408.3020028
404.5775186
409.2221095
411.8550252
408.4729714
415.896952
425.8417324
426.4966735
428.3825882
417.9561367
417.9561367
413.2540083
418.2166994
412.9988706
418.5242784
424.2352856
431.922788
430.6845811
430.0779715
424.3774854
418.8247885
425.0376871
423.8828274
430.0311196
422.5699861
430.6122483
426.5445118
425.2704673
432.8096873
435.2624285
433.7380137
442.267043
439.406772
431.9507348
432.6951055
432.8359902
434.2566731
432.619978
429.7715433
428.0181292
434.7529751
431.4100467
440.4140069
435.1586966
433.9045437
422.1435511
417.5826362
416.929339
424.151774
416.9768486
416.9045157
411.0394724
404.5378999
409.7138085
409.2041907
403.1001202
390.5788107
402.0228539
396.9939125
396.9939125
375.8773235
381.2296256
382.6139777
378.6491512
396.7100061
400.0343581
405.0690532
401.9616998
397.1629084
403.3450655
395.0769276
407.5273837
408.9520121
411.7350185
403.9592372
400.689628
396.5962463
389.3914013
392.2794547
401.6930819
408.8374303
404.3386558
405.3476991
409.6179675
426.1700249
426.353323
422.7876423
416.4841632
411.4325356
412.3260107
411.317625
407.7983031
410.507004
418.6142012
414.9679681
414.2689697
416.9498881
417.8330065
428.9433321
426.6388733
434.924108
431.6252369
435.4759748
427.0705689
429.6518653
420.8619445
425.6081302
423.6197988
435.3687907
432.4896145
435.642176
434.8340208
438.9729393
435.7833894
433.6903398
433.6903398
426.154572
425.3917892
425.4761228
418.2798262
413.5252565
407.2515326
400.0412626
407.512424
401.2178222
394.0596647
394.0154431
395.0572005
398.1359496
393.8673251
397.4136075
397.7021169
391.196599
385.03121
393.8556532
393.8079793
392.9271625
391.0973058
392.4504232
404.8499176
405.4650756
409.5388945
411.2158659
408.649858
411.0534458
403.6386711
395.3757938
385.0077018
381.2467224
380.5061327
382.9887933
387.6532758
387.6532758
387.6532758
387.6532758
392.9075997
384.9452325
384.9452325
384.9452325
381.2034871
382.2937404
378.1592605
371.737583
374.8990217
367.2886196
360.7061659
355.0393803
352.0110998
337.9352917
325.4031323
327.4253287
331.4236913
309.8088276
316.4570384
317.2813041
328.9582919
329.1018068
321.8754264
331.283793
334.63116
328.1775903
338.001542
340.3974033
327.1323806
327.0186208
321.3876728
323.4744755
327.0023459
339.1077414
341.1307597
343.8749694
337.3691228
345.9346473
346.1582215
343.966865
341.4335713
337.6900176
338.5303938
334.6263926
334.0368799
331.3816067
323.2900268
318.2883746
312.2591028
322.099987
316.9970689
312.2378962
318.6868629
327.6247372
328.9053574
318.8405702
316.1608025
305.492036
319.5560078
322.246461
315.189734
315.189734
315.189734
327.8045829
329.0995053
334.2938259
333.074853
333.8391153
339.2081854
337.6178491
334.8113346
339.2412284
341.629692
336.3740529
338.8989625
334.860488
324.6567888
322.877072
327.072706
328.4639626
327.8328585
333.3881857
329.6855658
325.7784412
318.9076425
324.0552754
325.4687251
329.887769
324.1062372
328.2851032
328.2851032
328.2851032
334.8761053
335.6193254
342.3831044
337.8731512
337.1631385
340.86806
339.9745849
343.0546491
338.7376931
340.4389946
335.7376882
330.3135465
330.9043743
330.9043743
326.2773735
327.2571548
326.25666
329.301051
326.6783276
326.0123722
324.4910809
327.5611171
320.6743723
323.472996
320.5693253
314.7651073
306.3823876
299.7872757
304.076778
305.4172372
301.7790593
304.3128461
298.988984
303.3371746
299.9072824
293.6812324
293.7303859
295.2955701
296.8826186
289.6585396
288.9861729
285.191493
285.2978552
284.0673748
280.5030092
281.4515559
283.427229
287.8707675
285.0275933
280.3726457
280.4407043
271.5107209
268.7847588
279.5633397
281.246558
288.0866153
288.0657374
294.7492927
293.2003834
296.7427203
298.2737108
298.4427066
311.327653
310.616654
307.062152
303.5472687
309.3059499
302.7184
298.2497094
295.2156752
297.8918262
302.7550596
297.2957378
295.6994833
295.6994833
295.6259997
288.2271712
289.3256441
288.7969568
293.1374209
292.0169193
287.896084
284.5163316
291.8221138
294.5428153
293.3894351
301.5166883
297.6595391
297.1747447
285.4232869
292.3067439
288.7823258
283.9016668
278.8388605
279.5350642
268.7656892
259.3219782
259.6162414
262.2225254
277.2667718
277.2943898
268.6501211
268.9360002
278.1140525
279.3330254
265.2366682
271.5521479
274.8521697
270.1554663
268.6292432
253.1118743
249.2499577
244.9451668
246.152139
227.3061439
229.4516348
238.9586371
223.7863288
215.8173859
201.5184967
200.3948716
205.4336765
190.2434494
183.0055614
176.0063719
177.5327594
184.0113168
198.4159106
203.6828928
206.7062415
205.9602268
215.7478477
210.704111
201.2117396
205.9140324
209.3888039
209.3888039
201.2677976
190.3085489
193.8817917
190.0872762
183.1009093
186.7473068
175.984672
180.5965487
195.3547515
198.3141514
197.8622355
200.0392899
195.9090842
191.9366956
195.5321314
191.6319113
198.5150395
195.3425865
205.2050061
209.6651482
208.5947864
207.6487057
200.0521125
204.431209
210.4353287
201.5919803
202.8430098
201.413614
198.0542463
198.5536718
198.5536718
198.5536718
198.5536718
201.7775798
205.0946985
203.1297109
203.1297109
203.1297109
213.0291189
217.1672155
213.7808874
210.5748982
204.8586304
201.7133022
198.9569274
191.5344263
189.3397819
191.427571
184.5238937
183.9910965
188.2561043
182.3652513
181.3639345
186.8586008
180.6956776
182.6807212
181.1472647
179.0261039
172.5653009
164.2488316
165.7157089
166.5597017
171.3254501
176.6601622
177.2621688
172.5371898
167.2092178
166.7847555
159.88601
146.9699934
147.1920881
154.8914267
152.0452935
149.9471477
149.3638819
148.1611839
152.7886779
150.7991958
151.4985229
153.825668
159.9948381
158.1470625
161.9573598
159.5758007
162.4086181
164.2493248
164.0160513
163.9190595
166.8725413
163.021639
159.5254965
163.3413831
165.3655521
170.3964662
170.6456858
179.6264666
178.3780674
172.8534816
166.4373935
165.4825998
166.5572358
177.7724441
182.4481053
184.855474
181.2865055
191.2745212
195.4749227
195.4749227
195.4749227
194.122134
195.7785563
194.2783072
186.3833411
182.0208483
182.2378468
186.2187839
188.1717708
193.8778463
190.985683
185.1607515
191.9309419
197.9261843
197.9261843
205.900059
204.2610624
204.1717971
202.9219183
202.9210964
200.06362
204.7767627
200.0159461
198.5110941
198.77889
202.7011387
206.4716529
205.5132427
200.486274
198.1247709
196.872755
197.4550344
201.372187
198.2304755
195.9945685
208.5822926
213.4849802
209.4159287
213.578191
213.0386537
208.3057838
211.8213247
216.8009482
216.8009482
220.48006
217.434847
214.2633803
209.0651144
208.8625824
212.8543693
200.1502551
199.8964325
202.2848961
200.6388306
201.2595779
203.6975238
202.0307447
204.523269
200.3813914
198.7037625
196.987008
196.5755328
196.1844422
197.1060284
194.2309621
196.9080995
203.5318158
208.0276311
208.5799911
206.7333663
218.0725268
222.0897947
217.7697152
223.4468575
227.5178818
226.7728535
222.076972
222.5620953
233.7939073
234.4864943
236.7653079
233.2515753
225.6234187
226.9467811
231.6773495
233.8382933
228.0694198
227.4093826
233.4886298
231.0523279
223.1374702
225.1657491
227.958619
234.8266231
244.93481
251.0056732
254.5664221
246.6265767
242.3804741
245.0847363
243.0543203
241.6448161
231.68261
232.7514923
232.4945463
241.542235
241.8295937
244.20918
239.879237
236.1917412
231.4638032
231.1535939
235.8634487
238.3204641
236.3096109
235.4685771
247.103316
250.0696204
248.8401263
247.3969216
248.8744844
242.3295123
241.6365965
247.204582
239.2394201
239.6193319
247.6517305
243.4486987
245.9205095
246.5172555
249.5956758
248.2732998
257.4326113
254.0214598
254.0739012
260.4342601
263.8993324
266.5353716
266.9119956
271.7418572
268.2021506
262.4567852
255.4202785
259.7729077
256.2981363
255.2672288
247.0457785
254.0351044
260.4153549
257.2708487
266.7083129
268.6231606
268.6231606
271.2573915
267.3575002
275.9517934
275.2981675
268.8278297
263.4520195
265.8574155
273.3991014
269.0583085
268.3981069
263.7393782
262.6619475
267.0454826
269.3170628
271.1503718
271.6160967
278.0966268
276.1842449
269.6736309
262.6829898
262.3744244
265.1600611
267.6823404
267.8531446
268.65719
265.0392324
264.5915906
266.2744801
268.4870434
268.5407998
268.5407998
268.5407998
271.8820843
271.984501
269.7199897
269.2662654
269.2662654
275.117993
277.1883564
278.3121458
274.5251924
275.0713054
278.5814213
275.7972642
276.8820925
275.7134238
274.8613757
277.1490665
280.1142201
280.747297
279.0856141
272.3532342
273.1949255
269.5047994
268.6414083
267.8470621
269.7742393
267.2823726
267.9692059
268.8787915
256.5060932
247.6293731
246.3464513
248.3822923
249.6280612
244.9065345
250.5009872
256.1687591
253.4541402
257.5116842
253.5430767
253.1659595
255.4822546
252.7441275
251.9093406
248.0911525
255.0849171
257.3101386
263.0617509
263.9516093
264.6821711
267.7444809
269.8881636
268.8150071
270.5519818
269.9869636
270.717361
268.6621218
273.8631824
276.2652906
274.2059415
274.4155424
273.6491429
275.9787539
274.8939255
280.572383
279.8924542
278.6741389
280.9675834
279.8395197
286.7277441
286.7277441
286.7277441
289.9363635
288.5990278
284.1196517
287.5676271
290.3452085
292.0382904
294.5027034
294.0959956
293.0233323
285.9149859
290.4768872
287.4397295
280.0731219
283.5127133
290.2745196
285.1293525
279.3488071
285.1329691
287.17966
287.17966
276.6544084
271.7392269
270.1557951
262.8005307
277.5768167
275.750741
278.1396977
276.9032992
270.2654451
273.8066313
276.3080327
267.1589136
258.9361482
261.2133178
263.297819
257.0298488
268.138695
270.4847452
274.307865
275.1558033
269.8007066
270.9050977
270.9050977
265.2614915
262.5273098
262.1005459
263.8690841
268.265113
267.8344038
270.6422335
268.8194457
268.4168476
265.2217084
265.8554428
269.5871603
267.9598355
263.0461336
262.0550091
263.6050692
263.403688
256.822385
255.8764686
255.6614428
258.9642594
257.9958211
263.2404459
262.6843049
262.7503908
263.0130906
265.7203119
268.2845114
269.4081365
270.2840215
267.9881111
268.3463231
265.9304059
271.9664178
276.1789843
276.9462057
280.8521796
279.8510272
278.1097783
279.0999163
278.1168471
285.6611633
285.9855104
286.9100557
285.7749232
286.2620192
284.0527438
279.6690443
276.3560354
277.6052566
275.3359779
278.8816026
280.2440905
279.214005
277.0847889
275.2756457
277.7558405
271.7341307
269.7893635
270.6396032
273.7172016
272.2317479
274.2499988
276.2182742
277.2925814
279.0836414
280.2779554
279.4255785
285.2437699
285.7558536
284.7356317
288.9955433
288.4696506
289.4229647
288.2906268
288.3861391
289.9092387
294.1216408
294.1703011
291.7049017
296.6440846
295.8285317
292.7198631
294.2682793
297.4198544
297.2799561
300.0542496
303.526062
302.8293652
298.889362
296.8219576
298.6659521
299.036658
306.2701073
304.6569204
302.3687364
303.5198151
299.186913
297.6947192
302.0049351
300.8147309
300.900544
300.1443369
302.0598423
301.8267332
303.2031945
303.2031945
306.575056
305.6316055
311.7203875
312.9426483
312.7531033
316.8675273
311.8688342
311.8688342
313.825109
311.2232636
307.2441349
305.9477329
306.7812046
302.9944156
301.097651
300.9321074
303.4867721
303.7805421
300.9071197
297.9329244
297.479529
303.5625572
305.7905734
309.0884581
312.709046
314.2166928
314.5398891
313.8782079
314.5864123
315.0805772
316.0161368
317.4562181
314.1409077
314.9852293
312.7457056
315.8925134
315.7882883
315.5476172
315.5476172
314.529368
312.765926
316.6852157
314.6250446
313.1022737
317.1124726
312.5732576
308.4861228
308.4861228
305.8163831
303.3406269
304.650509
309.8326645
310.3117053
307.9469143
309.4386149
317.3140183
313.5247633
310.3414604
311.2896783
309.5553338
307.182652
309.4931933
310.6728763
308.5546746
308.3820621
310.9937712
310.8139254
312.1216704
313.2296782
313.5135846
313.0545998
313.3460683
308.854034
311.2104409
310.2104393
309.0337153
307.246272
301.7701821
304.0823674
304.1864281
303.375807
305.3047925
302.9631809
305.2635299
310.4830026
307.4188845
309.2441382
315.006436
317.3830633
318.0521421
318.8093355
317.223931
315.0980028
313.5969318
314.6342506
313.430895
309.4040924
314.092083
316.7605076
318.293964
315.6996806
315.6612127
317.0978417
320.9844172
322.7398039
321.3628495
320.6511929
321.7310895
328.5670369
329.1946888
329.3643422
334.6596
334.5616218
331.6655132
332.1154564
329.8645896
334.0457571
331.9163767
332.7643149
328.0168141
329.8101756
334.0883348
331.6071537
331.6071537
331.6071537
333.7179578
332.551755
334.2450012
331.872155
332.8811982
332.8811982
328.4874708
326.3258694
327.2324959
323.7577244
327.7054541
326.3447745
323.58429
322.73816
325.5650593
320.7511438
322.6003988
322.2352823
323.3886625
322.0205853
323.0403141
326.4095453
326.6170091
327.6017222
327.9753871
331.5805221
331.0903026
330.6990477
329.3321212
327.6829322
330.8399323
329.3745346
327.6193122
325.396721
326.1909028
328.6316433
327.3797918
326.9526992
328.781734
322.6526757
323.6822681
320.212264
320.212264
319.2633886
317.7342064
317.1379535
320.9313183
319.7692253
321.0332419
319.9931284
321.1913878
318.9002448
321.8838104
318.9350961
313.1170691
312.0233635
315.4655852
313.0273106
313.7092121
305.3693989
305.4898989
307.1369507
311.5398842
312.8734389
311.9324543
310.6930967
307.4760932
310.9137118
311.6487122
309.4785624
305.3740019
295.0798867
283.9687391
279.139535
270.8763289
261.882561
248.5757826
261.120929
265.8169749
265.8169749
272.0014335
272.5228876
255.9290744
256.7697793
262.9302366
262.848369
263.0702993
264.3162326
264.7291875
268.6172425
272.8584134
279.5352286
274.4817927
268.0343055
257.706161
259.5024815
268.6790542
268.5624997
255.2521046
247.3073275
248.7456004
249.9264342
258.5453864
260.7546618
257.2391209
259.9866184
260.2343584
241.4431061
239.149004
240.8800606
250.8228684
248.8787586
249.7825905
250.0612363
245.2977894
238.8683854
244.523006
247.6694849
249.4332557
257.8051254
257.6336637
264.0292027
259.3338145
262.4510315
260.8929161
261.2424153
262.0218018
253.7791448
263.1580851
270.4161934
268.0257571
266.6604745
274.6542408
273.9749695
269.6696855
269.6696855
267.605569
271.8889888
268.4290127
270.351587
272.0762322
263.2087181
260.1612036
260.1612036
262.7862285
261.636465
264.9333634
260.744305
254.9425529
248.4442684
248.7368876
244.5147863
246.2949964
245.8879597
251.4053122
248.0962487
260.1631763
257.8703894
257.2660813
260.9943465
255.5805615
256.8715385
252.4367129
253.7247308
247.8766199
249.2045852
247.5110102
246.3249159
241.2579998
240.0074634
243.4146694
246.2603095
245.1667683
247.3780164
247.3780164
248.0697815
245.316859
247.1271529
245.1075869
250.3956114
251.4475612
248.8013296
245.6436719
245.6436719
242.3960914
243.7779776
242.9805079
246.9731168
246.9251141
248.5470139
251.7646749
254.1779618
256.0592735
258.1917774
258.3775413
258.0477693
256.7416682
262.5564073
262.1904688
263.4975563
265.1970495
268.7055215
269.2738275
269.6139563
271.6241519
269.7522107
269.8939173
268.5626641
264.2991358
266.2583697
264.7857386
265.3076859
263.6280842
268.1306397
267.0224676
267.3882416
264.6902264
261.3999037
263.1834016
263.1064657
263.6499485
263.6737854
263.91758
264.6639235
260.1901368
256.4802835
258.2881116
261.728525
260.6915349
261.6747685
262.7270471
267.1889975
268.0315108
267.0987458
265.611155
262.7114297
262.5430915
258.6021019
261.3744228
263.523366
265.620361
263.9999408
259.7773463
261.6155871
263.2404459
262.9502925
258.0446458
258.6149246
258.6149246
258.6149246
254.5526131
257.274301
260.2384683
257.1774736
257.2327096
259.3144161
256.7908216
255.2098557
254.1202599
248.2305577
249.7906457
250.0135624
252.7673069
256.6578278
256.2161043
256.2161043
254.5440647
254.5440647
252.6392448
253.8521352
248.108907
247.8534405
250.1168011
249.2228329
244.4291376
241.6859143
242.813156
235.5652401
235.9181915
239.911458
240.1197437
233.1716804
232.6277045
232.9679976
235.0921175
238.8907429
236.9264128
239.9936544
237.0783118
237.8039418
233.465286
241.6019096
241.6019096
246.7227465
247.7725592
252.8866561
252.2118235
252.1677662
255.0770263
254.5586956
258.8713774
257.9185565
256.1603751
255.9198684
252.0816243
256.9779007
259.6361329
255.2289252
259.9323688
257.7543281
259.4518485
258.0898538
260.6251202
258.9844797
255.3208208
255.7655035
253.3052002
246.0469276
250.1725303
250.0449614
250.6359537
249.7396839
251.4357249
248.4399941
240.3576202
242.0758541
242.4784522
241.9020909
247.300423
250.4245445
249.7102576
250.0696204
248.3786756
254.0683118
258.8130179
259.1916147
259.7576192
265.1423067
264.6279215
264.527313
265.1852132
265.1852132
268.3335005
264.9586799
261.3693266
263.3558497
261.2266336
261.29124
261.4114112
260.7193173
258.0763736
255.6691693
254.5626411
257.9349958
258.9867812
257.0260678
258.5065897
262.5059387
264.8602085
266.8662944
268.772265
268.0385797
268.8427895
275.8533221
274.04796
273.8337561
274.9986438
271.7065128
271.1385355
269.8822454
271.6468382
268.8939157
270.5526394
270.2675822
273.47801
273.3540578
272.0068585
269.8182966
274.4704496
273.2914241
270.544091
272.4064975
272.463213
270.4043571
270.4974034
272.9723376
271.7786812
272.4479245
267.0872383
267.1255419
262.6867708
263.7291858
264.6083587
263.7459539
263.1293163
263.7301722
263.210362
263.210362
266.3972816
266.1349106
266.0956207
264.0165445
265.6866114
264.2488316
265.176336
267.2164511
268.5998169
269.0795152
268.376407
272.3359729
272.316739
270.2971729
268.9960036
271.8870161
272.7536951
272.7038841
272.2822165
273.6091955
274.725916
276.5390047
278.2820619
279.64044
281.3843192
278.0755845
280.833932
285.080199
286.2294694
285.2810871
287.0547214
288.771969
291.1691454
294.1775344
293.3749686
291.9532993
291.9532993
291.9532993
291.9532993
293.6332297
291.7586582
291.7586582
291.7586582
296.8531923
297.4897213
294.8212968
292.5263727
290.5700979
291.0757703
292.00048
290.3596751
290.647527
287.5375432
291.0493031
291.4009393
292.0724841
292.1536942
291.3093725
290.2794514
291.5176583
288.7742705
286.8337775
287.1415209
283.6739827
282.9131726
283.6128286
281.0032566
282.7819871
279.4147286
280.3854683
283.8120727
284.4111202
280.7344743
280.8903187
279.0660514
279.9289494
280.8978808
280.9897764
277.6327102
277.5917764
277.6223535
279.5985198
276.4719324
279.0042397
279.2148269
279.5856972
277.6978098
281.894759
282.2427786
281.6141404
283.2250259
281.9450632
282.7497662
281.8784841
284.6836835
283.6632972
280.1604145
276.2633179
276.090541
273.4678176
270.185057
267.0413727
268.4735632
272.4576236
271.2868178
271.2868178
271.2868178
271.8255332
267.553292
267.9493144
268.0188526
267.5583882
268.0913498
270.4857315
275.0413859
273.9609962
268.7819641
268.7819641
264.0676707
260.2968277
261.0111146
260.2853202
259.5503198
261.5555837
261.9982936
262.2427458
263.0773682
265.1235659
265.1235659
263.8069436
263.8069436
267.7913329
269.0144156
271.2176084
269.3668739
268.5671027
270.5186101
274.2559169
277.156793
275.3077023
275.7615909
274.4574625
272.9628028
273.8054805
272.0860958
275.2440823
282.8002348
284.3820227
283.3330319
283.3330319
285.517484
280.7045548
283.6871341
284.228151
282.4758877
286.8512031
288.8446307
286.739416
286.32679
285.0903914
286.1357655
284.4042157
283.9232022
279.6034516
267.3428692
259.6293928
260.5370057
260.5516366
261.0027306
253.6625903
261.8705604
261.1889877
266.190311
263.4439642
266.2200661
262.5933957
258.7853999
258.2682201
261.3665319
265.4160207
268.3581594
268.6591627
268.2016574
269.1952477
268.426218
270.0251028
269.3792033
271.54886
271.2994761
270.5652977
267.2810575
268.2407829
269.3180492
271.0734359
274.1655008
280.3348353
280.7466394
276.5605401
278.2161404
281.0820008
281.8845666
284.7560164
285.4744131
288.0155976
288.0155976
285.9879763
285.3774213
281.2491883
278.6142999
283.3830074
283.2848648
282.9674223
277.1030365
275.9680683
276.2049584
278.3116527
279.2690766
276.1526815
269.7278805
257.2943569
261.6136144
267.9626302
275.7357813
278.4655244
280.912183
277.9621535
275.4694649
276.4275463
276.3445279
282.1719253
281.5488765
279.6387961
279.9235245
281.7829719
285.2930878
283.685819
279.8623703
282.6054292
282.5273426
283.3277714
280.268585
278.3568607
277.73973
278.9279614
288.8722487
291.6038001
292.7798665
291.7683573
294.217975
290.5025325
290.6365126
298.7655742
297.951172
295.4828136
299.0034506
297.2308026
299.4239675
301.275524
298.3748124
295.6832084
295.6832084
297.5692875
294.4170548
297.420512
294.8676555
292.0890878
292.0890878
291.6638035
287.4990753
290.583085
295.7272657
304.5124191
301.6171324
300.8882145
299.0353428
300.1944767
303.1006133
298.5262182
300.3762952
298.4487892
299.6269926
294.1499164
290.7358059
289.1556619
287.0977924
287.4247697
287.5778195
286.7512523
286.9393177
283.602965
282.0989349
282.8434701
278.4612501
279.2593774
276.788553
280.2399807
280.9503221
280.9503221
280.9503221
280.9503221
280.1428245
279.5385164
279.5385164
279.5385164
282.7556843
279.704882
279.704882
273.551658
275.0260974
271.0083364
271.3376152
275.5069464
276.8367201
279.0890664
279.9294426
277.0359642
277.385299
281.0144353
283.6425837
280.7177063
273.9284464
270.5975187
272.5398201
270.4461128
272.6767593
275.1674752
276.7990741
274.8975422
276.1806283
283.3987891
283.8722405
282.6123337
286.59212
291.5013834
292.387954
291.6739958
291.1193344
289.8286862
291.8184972
288.8663305
291.605444
