100
99.88063018
99.47642741
99.04267767
99.07577029
100.8414982
99.68680195
98.74838969
98.02153384
97.56532839
96.30308116
96.00170191
95.83860255
95.22520712
94.22770089
92.33433005
90.1088511
90.05921216
89.80038057
90.11357861
89.59946106
90.06984907
91.51292385
93.15691813
93.12855303
93.13800806
93.57412157
93.48429873
93.80931557
94.09769415
93.97714245
93.76440416
93.97714245
93.10491544
93.07418657
92.05067899
92.28114548
92.3946059
92.93354292
93.40038529
93.30465306
93.30465306
93.20773895
93.35783763
93.53866519
93.1072792
93.00445569
92.31069246
92.6132536
92.86499391
92.53170392
93.48429873
93.34483696
93.76322228
93.59421352
93.62021487
94.05278274
93.86840954
93.9511411
93.8825921
94.02678139
93.94523171
93.92159412
94.40734656
94.39552777
94.55862713
94.81982248
95.65541123
95.83032939
95.58568035
95.67313943
95.559679
95.8185106
96.28417109
96.28417109
96.28417109
96.21916772
96.50045502
96.31726371
96.72855775
96.0537046
96.0537046
96.00997506
96.0477952
95.27720982
95.27720982
95.57504343
95.64359244
96.17898382
96.59027786
96.55127584
96.73092151
97.28167732
97.7024264
98.25081845
98.19763388
98.14799494
98.02862512
97.63033175
96.93065913
97.15403435
96.86211013
96.83019938
97.01811821
96.52409261
96.50636442
96.81128931
96.81838059
96.9093853
96.95429672
97.13512427
97.16703502
97.06421151
97.02402761
96.51227382
96.77583293
96.77583293
95.95324485
95.95324485
96.00879318
96.09743414
95.90360591
95.38594273
94.88600773
95.05383461
95.03492454
94.97701245
95.0372883
95.09283663
94.87300706
94.92619163
94.94628358
94.86118826
95.10229166
95.33984943
95.94260794
96.6221886
96.69782889
96.87156516
96.5016369
96.80892555
96.62337048
95.72514212
95.32921251
95.58213471
95.7724173
95.83742067
95.09874603
94.91673659
94.51607947
94.52435263
94.56099089
94.31515997
94.15797
94.25133848
93.7159471
93.65212561
93.32356313
93.1758282
93.04345771
93.24319533
93.24319533
93.16873693
93.1072792
92.8082637
92.52224888
92.4064247
91.91949037
91.38764463
91.47273995
91.58738226
91.54719835
91.88876151
91.72448027
91.67838697
91.6996608
91.39119027
91.33564194
91.54719835
91.80366619
91.84385009
91.63465743
91.87812459
92.45015424
92.66762005
93.22310338
93.67930884
94.39198213
94.26197539
93.64030682
93.73131153
93.9168666
93.61194171
93.15100873
93.51266384
93.97241493
94.75718287
95.35403198
95.35403198
94.99237688
94.68508823
93.94523171
94.05396461
94.16269752
94.26315727
94.29152238
94.44753046
94.23715593
94.09178476
93.8022243
93.32474501
93.03873019
93.24319533
92.96072615
92.43715356
92.48442874
92.45251799
92.45251799
92.63098179
92.57543345
92.4064247
92.3946059
91.90176218
91.88048835
91.6996608
91.39237215
90.96925932
90.50950822
90.18803702
89.83938259
89.59118791
89.01206699
88.19538831
89.33944759
89.72710404
90.60051294
90.53905521
90.5106901
90.41495787
90.41495787
90.76124854
90.85934453
90.94089421
90.76243042
90.76243042
90.24240347
90.56151091
90.44686861
90.95389488
90.88061836
91.46801243
91.32855066
91.53656144
91.43846545
91.16308754
91.16308754
91.16308754
91.28127548
91.53419768
91.90885346
91.90885346
92.02349576
92.92763352
94.28679486
94.56571841
94.67208755
95.61640921
95.86696765
96.17071066
97.89034523
99.22586898
100.3179256
100.2564678
100.2269208
100.8864096
101.4820768
101.5967191
102.1888407
102.6001347
102.5623146
102.7384146
103.4321778
103.2017114
103.6969188
105.8136649
105.3787333
104.8610701
105.1600856
104.2713122
103.2099845
102.5670421
102.5114938
103.2915342
103.2927161
103.5007269
102.8932408
102.8932408
104.2169458
104.8374325
105.1813594
105.184905
105.597381
105.2109064
105.2250889
104.4828687
104.50887
105.0099869
105.038352
105.5453783
104.5667821
104.8740707
105.4685561
105.2510903
105.4756474
105.7935729
106.3289643
105.3870064
105.1199017
105.2522722
104.7913392
105.0608077
105.4295541
106.8241718
106.6197067
106.6102516
106.8419
106.7863517
106.2793254
106.6315255
106.6315255
106.6315255
106.5700677
106.538157
106.1765019
106.5204288
106.9116309
106.8017161
106.9139946
107.6243042
106.8950846
105.7273877
106.0500408
106.3608751
106.3608751
105.9129428
105.4413729
106.1800475
106.1800475
106.7520772
106.8844476
107.0510926
107.0274551
106.4530617
106.8442637
106.4648805
105.9909468
105.2168158
106.2935079
107.184645
108.0107787
109.6476817
110.8260155
110.7503752
111.0422995
110.6097316
110.2953517
109.9336966
110.3497181
112.1603574
111.6521492
111.115576
110.8141967
110.4525416
110.4525416
110.6203685
110.6203685
111.0659371
112.2383614
112.2383614
112.7725709
112.7631159
112.9273971
113.4840624
113.6648899
114.2298283
114.771129
115.4991668
115.9246434
116.0912884
116.5297656
116.2496602
116.2272045
116.1905662
116.0416494
115.713087
115.3195211
115.0323244
115.2403352
114.0998215
113.9615416
113.4710617
113.0337663
114.01709
114.1116403
114.5418444
114.3361974
114.7581284
114.4721136
114.535935
114.8763163
114.8408599
114.3669263
114.0596376
113.7440758
114.1092766
114.1849169
114.0903665
114.7073076
114.5075699
115.0098687
115.1611493
115.1233291
115.3786151
115.3786151
115.457801
115.5038943
115.6386285
115.7934548
116.2307501
116.8405999
117.1100684
117.741192
118.0957559
118.1914881
117.8711988
118.172578
118.1501223
119.2599071
119.8023898
119.5872877
119.7740247
120.2125019
119.4773729
119.0081668
119.6310172
119.074352
118.6985144
118.8450674
118.9017976
118.8084292
118.3333136
118.4515016
118.1761237
117.9362021
117.4173571
117.3074423
117.7943766
117.7884672
118.3014029
118.5519613
118.7895191
118.4798667
118.6547848
118.4337734
118.4680479
118.5708714
118.3900438
118.0993015
118.085119
118.0567538
117.957476
117.6312773
117.6407323
117.633641
117.4752692
117.5119074
116.907967
117.231802
117.663188
117.663188
118.0461169
118.9987118
120.0694945
120.0293106
119.8496649
119.8922126
120.172318
120.3803288
120.6994362
121.4582028
121.348288
121.2513739
121.3861082
121.2549196
120.8932645
121.0362719
121.0019974
120.7786222
120.9015376
121.0291806
121.0291806
121.8635875
121.838768
122.8327286
121.7489452
122.9379159
124.505088
123.907057
124.249802
123.8786919
124.132796
123.8881469
124.8336505
125.7058775
125.7720627
126.0994433
126.0994433
126.0994433
126.0994433
126.2719977
126.612379
126.3700937
126.3700937
126.6868374
128.0968196
131.6814599
134.3714174
136.1749654
136.5590762
137.5790382
142.2876458
142.8384016
141.3752349
142.8135822
144.2235643
143.5569843
143.6893548
143.8950018
143.971824
145.3085296
145.8651948
146.2563969
146.06966
146.3485835
146.6936923
146.4372245
147.3401804
152.2036142
155.2575906
156.1700015
154.7824751
154.7824751
153.7707863
153.9847065
154.1667159
155.0944913
155.5554242
155.7161598
155.2528631
154.1111676
153.0167472
152.8241009
152.2757088
153.0628405
153.1254801
152.0806987
154.4137287
155.8402572
156.6368439
156.6758459
157.7442649
159.4863552
158.3801161
156.6132063
156.567113
156.1900935
154.3877274
153.5639574
151.8242309
152.5049934
152.1705216
153.391403
154.7399274
155.9123518
155.9123518
155.9123518
153.920885
153.5982319
151.8289584
150.9626408
152.59718
152.5629055
153.1703916
153.6939641
153.509591
153.9102481
155.8650766
156.4453794
156.733758
157.1698715
156.4737445
157.6532602
159.3882592
158.5384879
158.5384879
158.9486001
160.2179386
161.5120965
161.5120965
170.3903748
173.8745553
172.9881457
172.4704826
171.9870939
172.7470423
173.5069908
172.730496
172.4645732
172.397206
171.9705476
170.5582017
169.2817719
170.6941178
169.8833485
169.6126981
169.8892579
171.2519649
171.9433643
171.9433643
171.2555105
171.9575469
173.3805297
174.2031178
176.6306981
178.6729858
179.9801444
179.9801444
181.0556547
183.4572337
183.4572337
189.1562563
188.737871
188.2237534
186.8527733
185.7796268
185.7347153
185.3612414
188.4754937
189.4481805
188.8229663
186.8244082
189.1976221
191.4219191
194.9758306
195.0762903
198.1007198
199.8463557
202.0883809
198.9398542
198.7720273
197.7508835
195.6471381
198.0144426
198.3229131
197.0098451
195.5762253
195.970973
197.7816123
197.3407713
198.2614554
198.0699909
197.2296746
196.9093853
198.4765574
198.8323031
198.7862098
199.9893631
201.84255
205.184905
203.4912718
201.7751829
202.6308636
201.0365083
201.1889707
201.1889707
198.1397218
199.7080758
199.6265261
200.1784638
197.6303318
197.1930364
195.413126
193.3566558
187.1848814
182.8355651
183.7219747
188.3419414
191.3580976
192.4986113
193.1320987
193.3590195
193.7998605
193.961778
191.4325561
191.0531728
192.0400421
191.4798312
193.0860054
194.2927043
194.6886339
195.6849582
196.2049852
196.687192
198.0132607
201.8271856
202.3566676
204.0065712
206.4530617
207.3347437
208.1963338
206.988453
205.7486615
205.5453783
203.1012516
201.7633641
201.6723594
201.127513
200.8734089
202.7029582
202.1013816
200.9738686
202.9097871
202.744324
198.4328279
198.9244897
192.9288154
182.5176396
193.9724149
191.3592795
192.5588871
193.8885015
193.8187706
195.9638818
196.2995355
193.2585598
191.6382031
190.1029417
190.6170592
189.15862
189.8074718
191.3096406
192.1263193
192.863812
194.0823297
196.9117491
197.9884412
199.4173334
204.146033
206.8064436
206.0051294
206.0051294
211.0529364
210.7775585
211.2444008
211.1049391
211.1049391
209.713867
207.9564123
203.960478
204.7428821
209.4136696
209.8155086
209.8367825
210.5707296
207.7224002
209.8025079
212.4274622
212.4274622
212.4274622
212.4274622
213.5455201
214.4461122
215.3159755
215.3159755
220.535155
225.6621479
225.3134935
224.7733746
225.4529553
224.9021995
222.1484204
224.8017397
224.9045632
225.7224238
226.9953079
228.200825
230.8588718
230.9321483
232.8810675
234.8772618
236.806089
239.8045171
242.2793727
242.4341989
241.3563248
246.4915909
249.8965856
250.7629032
254.9550295
252.9281063
251.8502322
248.460602
247.0187092
247.5139166
245.5378142
244.1668341
248.9499001
251.0772831
252.2260699
252.3513491
258.4321188
258.4321188
266.7277304
265.712496
265.6924041
273.9702876
274.9642481
272.230561
268.3445415
273.1098793
274.8507877
276.3884129
278.7178972
281.8794247
283.8768009
283.1156705
284.8033944
284.4771956
285.0338608
287.453168
293.2491047
296.8432001
301.5128057
299.4386073
297.020482
294.3163418
293.2089208
298.803938
303.4581792
307.4505679
310.2894423
310.9371122
308.5485339
309.5413126
309.5413126
309.5413126
317.437449
320.1865006
316.153928
314.4768411
318.8060654
319.9016676
320.9535403
317.427994
310.3591732
294.598811
305.2321802
301.8271856
306.4660623
306.4660623
313.6719812
307.958776
305.3101843
295.6223186
296.0147026
296.1494368
292.3579676
291.3486426
289.4812731
292.1369562
290.5437827
300.1820094
304.5124156
306.3372375
305.8089374
306.0984978
304.8433419
298.6644763
300.4680243
297.1162142
294.2690667
291.3959178
286.8149531
281.3747621
289.5474584
293.9676874
293.2325584
293.2325584
293.2325584
291.8533051
284.247911
284.6367494
288.5239508
288.267483
286.434388
282.1288012
282.2458073
277.1400882
282.3687227
281.6501401
279.6492182
278.1281394
280.8145513
283.1026699
287.4035291
291.7339353
300.7623122
303.3139899
304.0751203
303.7950148
307.7070357
313.2382314
313.2772335
312.4440085
313.6802543
314.0289088
313.5017905
307.9705948
307.8665895
306.2663247
303.5940953
303.7099195
303.8434719
303.7761048
296.2581697
291.0791741
292.217324
287.8739171
285.6909858
292.9796362
290.8687996
280.4694425
283.071941
278.7509898
283.385139
281.14075
288.6220468
290.0970323
288.6232287
277.4190117
275.6119181
280.8228245
273.5873586
257.1344151
254.0402548
253.5722306
251.6197658
259.1069719
257.1001406
255.7811632
257.7584475
264.6038931
263.9148574
255.0200329
248.9014431
255.4774202
254.5626455
258.1957429
252.587725
251.1671059
236.7599957
235.2164612
237.551855
239.9097044
231.7866471
229.5588044
227.269504
218.8757963
202.4063065
204.4285022
204.4285022
214.5300256
217.3488081
215.0157781
214.6529411
222.4486178
227.9786316
238.1841605
238.7916465
241.6057014
243.0487762
246.5388661
245.6914586
247.3815461
248.7265249
249.1910035
249.8032171
246.4147688
249.0858163
251.9459645
258.9486001
257.655624
261.7082885
259.5986337
259.3953505
258.233563
253.5864131
253.4386782
249.7819432
252.8300103
255.313139
253.6443252
254.2979045
255.950172
257.0895037
253.9787971
247.588375
248.2632282
254.9999409
253.763695
248.5291511
248.5291511
242.9341339
247.1664441
245.1619766
247.4004562
247.4004562
250.4579783
245.010696
241.6317027
242.5275673
240.1519897
238.5162686
236.2056943
237.4183026
240.2217206
242.4672915
248.9002612
248.9002612
248.9002612
252.2981645
250.6695347
250.7865408
250.7865408
250.7865408
259.557268
263.5721124
272.0875536
269.182494
268.7180154
267.8469703
264.986822
256.4075593
257.2147829
260.3845836
263.7257567
262.6998854
266.1296994
270.1457257
265.2267436
267.2867594
268.8503859
266.7962794
267.4947702
269.2285873
270.8406708
269.8632566
269.2155866
268.741653
268.6222832
264.0708655
259.9650164
259.9709258
263.0036284
262.4150524
262.2590443
262.2590443
259.2889813
257.8482703
258.6885866
259.635272
259.3138008
257.9534576
256.3898311
259.2594344
259.1010625
256.3141908
254.9160275
252.8371016
255.3970524
253.7258749
248.490149
241.2121355
245.128884
242.3171928
243.7259931
241.5856094
236.4491615
232.1152096
234.7661652
238.6344565
240.5325549
239.6756923
245.2057061
246.5755044
244.5958563
244.4705771
245.3948068
248.5539705
248.5539705
248.5539705
250.5797119
251.3798442
252.4376263
253.3854936
248.0871282
247.8696623
246.0767512
242.7852171
236.5874413
237.8485067
232.8314285
235.022633
235.6927586
234.7236175
234.3844181
236.8391817
237.8083228
235.257827
234.4423302
235.022633
231.7630095
229.3744312
229.8542743
235.2353713
242.727305
244.7790476
242.7580338
243.7319025
242.609117
236.7824515
240.3659099
241.4780584
240.6743804
239.6946024
240.0302561
238.4831759
239.7040574
241.3846899
240.9663046
242.4885653
241.109312
238.9890203
238.9890203
237.6712248
239.5397762
240.5431918
239.8151541
239.8151541
238.0104242
235.7790358
235.1360934
232.8255191
233.5641938
233.2592689
233.9613053
232.8503386
229.6273534
227.0993133
225.4777748
226.3050904
228.0247249
231.5951827
230.3211166
229.7904528
231.3812625
231.5041779
229.8625474
228.8780419
228.6227559
230.1887461
227.9419934
225.9788916
226.4882817
227.6264316
231.160251
229.493801
230.6165865
229.6025339
228.5447519
228.356833
228.5033861
229.1203271
225.9209795
228.0081786
224.7769203
224.4152652
223.1234709
221.1662786
221.3624706
222.133056
220.9062651
221.0953659
222.7748165
226.0297124
226.6998381
226.7069294
224.1800711
223.0041011
225.6503292
224.6350947
222.8031816
224.4897236
226.5603763
228.8319486
226.436279
224.2557114
223.5501294
220.8755363
222.9509165
222.4001607
222.7145407
221.9084989
220.0163099
220.2160476
218.2966754
215.4767111
213.9343584
214.4520216
216.1361998
218.7635177
217.8972001
214.820768
217.1254329
217.5379088
220.1770455
218.8285211
217.8321968
218.2872203
220.2231388
224.3904457
224.3904457
223.8609637
222.6282635
222.5419863
221.6307572
220.9216296
219.1689024
219.0318044
216.6231341
215.2249707
216.829963
217.241257
218.1607592
220.957086
221.5232062
224.2817128
223.2440226
223.5926771
225.0062049
225.0062049
224.681188
222.1106003
224.0571557
224.2261644
222.2961553
221.0469088
221.5539351
222.1259647
224.6870974
227.5767926
227.9443571
227.0461288
227.9242652
230.2171113
231.8670149
230.9167839
234.5096973
238.4949947
239.0091123
237.8390517
236.6914467
236.6914467
239.3364929
241.4898772
243.9670965
247.3980924
247.3980924
255.7409793
256.950042
253.5556842
252.165794
247.9145738
246.8544279
248.7607994
249.637754
250.0218648
253.3642198
261.0547092
261.0547092
259.361076
258.1307395
259.4118968
261.8926617
261.8926617
258.724043
247.1723535
239.7466051
247.1782629
252.7000035
257.1568709
257.0694118
257.0906856
261.5286428
266.8801929
271.0084977
271.6892603
267.8895179
263.6016594
262.6159719
267.6980534
267.0232003
269.3668672
271.2708749
268.9993027
265.0045502
266.7478224
266.8033707
270.3714647
278.1340488
282.1914408
287.7900037
284.0268996
285.9569087
289.7578329
286.8728652
280.7330016
280.5675385
285.6342556
288.8761509
285.3104206
286.0431859
295.8882415
295.82442
300.0307289
301.9134628
299.8747208
297.0973041
301.1499687
308.7553628
306.7248939
306.7248939
300.0744584
296.9507511
295.1200199
290.8522533
294.2678848
286.9414142
287.2392479
286.4674806
287.8313694
287.8833721
279.7744974
275.6639208
284.2160003
282.6086443
282.9182967
280.1645176
275.7490161
278.3349683
272.8415927
268.2913569
268.7357436
276.0019383
279.2178322
277.0514472
268.5974637
265.3059295
265.0400066
256.7857607
256.7124842
260.4897708
258.6992235
259.0975169
259.0975169
259.0975169
259.0975169
262.703431
261.9103899
266.4949002
266.4949002
271.4197918
267.77133
265.6664027
267.3777641
265.5683067
262.5308766
255.1216745
257.7998133
258.7784094
255.1015825
260.1281157
257.1840541
259.537176
256.2420962
253.4776802
255.0531255
252.0357873
254.2234461
252.2095236
255.0141235
258.0491898
259.9319237
264.7315361
265.9642363
261.1433502
262.4197799
262.0817624
262.7979813
268.3941804
269.5630592
271.064046
274.6664145
274.9843401
276.2465873
273.4526244
271.6360757
269.6316082
269.6316082
264.6948978
261.1409864
260.8868823
265.545851
261.7011972
265.7597712
266.9428325
268.4780939
266.9534694
266.7549137
261.8217489
265.8625947
266.0375129
268.6884684
269.3952323
271.2129629
274.5789555
272.2163785
272.182104
275.3755422
273.8509177
276.6720639
272.0048221
271.6951697
273.0318753
267.6590514
268.5584617
271.2720568
272.8274101
268.8007469
269.7781612
268.4036355
265.4453913
269.0477597
269.5914243
268.5442791
270.574748
270.574748
267.6566877
264.5637092
266.1864297
269.3385021
266.8175533
264.6960797
265.5635792
266.5941781
268.0703455
267.5243172
267.3907648
269.584333
272.2624718
275.1651676
273.4443512
270.9872239
272.5473047
272.417298
273.1146068
271.7589911
271.2519649
274.0128352
272.0710073
271.3429696
270.6373876
269.4448712
266.3140726
268.4130905
269.9058042
267.2725769
266.9333775
267.3706728
267.1910272
268.2618099
269.054851
268.1128931
268.1128931
266.1356088
261.1587146
262.7046129
258.6365839
257.1143232
255.7646169
256.9937715
253.332309
248.6981598
249.7689426
247.265722
246.8106984
252.460082
251.8419591
247.4489133
249.2867358
248.4948766
250.8574535
250.8574535
251.6611315
253.2968527
251.7367718
248.9439907
248.7820733
248.7596175
245.2423444
240.423822
245.3179847
244.6714966
243.2047842
242.8785855
241.5466074
244.5603999
243.4588883
244.6596778
249.1460921
247.7857489
248.5575162
248.0043966
245.5271773
245.5271773
244.9610571
246.7492406
246.941887
247.5233717
247.5233717
251.5547624
249.9284963
251.9258725
248.5965182
246.2528513
245.6193639
248.8612592
243.6574441
244.745955
244.6265852
244.6265852
244.6265852
245.2092518
243.6408978
245.5827257
245.5827257
246.1062982
245.1111558
249.5467492
248.7182518
247.117987
247.7999315
249.8185815
253.8440628
256.7349399
259.4946284
255.0933094
259.605725
259.1152451
257.5386179
257.4251575
255.9064424
258.7736819
260.2002104
261.2107173
260.6398695
263.0674499
263.5177459
263.1950928
262.3465034
259.4508988
262.6857028
260.8490622
258.1401945
253.9350675
256.0801787
256.4831996
254.7564737
254.9112999
251.3845717
248.9073525
251.1032844
249.5349304
247.7975677
246.4762265
247.8424791
247.8424791
250.1814185
250.0325017
248.8305303
251.8041389
252.6030894
253.8984293
253.2188486
249.5798419
247.2810864
248.7998014
244.5284892
245.3227122
240.5230998
238.5186323
239.0516599
235.8286748
227.7895309
232.9708903
234.5829738
234.3808725
236.2789708
237.2906596
236.5531668
235.4481096
231.9095626
235.6383922
239.8659749
238.3496236
241.2357731
243.2733333
242.3703774
241.099857
241.099857
241.099857
241.6730685
244.9445108
242.4732009
239.6272352
232.5016842
231.6341847
231.6341847
232.6281453
231.8575599
235.3039203
235.3039203
234.4305114
232.4142251
234.5463356
234.3383248
233.7627495
232.5371406
234.2496838
233.4129132
232.4083157
235.5781163
234.3276879
233.7733864
231.6164565
228.2280082
224.2982591
222.2417889
221.5669357
223.2865703
223.0324662
221.7063975
221.7052156
220.2325939
219.8957582
219.6215622
219.7137488
218.9538003
216.6975925
216.6113153
213.3540556
209.547222
211.7171526
211.7171526
207.7614022
202.4784012
201.5801728
197.0453014
197.1729444
200.9336847
203.9285672
201.1523324
200.078004
203.8505632
205.1600856
205.4508279
208.5319876
208.9811017
208.8191843
203.9155665
201.8023661
202.3117562
197.9458936
198.118448
198.539197
198.9008521
198.7838461
199.2932361
203.5858222
201.6971789
200.568484
201.0566002
200.7859498
202.1545662
203.6827363
204.9662573
205.8432119
204.6140573
203.3979033
203.029157
204.2878586
203.6413705
201.9252816
199.3003274
198.4600111
198.8973065
201.4099822
201.4099822
198.8476676
196.00052
195.2393897
195.5454964
192.6498919
194.4073466
194.7430003
194.2005177
191.6228386
193.363747
191.4963775
191.47274
189.98239
191.8119393
192.6948033
190.5875123
187.8384607
186.80668
178.5347059
173.6689083
175.4417274
168.006524
168.4650932
172.8439565
175.7903819
172.7222229
175.3270851
179.9576887
183.5092364
186.3693846
188.1682051
190.374774
190.1915827
188.2521185
187.5158076
190.0237558
190.0237558
187.7332735
189.678647
194.1402418
194.4723499
193.64858
191.5022869
194.4097103
197.8667076
198.1609956
195.1542944
199.3617851
203.4144497
204.6246942
202.0517427
200.4467504
199.5024288
196.8432001
199.2187777
199.2187777
199.7931711
202.3141199
203.1686187
204.3895002
205.6742031
204.2500384
204.9603479
206.4778811
206.2911442
203.6200967
202.2727541
203.3541738
201.4218009
199.5709778
200.4266585
199.6903476
197.8998003
198.3560057
195.5466783
197.5558733
198.5167413
195.5100401
196.82429
198.5143776
202.8306012
202.2006595
200.088641
202.244389
202.0529246
200.6618525
198.5911997
197.7106996
197.4282304
194.8280956
194.3671627
194.8907352
194.8907352
194.8907352
194.8907352
198.0428077
199.3747858
199.3747858
199.3747858
198.7034783
202.5859522
203.3908121
200.3545638
198.961128
196.1529825
194.9013722
195.2795736
193.481935
196.8550189
196.9164766
199.4575173
200.3120162
199.1443193
199.2695985
195.883514
194.8588245
194.9072816
198.2980936
195.2039333
192.7798986
192.7917174
193.4736618
190.7671579
190.2152202
191.4101003
189.9091135
189.0167945
189.0593422
189.0593422
187.0359646
189.1609838
186.7050384
186.4544799
182.592098
182.1418019
180.5817211
180.4138942
180.2247935
183.8945291
186.0349127
187.855007
189.4481805
192.4477905
193.2621054
193.1273711
194.9451017
197.7248821
198.1988158
197.8418882
196.255806
196.9342048
198.0664453
199.578069
198.8393944
196.3397194
194.6035385
197.3053149
195.8894234
195.5242226
196.0324308
195.5762253
195.5762253
195.5762253
193.226649
192.4631549
192.9595443
192.64871
192.3473307
194.4368935
192.6416187
191.8556689
191.0579003
191.0921748
192.5683422
193.1911926
193.5493021
193.9771425
193.550484
192.4336079
191.5814729
191.5814729
190.4858706
190.2790417
189.0522509
189.0522509
182.3320845
183.6475163
182.3876328
181.0201983
185.2324166
184.5670185
183.6061505
182.7185591
183.9217123
183.8744371
184.1829077
184.7230266
184.1935446
184.9877675
184.7525735
185.3257851
186.3930222
186.4107504
187.2841593
187.2983418
187.2983418
183.708974
183.3520464
180.8393708
182.150075
179.4884826
177.5903842
177.5903842
178.131685
175.9818463
173.3155264
169.9944452
172.7872262
173.6239969
173.5436291
173.4396237
172.5815792
170.5203815
172.7470423
169.4188699
170.3348264
170.5463829
168.9224805
165.2338348
161.5203697
162.8712579
166.3046176
167.1461158
166.7915519
167.0834761
164.6570777
164.6570777
162.114855
161.3005401
162.0297597
160.6812353
155.4620558
152.0204229
150.5808937
146.8095165
148.4428739
148.8293484
152.3312572
150.0573212
150.6931723
150.1695997
147.3614542
143.5628937
144.0663743
141.2617745
144.795594
147.6781979
147.1534434
146.4147688
145.4669015
145.4669015
144.4150288
145.7529163
145.4669015
146.4596802
151.2001986
150.852726
149.8954037
151.9128718
150.2629682
149.9722258
150.6707166
146.971434
146.4620439
145.197433
144.1514697
145.3404404
144.7873208
145.7919183
146.7634232
145.3368947
143.6278971
141.7037974
137.7705027
132.54305
131.1472504
133.3443642
128.4324733
124.9612934
127.778894
129.0565057
125.347768
120.5777027
121.358925
124.1989812
123.966151
125.2425808
124.6847337
126.1549917
126.4610984
125.6290553
130.1757455
127.3191429
130.0634669
129.6025339
130.0492844
128.3603787
127.3806006
127.0685845
122.603444
125.2378532
129.0482325
131.8823794
128.2575552
131.1649785
133.4105495
133.4105495
136.4137051
135.3736512
135.335831
135.9752278
136.3747031
136.4172507
135.7140325
135.3192847
137.6381322
140.5621019
142.1836404
143.2946071
143.9434589
144.7258631
145.186796
147.6261952
145.2789826
147.6403777
149.4191063
149.8717661
150.0715037
148.715888
150.7664488
151.1292858
150.5678931
146.4880453
146.0117479
144.2093818
142.8277647
142.3171928
142.531113
143.3253359
145.2931652
144.0238267
143.471889
142.3585586
142.3585586
142.3585586
142.3585586
141.0064885
140.9970335
142.9790453
142.9790453
146.0980251
145.7694626
143.7709045
147.1900817
147.4654596
148.0138516
148.7572538
149.941497
150.5418917
149.2028223
149.9769534
148.1734053
146.6936923
143.4848897
144.0096441
145.0508799
144.7034074
142.344376
140.3103615
136.9396414
137.0531018
137.5057617
139.0492962
136.963279
137.6806798
138.0246067
137.1157415
136.2742433
137.3757549
136.0461406
135.2554632
136.855728
137.9217832
138.1498859
135.1100921
134.2662302
132.0265686
129.6569004
124.3195329
125.1243928
125.4801385
126.1963574
125.3028566
125.8228835
126.0781695
126.465826
126.8463911
128.5128411
129.6746286
129.4335252
130.062285
129.9972817
128.739762
130.7312288
130.2974791
129.4997104
131.7854652
129.8259092
130.7312288
132.3385848
131.9190176
131.0751557
128.5506613
130.2431126
131.6495491
132.199123
135.100637
138.3685336
136.8049072
136.4964366
134.5002423
133.56183
130.8198698
134.3761449
133.2143575
132.5253218
132.5253218
132.5253218
131.699188
133.130444
131.8882888
132.3598586
131.7452813
131.7039156
132.5158667
132.5158667
133.3750931
134.4576946
136.5389843
137.0460106
136.8108166
135.4516552
135.8783137
135.3476498
136.5448937
135.9574996
135.4894754
135.2530995
136.2364232
135.4552009
135.5934808
135.4351089
135.5355687
135.8617674
138.0896101
137.3190247
138.1404309
140.433277
140.4970985
142.2380069
143.8087246
144.1420146
143.1043245
143.0523218
143.1716916
141.7593457
140.698018
142.5039297
142.177731
140.3978206
139.0504781
141.0584912
142.1623666
139.8884306
140.4285495
141.1246765
140.9733959
140.2169931
139.522048
141.3775987
141.2133174
140.4190944
142.6020257
142.7426694
140.6932905
140.8043871
142.5582962
143.647989
142.903405
142.1576391
143.0369574
141.2865939
140.1708998
139.453499
138.6285471
139.8695205
139.7844252
139.1544835
138.7030055
138.6403659
138.424082
137.5837657
137.3225704
138.2030705
137.2362932
137.9087825
137.6109489
138.0139698
139.8364279
139.9191594
140.5384643
141.2003167
143.1456903
143.5723487
143.334791
145.2447081
145.91247
145.3628961
146.1937573
146.441952
146.1122076
145.4160807
146.5967782
146.4064956
145.9739277
144.9693302
144.2944771
143.6550803
143.9269126
143.549893
144.8405054
144.7825933
145.5118129
145.1371571
147.990214
148.3270497
148.8423491
147.9547577
149.6353902
149.7736701
148.0504899
147.2692676
149.4923828
149.451017
151.313659
151.8986893
153.1751191
152.4577183
152.3856236
152.6550921
153.4965903
154.1241683
155.1642221
155.2859557
155.0413067
154.1135313
154.8852986
153.2992164
153.6325064
152.2166149
151.4826677
151.9873303
150.9200931
151.8206853
152.1114276
152.7023673
153.4918628
153.7885145
155.0921275
155.1630403
154.4432757
156.3933767
157.4109749
157.5244354
159.0833343
159.9331056
160.5453192
157.9180012
157.2975145
158.9958752
158.3552966
158.2276536
159.0750612
159.253525
159.7510962
160.7592393
161.9801208
163.1194526
163.26246
163.0993606
162.5982437
161.2899032
161.1398045
160.8892461
161.2780844
161.8300221
161.4754583
161.7153798
162.4055974
162.0191228
162.0616705
161.6125563
162.9374431
163.9727695
164.1417783
164.1417783
164.1417783
164.8851804
165.1262838
165.6522202
165.6522202
168.4461831
169.3964142
167.9261562
166.9168311
169.750978
169.976717
169.2924088
169.9199868
170.7638487
171.2425098
172.2388342
173.8603728
172.1880134
172.7446786
172.2471074
173.358074
172.7529517
174.1889352
174.5092246
172.113555
172.0142771
172.7529517
172.5922161
172.6347638
173.1737008
176.2962263
176.5574216
178.0524991
181.5614991
180.96465
181.0993842
181.2211178
183.5884223
186.9626881
185.5160677
183.8129794
186.9969626
188.2154803
188.6988689
186.8941391
187.3444351
188.2450272
190.952713
193.0753685
192.9879094
192.1865951
195.7830542
193.9925069
191.8308494
186.7322216
186.9981444
185.032679
186.2405597
189.6656463
187.1754264
187.2274291
184.2833674
183.2787699
183.2551323
184.8270319
184.2396379
183.8909834
182.9383886
185.7122596
185.9013603
187.6068124
186.9189585
185.6779851
187.7510016
187.9282836
187.9282836
187.9282836
188.7118696
188.119748
188.0677453
188.6232287
189.5498221
190.0225739
187.3314344
186.9886894
187.9377386
186.904776
184.4405574
185.3978797
185.5787073
184.738391
186.218104
186.7948612
187.1896089
186.1637376
184.2313647
180.5533559
180.7566392
179.2272872
178.9081798
177.2736405
173.9052842
176.2087672
178.0903192
177.8905816
177.504107
176.8032525
175.9511175
176.7027928
178.5122502
176.2264954
176.8942572
175.8069282
176.2548605
177.0798123
177.8220326
180.6928177
179.8004988
179.5144839
180.3855291
180.8547352
179.2556523
179.7248585
181.6962334
181.2494829
180.6490882
181.0603822
181.2128447
180.2413398
179.6693101
180.2933425
182.425453
181.7316897
182.2765361
180.9020104
179.9966907
178.1683233
178.0383165
177.2157285
179.3005638
178.7947194
180.131425
181.1041118
180.7412748
180.2862512
180.1834277
177.8693078
179.024004
179.6811289
178.7545355
177.9532212
175.9653
177.4698325
178.6328019
178.4011535
175.661557
176.2962263
174.5210434
173.7138197
175.0907092
173.4088948
173.2694331
174.4430393
173.1500632
173.3119807
172.2967463
173.0791505
172.4527544
172.7092222
172.8085001
173.6310882
173.5176277
174.1345688
174.3744903
174.7266904
175.3991798
175.9842101
175.4570919
175.2384442
175.7655624
175.700559
176.2383142
177.0703573
179.7697699
179.5298484
180.4328042
181.797875
182.5270946
181.2364823
181.6844146
181.1974802
181.1076574
181.4137642
181.4314924
180.6384513
180.699909
180.690454
180.4316224
182.660647
182.31672
183.5671485
185.4156079
186.1802839
186.3682027
183.9394405
184.4630131
183.934713
183.7432485
185.3281488
184.503197
183.2858612
182.9301155
183.4359599
183.6345156
184.0848117
183.8768009
182.3545402
181.4267648
182.5412771
184.1628157
183.4276867
185.443973
186.4308423
186.1613738
185.6330737
185.1118649
185.6945314
186.0290033
187.767548
187.384619
187.4898063
185.9273617
184.1297231
186.2169221
185.2406897
185.4309723
186.2263772
186.1081892
186.4993913
186.7511316
186.7818605
185.9297254
184.8648521
183.7550673
183.5186914
182.866294
182.7315597
183.3733203
183.9028022
184.3802815
185.4664287
186.6979471
187.6115399
187.5949936
187.2463391
185.640165
186.6565813
186.4178417
186.6045786
186.5679403
186.3043812
186.4178417
186.5253927
186.6081242
186.2819255
187.3137063
187.247521
188.3880347
188.4577655
189.5935517
191.384099
189.7885618
189.3985416
189.0687972
189.8145631
188.8974247
191.2304547
191.1382681
192.4383354
192.5175214
193.7573129
193.4701162
192.8259919
194.1697888
193.8270438
195.1223836
197.0110269
198.6124736
197.5452364
197.6456962
197.6409687
198.2189077
199.2152321
198.4848306
197.8489794
198.8311212
198.1172661
198.3560057
198.009715
197.4861425
197.255676
194.148515
194.0421458
192.3166019
192.4040609
193.2715604
192.942998
194.0823297
192.8602664
192.6818026
192.9311792
194.0149626
193.795133
193.6249424
192.0152226
192.5848885
192.0081313
191.4219191
190.2164021
189.5474584
190.1454894
189.6727376
189.3217194
189.786198
191.1122667
191.1122667
191.1122667
191.8580326
190.4267767
190.3014974
190.2991337
189.7578329
190.6312418
189.4588174
190.2814055
190.6276962
190.5059626
190.8900734
193.256196
192.6297999
190.8286157
189.1338006
189.5439127
191.0437177
190.8357069
191.0106251
190.7837042
188.4069447
185.228871
184.9570387
184.8128494
185.9793644
186.8953209
186.4792994
186.7901337
186.1070074
184.7844843
184.1769983
184.5185614
186.0254577
186.2299228
186.1755564
186.6435806
187.4307123
187.7651842
189.5935517
190.2022196
187.7486379
185.7276241
185.5857985
184.6852064
184.3046412
182.4408174
184.9003085
180.8689178
181.3712165
181.307395
180.5060808
178.9861838
179.7366773
180.9953789
181.6926877
181.2033896
181.277848
180.1231518
181.5106783
181.3475789
181.9219723
181.9420643
182.2328066
180.8003687
178.5512522
178.8041744
180.1846096
181.2175722
182.4987295
182.1536207
181.6324119
181.9420643
180.1006961
180.96465
180.8677359
180.1869733
179.5759417
180.4576237
179.7839524
181.3593977
181.8841522
180.8003687
181.1655695
180.3347083
180.5521741
181.1431138
181.8936072
182.6712839
182.8296557
182.3533583
183.1180343
184.9393105
185.1733226
186.0065476
185.5692522
185.179232
185.7264422
185.8694496
186.0183664
186.914231
187.0820579
186.6258524
185.3257851
186.9272317
187.5252627
187.1458794
185.7512617
184.5741097
184.0800841
183.8188888
184.8093038
187.0229639
187.4578955
186.8539552
188.6645944
189.5403671
189.0557965
188.9777925
189.0877073
187.521717
188.0358346
188.2131165
189.5072745
188.8052381
188.7260522
189.8866578
189.2874449
188.5594072
189.8346551
190.6371512
190.7553391
190.7813405
191.7339353
192.4194254
191.6370212
191.7741192
193.9145028
193.9239579
192.2149602
192.5517959
192.8106275
192.0731347
190.4019572
191.3391876
190.82507
190.1029417
187.619813
188.0760185
187.7013627
188.7851461
189.3075368
188.1043836
185.2359622
184.6438406
186.6364893
187.2546123
187.5796291
187.4756237
187.4886244
188.4554018
189.0877073
190.1892189
189.5640047
191.5271064
191.2446372
190.8735271
191.1607238
191.0874473
191.5542896
191.5235608
191.2292728
192.2137784
193.6473981
194.2596116
194.0941485
194.618903
192.9087235
193.7348572
193.7679498
194.422711
196.15771
197.1894907
196.9271135
196.8030162
196.8609282
196.3810852
197.1410337
199.4835187
198.9327629
198.6242923
197.8087955
202.8861496
203.6082779
205.597381
205.597381
205.3645507
205.0797178
205.9294891
206.1327723
205.3704601
207.8547707
209.3096642
209.6228623
210.1535261
213.0774958
211.9901668
214.2014632
212.1757218
212.6106535
212.9959462
211.9263453
210.4182671
209.8533288
208.9728286
208.9137346
208.0686908
208.5331694
208.8841876
208.3771614
208.3854345
208.4409829
210.6345511
208.2719741
208.9054615
209.9384241
220.5930671
221.7075794
221.2360095
221.9652291
222.4320715
223.2723878
224.2332557
225.0132961
225.2839465
225.0806633
226.3216367
227.2056825
227.6098852
228.5683895
229.2621527
226.6998381
228.0353618
227.2458664
227.141861
230.347118
229.4477077
229.249152
229.9665528
231.2418007
234.7165262
236.5437118
241.2475919
239.7466051
239.4558627
239.7052393
240.0574393
240.9249388
240.7429294
241.5726088
241.1873161
240.3127253
242.5949345
244.471759
243.6196239
244.060465
243.0783231
244.5131248
243.8619092
245.177341
245.0449705
243.8772736
243.3383366
244.0911938
244.0911938
244.0911938
243.5534387
244.873598
244.0167354
243.9564596
244.3902093
242.1115458
241.7227074
240.3363629
239.335311
239.335311
239.1450284
238.2810746
238.9441089
237.8295966
238.5978183
237.7941402
237.3509355
237.2327475
235.2826465
233.8289348
230.2679321
226.9113945
224.7190082
223.0076468
221.5456619
222.5278037
222.779544
223.4295777
226.6490173
226.4150051
223.2333857
222.5786245
222.3280661
226.3819125
226.1691742
225.7590621
228.1842786
224.5228162
225.6467835
224.1446148
220.0718583
218.6878775
221.2076444
220.8991739
221.7737646
221.290376
223.1317441
224.2781671
224.7130988
223.8869651
224.0370637
223.9519684
224.7922847
225.9327983
226.4599166
225.9056151
224.9908404
225.6668755
225.9895285
226.4811904
225.9611634
225.5865077
224.9506565
223.7935966
223.2924797
222.770089
225.1929418
225.1893962
224.9601116
225.7685171
227.2624127
228.0294524
228.9312264
229.6687192
229.4949829
229.5387125
230.5019442
231.1661604
231.3741712
231.1992531
232.0466606
233.1351715
232.4177707
232.4012244
233.2592689
233.0406212
234.6125208
234.0499462
234.7366182
233.778114
234.7401638
234.7141625
234.6101571
234.2390469
236.3687937
235.5095673
235.9693184
235.7022137
236.2045124
237.2528395
236.9148219
236.4184326
235.3500136
236.3829762
235.2081881
235.9858647
237.0353737
236.3971588
237.3993925
237.1464703
237.4762147
238.3236222
238.9488364
238.9145619
238.2598007
238.8507404
242.6256633
243.8843649
244.3984825
246.0058385
245.0272423
246.9182494
246.1098439
246.2623063
246.8426091
247.1924454
246.9277044
247.4205482
247.5895569
247.0080722
246.6984198
247.4087294
247.0435286
247.5552824
248.3554148
247.5753744
249.8894943
249.8812211
250.028956
249.3588304
248.7123424
248.5917907
248.6508846
248.6792497
250.9366394
251.0914656
250.9945515
251.1706516
251.0240985
250.9449126
250.3456997
251.4164825
251.0914656
250.6057132
249.9674983
251.0607368
250.411885
250.5158904
250.3126071
250.7073548
249.9544976
250.5170722
251.4034818
250.656534
251.4259375
252.7531881
255.3166846
254.9833946
255.5105128
255.6606115
256.2822801
257.5563461
258.9486001
262.0002127
262.7979813
263.125362
261.7662006
262.6880666
261.5581898
261.5581898
261.5581898
262.0084859
263.0532673
264.4715226
264.4715226
265.2350167
265.2361986
266.5031733
265.869686
267.2843956
268.3469052
269.2640437
271.3571521
272.1773765
272.0615523
272.5898524
274.0211084
274.2125728
272.7624068
271.4729763
271.2519649
271.9918214
271.9008167
272.0497335
273.0401484
274.015199
272.3546584
273.8686459
273.8083701
274.4217655
275.4819113
277.3327345
278.1742327
279.9612344
278.5441609
277.7227547
278.9613644
280.6254506
284.8033944
286.904776
287.3940741
284.8837622
286.3386557
283.6510619
283.0695772
278.1210481
274.9666119
275.0174327
272.8510477
269.6457907
271.9114536
270.3797379
273.0259659
273.0756048
275.0351609
272.8085001
267.9994327
269.9944452
267.9143374
271.221236
270.8418527
271.7826287
274.0742929
276.5018733
277.5986574
276.12249
273.3237995
274.5624091
273.9631963
276.3931404
278.3550602
278.9720013
278.9412724
278.9412724
278.9412724
279.3596577
279.2154684
277.955585
279.2745624
282.6854664
282.4112704
283.0955786
283.6900639
286.3351101
284.8778528
282.9017504
286.4899363
287.2617036
288.1646594
286.9685975
286.9685975
286.6636726
286.3232913
288.3005756
289.325265
288.2852111
289.0179764
287.6895439
286.5726679
288.6338656
286.7735874
287.0525109
290.2719505
291.8438501
292.0684072
295.2724823
298.9457636
300.3321081
300.0437295
302.3944877
304.4084103
303.9226578
308.6998144
307.2354658
304.5005968
300.7457659
297.2001276
295.0077413
295.4509461
298.8098474
299.3464207
300.4077484
303.8257437
305.3550957
305.4378272
305.6139273
309.8757845
308.4634386
308.0013237
310.2551678
311.8542506
308.1774237
310.3721738
310.6168229
310.6711893
309.9124227
312.8198461
310.3579913
311.1368498
310.8437437
310.5317276
308.52726
309.9596979
311.4063183
314.1506424
315.1410573
313.595159
313.4722436
313.7795322
313.5549751
308.8487313
309.6595005
304.2134001
302.8187824
305.371642
307.9871412
302.7407784
303.9852974
304.1200317
302.3223931
302.6474099
308.2566097
304.7357909
297.0559384
297.5180532
294.0492371
292.7231684
282.6972852
285.884814
288.9210623
288.2320266
291.9750387
293.1510087
293.7041283
294.5089882
291.1429956
290.423231
288.6125917
292.1416837
293.7833142
294.1615156
293.2443772
292.3343301
285.2903287
281.592228
282.7504698
282.5176396
281.6454125
279.8454102
275.4830932
275.2325348
281.7435085
278.7190791
279.5664866
277.1081774
270.1847278
270.8962192
275.446455
276.7949794
278.6528938
284.0564466
288.9092435
288.041744
289.8571108
289.4257248
290.7364291
289.9575705
293.3105625
293.8625001
292.4028791
290.3109525
292.7219865
294.3600714
293.0730047
290.580421
293.6864001
291.2422735
293.3353819
298.2094527
300.7965867
301.479713
301.8614601
299.9267235
297.5109619
296.1387999
301.3071586
300.5495739
302.038742
302.6344092
304.2547659
302.1687487
302.4453085
300.5826666
299.7588966
295.2630273
294.9533749
292.2705086
296.5217289
300.3167437
297.2793136
294.5030788
298.4162816
297.3998653
298.0286251
299.7104395
298.4836487
298.0416258
297.235584
297.137488
295.5017669
297.1091229
294.7749111
289.3524483
293.7703136
294.4097103
294.2277009
292.1428656
289.7791067
291.207999
292.6238905
292.6238905
292.6238905
289.0865254
288.3809434
288.7213247
288.7213247
285.9592724
284.071811
282.4845469
284.9428561
287.267613
283.6711539
281.6560494
278.0064058
277.6270225
273.9159211
266.3873492
265.9618726
265.5683067
250.0360473
249.2300056
241.962629
249.6483909
252.4423538
250.6198958
257.2006004
255.5176041
253.822789
256.1321814
256.7597594
248.6095189
251.0110978
249.3399203
248.8908062
246.4313151
250.8267247
253.3216721
254.2175367
251.215563
251.4838496
250.6388058
247.314179
246.2351231
242.6800298
244.7294087
246.6736004
245.3191665
242.8230372
242.0146317
238.3602605
236.4408883
240.874118
238.3602605
237.6263134
233.4058219
233.4424602
232.4343171
227.4290577
224.799376
218.0484807
222.829183
222.3658862
222.0585976
222.0585976
222.0585976
230.5007623
230.2691139
231.2157994
233.6031958
231.3528974
234.9079907
240.4616421
241.3291416
240.8717543
244.1881079
244.5414899
244.1136495
243.5888951
243.4399783
242.0453605
242.6670291
244.5072154
244.314569
246.5388661
244.0143717
243.971824
241.3598705
241.1152214
243.7189018
244.57931
241.2109537
240.4888253
240.4888253
245.1336115
242.3916512
245.0083322
249.0125397
247.2054461
245.5638156
243.4789803
244.6644053
244.1467421
240.4309132
239.639054
240.7346563
237.8366879
236.1028708
236.9561877
234.9517202
234.0274905
234.0511281
233.9270308
232.2369432
232.6588741
230.4239401
230.3884838
226.6762005
227.4940611
223.9933342
221.9404096
221.7737646
219.4608266
220.8459893
220.8377161
220.3153254
221.338833
219.3863682
214.5843921
210.1913463
209.1879306
203.8765645
206.6835281
200.8757727
195.8669677
193.7088558
184.747846
189.8984766
189.9516611
185.9190885
188.7756911
190.0308471
193.6686719
190.8262519
186.1129168
183.0211202
176.0882155
180.9362849
187.8124594
194.8883715
197.3691364
192.9016322
195.4604011
193.2278309
193.0020919
189.8665658
187.8490976
188.7579629
188.8111475
186.3386557
184.7490279
183.8425264
179.8855941
180.7696399
181.1549326
186.7263122
189.1385281
185.0492253
185.3009656
186.1318268
185.2016877
180.9161929
180.7755493
178.9282717
181.6962334
180.9492856
181.2022078
181.4681306
183.9240761
185.7264422
187.1269693
188.4979494
191.0354446
187.2026096
182.9407524
187.1777901
184.4795594
181.7494179
179.2674711
181.2837574
176.1189443
176.8942572
173.6759996
167.6354138
181.670232
180.8712815
178.2463273
177.9567669
178.8703596
179.5463947
172.8664122
176.9462599
176.1153987
171.8322677
169.4153242
152.1090638
151.156469
146.0377492
147.5210079
140.1106239
154.3853636
161.674014
157.7359918
150.2074198
151.4389382
154.9727577
151.3562066
144.0923757
142.8703124
134.904445
131.7795558
132.5158667
143.2248762
143.0830507
144.5568543
149.5833875
157.7442649
154.9231187
148.3802342
150.6789897
150.4650696
148.1249483
145.6997317
145.7009136
146.853246
144.1798348
144.7258631
141.3043221
135.8806775
131.7807377
137.0306461
137.0105542
137.257567
139.2797627
141.031308
138.9523821
137.7137724
139.3530392
139.4936829
133.8691187
137.2351113
138.6970961
137.9111463
137.5341268
135.806219
136.9762797
137.5258536
139.5811419
140.3363629
138.4406283
138.3413504
138.442992
138.8921062
138.8921062
138.8921062
140.0562575
141.3421423
140.7594757
140.7594757
142.9057688
146.099207
148.9309901
148.6508846
146.7705145
146.1299358
144.3996643
143.8595454
138.8613774
140.8398435
143.2378769
141.8066209
140.3434542
138.5729988
139.6898748
140.6353784
141.9862666
140.6708348
142.7355781
142.7674889
143.8181797
141.5064235
142.4885653
143.6999917
142.2521894
144.5745825
144.4162107
142.9376795
143.8571817
142.5027479
143.4447058
141.5891551
137.0176455
137.7740483
137.1842905
134.3844181
134.198863
131.6176384
130.0481025
132.5855976
133.5039179
130.5054898
127.2647764
129.4276158
127.6193403
128.8012197
128.0199974
130.4369408
131.8031934
133.1032608
133.4790985
134.111404
134.1941355
135.8794956
137.6842255
136.8580917
139.6898748
137.3863918
137.2622945
134.3028684
132.8349742
132.0951177
135.620664
136.7446313
142.0500881
140.3659099
141.423692
141.6872511
142.314829
145.275437
145.275437
145.275437
146.2303956
145.3298035
146.6546903
148.0682181
146.6015057
141.5383343
142.9601352
142.4554727
144.0096441
143.3418823
141.7593457
144.8381416
146.4620439
146.4620439
150.0265923
149.7913983
153.558048
155.7752538
157.7549018
154.852206
151.9164175
150.2724232
152.4659914
153.0049284
154.0993488
156.7656688
157.1864178
154.9148456
155.7953458
155.5353323
156.3839217
157.4369763
156.4749264
156.3898311
157.6485327
156.7160298
155.5495148
155.0141235
154.7103804
152.26389
154.998759
153.6336883
155.4147806
155.4053255
153.5686849
153.1065701
149.6117526
150.9366394
153.8346078
151.2829301
152.5357223
153.5308648
154.0698018
154.0839844
155.7918001
156.5304748
159.4012599
156.7680325
157.7608112
156.450107
156.2503693
155.3344128
155.5896987
153.4044037
155.7267968
156.4217419
159.2405243
158.1933791
158.635402
159.8527378
159.7711881
159.2558887
159.9520157
159.4213518
160.2203023
160.390493
161.2544468
161.2615381
160.0418385
162.9551713
164.0484098
163.6784815
163.0249022
163.1537271
163.1655459
162.8192552
163.7872144
164.6795334
165.1026462
162.1266738
163.6040231
164.3828817
165.8247746
168.2535368
170.2757325
170.5570198
170.4234674
169.4625994
169.45669
169.6517001
169.015849
166.2207042
167.9025186
169.4826914
171.9823664
171.4351562
172.1549208
173.3143445
174.2326648
174.1723889
175.9381168
178.3018756
181.6820508
180.3205257
178.5914361
179.3809316
179.0074577
178.3609696
177.6731158
179.6007611
179.7910437
180.4836251
180.2437035
178.1765964
179.6373994
184.1226318
184.9369467
186.5313021
186.5383934
188.0890192
185.6838945
189.2508066
188.1256574
187.3940741
188.3265769
187.7911855
187.3148881
184.7017527
183.47378
181.4326742
181.7328716
177.1554526
181.925518
178.8479039
179.7260403
177.7972131
181.2802118
182.0590703
182.0295233
183.3745021
183.0542128
183.0234839
182.4230892
183.0884873
184.2301828
182.9159329
183.7113378
181.3629434
181.4031273
183.2894068
182.1760764
182.2635355
178.7084422
180.4198036
178.2546005
181.1632057
181.1513869
181.1951165
181.6064105
180.8606446
178.8100838
175.5800073
177.0809942
178.6588032
179.6976752
179.7272222
180.9587406
178.7994469
179.7709518
182.1477113
183.5151458
184.2585479
184.4251929
184.4251929
183.8555271
185.2217797
185.8245382
184.6272943
184.6272943
187.2238834
188.0133789
188.0559265
189.7282859
191.4065547
190.4929619
188.8997884
189.0250677
187.9164648
183.3142263
184.0588103
183.0636678
179.7898618
178.2569642
175.7383792
175.0020683
174.9110636
173.8260983
171.6372576
171.0817742
172.0733711
173.2316129
168.2830838
161.0298897
159.1081538
161.0795287
162.2259517
164.7149898
163.7210292
162.3370484
162.292137
163.6713902
164.1287776
165.9169612
168.0443441
168.2582643
165.6711302
164.3935186
161.8087483
163.7919419
166.0942431
166.6840009
167.5585917
168.575008
172.5354859
171.5486166
170.6113862
173.1701552
172.8333195
172.7789531
171.4387018
173.661817
176.8493458
175.6261006
175.2325348
173.0732411
174.8342414
172.9526894
174.5399534
175.0729811
176.6389713
176.4699625
175.6828308
177.1932727
177.1932727
177.1932727
177.2724587
176.1863115
174.8756072
178.3834253
179.935233
179.2615617
180.8984647
180.0900592
176.1106712
174.1203862
176.6460626
173.4963539
169.2770444
169.9908995
164.3285152
156.1510915
153.8535179
160.0855681
161.9399369
161.8217489
155.8698042
153.1361171
149.4829278
144.5722187
160.3172164
156.7172117
161.1717153
160.4968621
153.9279763
154.1253501
154.6961979
151.2297455
148.0020328
148.9380813
149.3741948
145.4657196
149.6365721
155.6121544
155.0566711
155.1748591
156.0801787
155.3296853
156.5588399
153.4091312
152.7070948
150.9720958
151.7710463
155.9548995
156.77276
157.8423609
158.0350073
159.5040834
159.1081538
162.6136082
163.8084883
163.2010022
161.7638369
158.3470234
158.0350073
157.4807058
153.6195057
154.5224616
153.9965253
155.2611363
156.0080841
159.0526055
161.6480127
162.8027089
159.9874721
159.6589096
159.5478129
158.7086785
159.2795263
156.1014525
155.5046034
156.4583801
155.6617934
159.0986988
158.4900308
158.9899658
161.0499817
162.781435
161.8914798
161.1468958
164.1157769
164.085048
165.1109194
164.3816998
161.6243751
163.7092104
162.8369834
159.4863552
159.8444647
160.0843862
160.6753259
163.5815674
162.7731619
161.6066469
161.7461087
161.9186631
160.9719776
159.7735519
160.9211568
161.7567456
162.1101275
162.1562208
163.3440096
162.43869
162.0687617
163.5543842
163.0899056
162.0179409
163.673754
164.1264138
166.5090827
166.9806526
165.369751
164.7504462
164.1855078
163.8829467
164.9667301
164.1098675
163.849854
165.5340322
166.1474276
166.3223458
166.3719847
167.0243822
168.6494664
167.6023212
169.9944452
171.5970737
172.9184149
173.3852572
173.3557103
171.4245193
172.9881457
172.6513101
173.828462
174.9417924
175.6946496
174.8956991
175.9582087
176.3943223
177.2535486
177.8846722
175.7679262
178.3054213
179.1587382
180.0475116
180.4458049
179.7378591
178.4897945
175.7407429
175.0978005
174.250393
174.3071232
171.9149992
172.6418551
173.7268204
173.0106015
173.7740956
175.357814
175.8660221
173.700819
169.8538015
170.848944
170.2308211
169.2912269
165.7077685
163.9656782
167.8966092
171.3536065
172.5886705
172.417298
174.1723889
175.515004
176.9025304
178.1635957
179.1776483
177.6258406
175.5303684
174.2740306
173.3214357
174.7325998
175.9073879
175.4523643
175.0871636
175.2041697
173.1169706
172.7387692
173.1748827
170.3253714
168.575008
171.3086951
173.2552505
172.0828261
170.0535391
165.1191925
163.1099975
166.3530747
170.6988453
171.5107965
169.4212336
168.9555732
171.221236
171.6715321
173.4703526
173.9336493
174.9760669
172.7470423
172.4503906
172.700949
172.5993074
174.3792178
176.367139
177.0183546
176.3021357
176.6578814
177.6175675
179.2048315
180.6644526
177.3941922
177.4757419
178.4176998
179.1646476
181.0934748
181.3452152
178.7734455
174.7656924
174.6593233
175.1273475
175.9511175
177.3256432
177.533654
177.4970158
177.2582761
176.8564371
175.3022657
175.0883455
176.5113283
176.8056163
176.3104088
175.7241966
176.9604425
174.8637884
173.4148042
172.6572195
174.8649703
177.9425843
175.0564347
173.691364
175.681649
175.3471771
174.6746877
174.6037749
175.7123778
173.2363404
175.8565671
175.9298436
174.4194017
174.7515099
176.4309605
176.4936001
176.6354257
173.5861767
176.2808618
173.2788881
172.4291168
168.7061966
169.2628618
169.9613525
170.3679191
170.3679191
170.3679191
170.0180828
170.6787534
171.3406058
172.0710073
173.2032478
172.2849275
171.7826287
173.3911666
174.955975
174.417038
172.5555779
174.0612923
174.1440238
174.1487513
173.6712721
173.769368
173.0436941
173.9584688
173.1595183
171.1101393
171.4115186
172.7163135
172.3073832
172.661947
171.3358783
170.6362057
168.7097422
169.3727766
171.2980582
169.6682464
169.7592512
166.7052747
167.3576722
164.5294347
164.4396119
165.6664027
162.1786765
161.4860952
163.908948
160.4791339
162.7707981
161.7851107
159.4497169
158.3482053
157.4948884
157.4759783
160.5429554
165.2964745
165.9441444
167.6850528
166.6520902
161.8099302
164.6027112
162.6585196
155.1914054
156.3921949
156.1841841
152.832374
152.2296155
148.7194336
151.3892993
154.4350025
158.6779497
161.0854381
160.1222063
160.1612084
156.322464
158.0243704
158.1543771
154.4279113
152.3537129
150.3657917
145.8510123
144.6833154
140.7772039
138.9027431
137.7527745
140.0775313
144.4741227
147.6191039
145.4054437
146.6275071
140.511281
140.3115434
143.3489735
143.3903393
143.8760918
142.0973632
140.7382019
144.3311153
143.9895522
147.8566617
147.3780005
149.3623761
145.3806243
141.5666994
144.7554101
146.216213
142.7414875
136.7753602
138.05179
139.9250688
144.0734656
145.5224498
142.314829
144.0214629
144.8381416
137.2422026
135.7955821
136.4515252
140.5183723
140.5928307
141.1282221
139.3234922
135.3417404
132.8905225
136.6264434
138.6190921
139.8659749
143.0227748
141.1341315
144.3263878
142.3361029
143.8335441
141.6080651
141.7735283
141.5666994
140.344636
141.89408
141.364598
138.4323551
138.5269055
141.6801598
140.7512026
139.0552056
134.0747657
133.6906549
138.3165309
136.9810072
137.7527745
136.9207313
135.532023
135.07109
133.5535569
132.7475151
132.0206593
131.0846107
129.9582797
129.7845434
127.0307643
125.4505915
124.1977993
123.1541998
123.5454019
126.9929442
127.6453416
131.5053598
130.8742362
132.6706929
134.9505383
133.4058219
133.3928213
129.945279
131.7890109
129.4075238
127.778894
126.6608361
128.1547317
127.112314
127.4940611
127.671343
125.436409
126.9645791
128.2965572
128.2965572
128.8165841
129.4819822
129.4618903
129.3909775
131.7961022
133.2722696
131.5940008
129.7656333
131.1626148
130.0752857
129.4902554
128.7480351
128.925317
127.9077189
126.632471
127.1643167
125.2425808
127.0697663
127.3723275
126.514283
126.6431079
125.6976043
126.886575
125.4895936
122.9308246
123.7971422
124.0973396
124.6587323
126.9917623
126.5461938
128.5270237
130.7300469
129.6628098
128.7704908
130.1639267
130.6390422
130.1757455
129.4583447
129.4039782
129.8117266
129.1262365
129.2290601
126.8440274
127.9029913
127.504698
128.1677323
128.317831
129.3247923
130.21002
129.71954
126.3511837
127.8450792
129.1463285
130.4523053
128.8674049
130.3624824
129.2822446
128.7007599
127.6654336
128.8390398
129.7136306
129.9204595
128.8697687
128.7905828
130.0197374
130.6000402
129.5800782
128.0329981
128.1960974
128.3060122
126.9492146
124.1469785
123.8692369
123.8692369
123.8692369
121.8222217
123.0655589
122.2228788
121.6165747
120.4914255
122.2630627
120.7691671
120.7892591
121.1107303
118.888797
120.1569536
121.4641122
119.437189
121.358925
123.0702864
123.0702864
121.8541324
121.5373888
121.5657539
122.4415265
123.7971422
122.7618158
123.6092234
121.290376
118.5921452
116.1184716
113.3434187
109.6736831
110.1996194
109.7930529
109.5129475
105.5359232
105.675385
106.4483341
105.6919313
104.6341492
103.4416329
103.4227228
101.6640862
102.6615925
103.8162887
105.6812944
105.0501708
105.0560802
104.3185874
103.7276477
101.8827339
102.8306012
104.9721667
105.0820815
106.3100542
107.5108437
106.7331671
107.7082176
104.7511553
102.1805675
103.8340169
102.8187824
105.7545709
108.6809044
110.9548404
112.7182045
110.2894423
107.4730236
107.8441337
108.9078252
109.0933803
108.7553628
109.9407878
109.3545756
110.5943672
110.3166255
109.9466972
107.4801149
103.3329
100.4030209
98.85003132
102.3590313
103.8080155
105.9330347
105.8077555
104.8504332
103.0078831
104.8539788
106.7993523
110.2279845
110.0885228
111.389772
110.8331068
110.497453
110.6759168
110.5683658
111.1533961
112.419189
113.3410549
113.7558946
112.9593079
111.1652149
110.8461075
112.761934
113.3410549
113.5644302
112.5326494
113.4757892
115.154058
114.8975901
115.3845245
118.8084292
121.4972049
121.4558391
121.9380459
122.8150004
122.2772453
124.8513787
124.0287906
121.1674605
121.9486828
121.6792143
123.4532153
121.0504544
120.8968101
118.5094137
118.7280614
117.7211001
118.3179492
118.9691648
120.3637825
119.5671958
121.7974022
121.4416565
121.0516363
119.6664736
121.6059378
121.0362719
120.6887993
122.2134238
123.2274763
125.4411365
123.151836
123.927149
122.0396875
122.5679876
121.6083015
121.7950385
120.6698893
121.6378485
120.8282611
121.2738296
121.2289182
120.5304275
120.5564288
118.8651594
119.2480883
119.0377138
118.6973325
118.839158
118.2151257
117.4480859
114.9011358
117.3547175
118.1548498
118.8970701
119.555377
119.4005508
118.4834123
117.3381712
116.8086892
117.6761887
117.4114477
117.5875477
118.0201156
120.103769
120.5540651
121.4215646
120.7088913
123.4910354
124.6469135
125.9540722
126.4209145
126.2211769
127.299051
128.0897283
128.8851331
127.6370685
127.6323409
127.6323409
127.6323409
127.4018745
126.4268239
126.5131011
126.5131011
130.3743012
131.7677371
131.4013544
130.8706906
130.2478401
133.8454811
135.5556606
136.7729964
136.8273629
136.4066138
135.8026734
137.6771342
137.9785134
138.7786458
137.463214
139.0953895
137.8993275
137.1098321
136.8427273
137.1145596
137.2504757
135.8215835
137.168926
135.0604531
135.1396391
133.7343844
132.9898004
133.8738462
134.1444966
135.5757526
135.4812022
133.8892106
132.9803453
132.2901278
133.4200045
133.4188226
130.9026013
131.4344471
133.20963
129.9039132
129.0860526
129.1581473
128.1677323
128.0554538
130.4712153
129.4666178
130.4617603
132.2062143
131.5739088
132.4815922
132.4473177
135.7211237
135.1160015
133.8773918
133.0772595
134.1043127
133.9128482
134.2106818
133.2616326
130.8943282
129.4465259
129.4677997
129.4677997
129.4677997
129.4701635
125.7921547
127.2943234
126.9480328
125.632601
129.219605
133.248632
132.4945929
133.287634
132.5347768
130.5303093
128.7515808
127.7930766
130.7867771
131.3871719
134.6952524
137.5175805
140.2240843
138.0576994
140.2559951
139.8317004
139.8317004
139.4322251
139.3672218
140.6377421
141.4520571
140.1035326
139.5563225
139.7820614
139.0752975
133.9234851
134.7708927
134.2945953
135.6703029
133.5594663
132.8775218
132.3870419
131.4261739
132.8243373
133.8041153
134.3856
132.7333325
131.6720048
130.2561133
129.0056848
130.8340523
129.5398943
128.4478378
130.1698361
129.7869071
128.5246599
128.5211143
128.1452766
129.004503
130.2029287
131.2926215
130.5515831
126.5024642
122.0195956
118.9738923
121.4333834
122.8327286
122.6235359
123.2511139
123.8006879
122.7440876
117.2377114
120.8034416
120.4488778
121.9616835
122.1909681
122.6069896
121.2182813
119.3721856
120.5623382
120.9393578
120.594249
122.9780998
122.7913628
124.0819752
124.7591921
126.5556488
126.4008226
127.3486899
127.3829644
127.9762679
126.1561735
126.7979341
127.2482301
126.7778421
125.162213
126.1266266
129.043505
131.4675397
131.2181631
132.3574949
132.5985983
132.3504036
131.4864498
130.6945905
128.8118566
128.6570304
131.8977438
132.1707579
131.9024713
129.5221661
129.7679971
130.3022066
128.3851981
130.4641241
130.4960348
130.2892059
132.0632069
132.8834312
131.8823794
133.3195447
133.8112066
134.5971564
134.1882261
132.9318883
130.6827717
131.3812625
131.4628122
132.6955124
131.7429176
131.630639
133.0477125
132.9165239
132.0691163
130.7477751
130.739502
131.7370082
130.6248597
130.0540119
128.7740365
127.7198
127.9100826
128.1795511
130.7324107
131.8067391
132.7995178
134.1267684
134.2142275
134.7342544
135.6738486
135.0060867
133.4270958
132.3504036
130.9368758
131.6070015
131.9710203
133.0122561
130.945149
131.0645188
132.0868445
132.8881588
134.5640638
133.7615676
132.2806727
133.5641938
133.5015542
132.787699
132.2263063
132.0986633
133.0630769
132.8704306
132.3208566
132.2664902
132.6068714
133.1375353
132.6257815
134.4423302
134.7425276
135.0900001
133.6859274
132.1837586
130.4393046
129.5079836
129.0765976
130.2360213
130.3837562
129.8058172
128.2481001
127.7800759
128.4230183
128.2551914
128.0767276
128.6428479
129.1368735
130.5255818
130.0102824
130.0102824
130.0102824
129.945279
129.7928165
130.082377
130.082377
128.9052251
132.6978762
132.7274231
135.081727
136.4515252
136.6240796
136.5484393
137.0672844
135.6903949
135.630119
135.8369479
136.4763447
136.6276252
136.1785111
133.7863871
132.9578896
131.552635
130.3979388
132.3007647
131.6022739
130.7182281
129.5611682
128.5258418
127.8781719
128.0129061
130.7205919
131.8232854
131.4699034
133.6173784
132.6659654
133.6977462
135.3275579
137.2894777
136.6110789
136.4739809
136.2399688
137.3509355
