100
100
100
100
100
100
95.109
89.867
91.924
88.559
88.018
88.39
87.345
80.237
83.281
81.142
81.008
81.064
82.99
80.593
80.86
78.013
77.168
76.906
73.265
70.625
63.595
64.307
61.114
61.688
61.076
60.238
58.672
59.062
58.362
59.172
59.354
58.454
60.877
59.688
59.301
62.429
62.524
63.405
63.613
63.264
63.542
63.542
64.596
66.611
66.582
65.803
66.223
67.022
67.77
69.062
69.137
69.055
70.021
70.058
70.023
69.846
68.4
67.553
67.817
68.05
66.75
66.11
65.701
65.193
64.104
62.775
60.669
59.405
59.233
57.518
56.765
56.319
54.902
53.041
51.084
50.68
50.581
50.75
51.322
51.322
51.322
52.199
53.991
55.184
55.184
55.184
56.361
55.694
56.971
57.231
58.087
57.739
60.118
61.573
66.157
71.548
70.498
69.468
69.608
69.861
68.855
67.647
67.828
67.828
68.659
68.726
69.368
70.001
69.394
69.394
70.783
71.686
72.252
73.043
75.165
78.516
80.891
81.017
82.379
87.015
88.216
89.904
90.962
96.863
99.91
109.696
112.927
116.781
120.834
120.214
112.327
111.415
113.671
111.162
112.174
110.328
110.138
105.082
104.692
101.86
104.662
102.725
100.953
100.142
96.83
94.197
88.763
87.493
91.603
91.059
88.126
87.344
88.467
86.722
85.379
83.543
81.937
80.39
78.815
78.605
77.135
78.841
81.858
82.451
81.152
80.098
81.211
83.91
87.809
88.531
89.254
89.346
89.817
90.25
90.573
90.059
89.671
89.261
89.261
89.713
89.751
88.433
87.342
86.312
85.365
83.184
79.574
80.078
79.78
77.503
73.092
66.858
64.403
64.978
65.344
65.853
65.818
65.301
66.648
65.51
65.717
66.276
66.088
70.812
70.555
66.248
70.305
70.345
69.73
68.121
67.338
65.529
65.136
57.472
58.932
58.932
63.357
64.075
63.707
64.508
64.706
64.634
64.384
63.874
64.94
64.774
64.329
66.266
65.894
64.969
65.2
65.372
64.562
65.19
65.098
64.555
65.762
67.306
68.203
68.926
68.926
69.072
69.949
70.173
71.1
71.184
75.335
73.872
71.24
71.047
71.426
71.999
71.999
71.999
71.999
71.999
71.999
71.999
71.999
71.999
74.429
80.599
82.567
81.483
81.526
81.246
78.554
76.404
76.433
78.053
77.373
75.529
72.256
72
72.675
73.167
73.483
73.878
75.334
75.702
75.171
74.208
73.542
73.294
72.542
70.969
70.586
70.654
70.616
69.935
69.075
68.039
64.101
66.98
67.599
66.851
66.189
65.925
64.063
63.126
64.049
64.001
63.971
63.971
63.714
63.492
62.436
62.153
62.694
62.259
62.021
62.803
64.426
66.288
68.65
70.956
69.962
68.995
68.937
69.387
72.133
74.524
77.747
75.567
75.663
76.671
77.201
78.873
79.432
80.87
85.842
87.058
83.264
83.528
83.86
87.229
92.944
99.132
96.988
96.325
96.171
96.171
96.171
96.171
97.637
102.371
102.26
102.26
102.26
106.609
100.649
101.344
100.268
100.385
101.682
102.275
103.648
108.935
123.367
134.724
141.031
132.189
126.368
131.549
133.689
129.814
122.671
124.96
127.928
134.388
136.518
136.518
135.616
135.05
156.013
158.989
153.709
158.051
166.123
180.909
191.772
193.152
205.329
187.101
181.847
190.975
190.975
204.784
200.671
182.791
168.163
150.464
145.568
148.476
163.013
156.149
151.572
150.522
149.552
146.592
137.633
132.106
136.299
133.009
139.265
139.324
138.931
145.352
151.223
158.105
154.818
152.026
155.145
157.315
158.64
164.26
171.26
174.537
168.169
171.709
164.475
161.861
168.064
168.071
168.933
167.765
167.825
168.357
171.461
171.936
168.813
170.674
161.73
162.419
161.658
154.98
151.652
153.472
160.825
159.696
158.278
160.948
160.711
159.5
151.112
144.645
148.816
150.308
149.749
152.924
150.239
149.889
149.341
149.186
153.086
160.115
168.107
170.256
171.508
174.176
172.74
170.478
163.859
157.688
172.691
173.236
176.823
170.038
166.286
163.953
163.352
160.544
167.078
166.769
168.927
169.603
172.236
171.433
171.819
175.547
177.301
174.856
172.302
174.689
175.278
174.677
175.795
176.983
175.107
173.775
171.383
170.734
171.152
171.72
172.464
172.953
173.206
172.581
166.067
167.32
168.699
167.107
167.134
167.053
167.532
166.633
167.194
167.47
168.597
170.381
168.887
168.887
172.954
176.059
179.38
180.763
180.763
180.817
180.951
200.261
200.69
211.488
214.313
229.738
223.56
219.395
223.199
222.912
231.57
241.328
246.262
251.773
260.822
257.396
246.055
249.963
249.529
250.869
249.607
250.124
252.224
255.033
260.77
266.5
277.91
281.297
278.418
279.556
285.176
291.348
302.174
318.408
308.922
301.062
298.228
296.178
297.931
297.714
294.862
286.361
283.836
275.586
280.333
283.089
283.379
294.185
297.915
297.409
291.849
293.139
291.887
281.447
276.396
279.228
273.133
269.342
267.228
265.1
267.991
271.836
267.992
268.404
264.773
255.167
255.352
264.833
272.886
269.56
267.19
257.945
265.933
266.579
268.656
269.486
265.613
259.61
262.005
262.192
269.951
272.393
279.87
293.874
293.874
293.847
305.642
307.399
307.948
309.373
309.399
327.347
321.907
321.241
327.524
339.112
335.607
334.705
337.316
330.457
332.738
330.015
327.907
325.129
327.845
330.274
328.854
331.178
334.995
335.464
337.602
342.484
340.701
340.889
340.889
341.607
343.161
345.231
355.205
361.134
364.317
376.732
388.154
404.867
398.53
396.206
392.734
402.829
427.417
458.4
476.095
465.165
471.356
475.687
465.785
454.039
445.569
427.163
415.649
427.806
434.38
428.133
434.946
451.924
452.911
458.793
464.794
457.228
452.32
457.413
460.362
468.343
474.092
483.738
521.034
511.074
503.204
503.993
503.709
507.723
513.594
498.704
488.247
487.49
492.697
474.16
478.519
468.35
463.579
453.144
432.844
415.568
444.894
453.962
447.49
451.645
460.608
463.968
463.357
446.091
453.767
450.984
456.538
456.871
457.058
465.189
469.736
471.114
468.501
465.553
461.405
461.145
465.568
476.503
494.194
538.393
535.086
518.314
518.181
488.963
487.002
510.121
514.846
508.651
506.67
499.245
496.403
509.613
511.417
485.254
488.86
449.364
339.294
432.277
381.923
398.787
414.719
406.278
410.492
406.164
403.602
372.573
351.688
312.561
320.864
311.711
316.387
333.737
325.831
343.146
358.667
331.676
327.172
332.148
319.528
313.861
301.346
309.443
324.317
351.516
354.634
372.893
363.527
340.222
324.251
324.111
352.831
363.625
367.081
365.719
337.216
355.278
353.008
358.789
358.789
366.276
376.388
382.551
382.434
382.434
382.434
399.537
390.427
390.265
363.09
350.401
299.12
323.673
317.427
306.98
314.683
320.258
319.661
304.616
291.373
279.078
267.956
273.8
261.941
250.028
267.571
293.499
280.882
274.402
293.562
300.537
304.594
299.321
313.866
301.968
301.742
304.985
313.086
304.846
307.579
309.153
315.013
312.564
311.446
314.748
314.07
328.375
322.339
338.534
328.681
339.799
339.799
351.465
352.34
349.913
348.866
345.321
331.568
322.045
333.437
336.324
343.914
344.716
343.696
334.928
342.623
335.672
331.763
327.969
328.747
317.522
320.14
319.636
316.403
310.811
312.631
313.791
313.369
318.36
324.149
317.893
318.84
321.749
329.975
332.926
336.597
320.451
315.496
317.442
323.814
323.745
323.745
325.756
321.768
314.638
314.327
314.327
296.888
283.833
266.474
264.25
229.698
239.841
238.789
235.181
229.373
217.163
211.55
194.053
202.347
196.366
170.581
200.47
217.451
214.06
214.089
211.424
199.583
187.398
182.023
182.023
162.19
167.914
187.819
181.073
176.666
177.721
181.423
187.993
179.838
168.842
157.867
154.186
149.675
147.417
155.985
149.024
145.063
140.715
143.766
154.974
174.347
202.629
210.387
194.827
211.795
210.752
197.535
185.722
172.947
166.798
150.27
156.588
156.439
162.087
157.257
152.111
155.169
149.188
142.802
139.768
124.814
112.585
109.761
99.72
116.038
108.927
101.286
92.675
90.459
84.516
90.172
90.532
74.897
54.926
63.529
62.004
62.263
62.564
56.889
59.64
59.946
60.172
57.736
60.897
59.007
61.491
55.326
50.526
43.955
43.805
37.756
41.842
43.197
44.882
42.189
42.608
41.749
38.252
32.917
31.221
30.547
35.378
38.365
35.109
37.695
40.54
45.411
51.998
61.162
58.11
57.316
58.726
66.949
64.929
64.543
62.817
59.541
54.173
56.699
59.166
60.741
62.642
64.852
64.649
65.694
65.833
65.046
65.432
65.76
64.163
63.43
64.098
63.894
64.589
70.032
81.886
81.851
79.365
83.752
82.322
82.455
76.859
76.62
72.233
70.412
69.358
64.364
62.911
65.92
63.512
63.512
63.107
66.764
65.775
63.864
65.78
66.397
66.449
67.422
67.018
66.854
66.233
65.672
64.408
64.408
64.772
66.498
69.672
69.478
69.818
69.433
67.227
59.626
62.122
60.957
62.035
62.701
63.538
64.639
61.52
57.344
61.442
61.571
60.921
60.985
60.875
61.078
61.461
62.798
62.006
63.536
66.11
73.2
78.721
75.458
73.887
76.805
76.838
78.129
82.994
91.399
89.055
91.228
82.72
83.235
88.566
92.216
87.84
84.178
86.92
86.974
88.931
93.086
99.203
102.323
102.87
107.681
112.681
111.697
113.76
107.802
105.935
99.92
105.858
103.551
104.65
106.477
105.064
102.976
103.957
103.691
97.897
95.181
91.88
86.382
89.516
90.467
97.445
98.559
104.216
107.344
102.674
101.204
106.48
110.615
111.709
110.538
107.813
113.466
122.24
122.24
123.99
139.845
142.506
134.811
134.155
129.032
105.343
111.811
109.525
124.817
136.344
130.071
127.77
130.362
133.86
129.18
131.111
131.569
129.008
127.49
126.178
123.333
129.998
131.249
133.87
137.426
138.746
141.365
144.217
144.309
140.026
145.634
144.607
148.129
155.57
152.381
149.002
150.374
147.05
146.936
148.397
150.242
158.732
160.33
168.283
176.655
174.671
177.721
174.317
172.109
165.578
172.46
170.261
167.961
163.808
159.524
156.384
157.855
155.058
155.652
152.214
152.358
140.241
145.409
143.409
142.225
132.937
127.168
128.702
127.323
127.639
128.1
129.17
126.629
127.398
127.241
126.365
128.161
129.28
142.438
140.41
139.316
135.119
130.025
124.967
122.938
124.114
122.706
126.496
128.074
126.968
123.676
123.673
126.72
118.066
117.173
113.839
106.365
104.268
98.418
92.985
99.18
104.976
103.333
108.337
106.353
104.894
103.001
105.117
108.017
110.368
109.682
111.249
114.262
119.691
117.122
117.983
123.926
117.336
116.265
119.623
122.073
118.711
121.736
120.442
120.675
119.327
120.246
120.309
120.355
120.656
118.048
119.719
123.36
123.36
131.089
137.465
139.224
138.259
138.984
141.796
142.455
140.085
145.941
149.084
153.216
145.639
148.877
148.599
144.775
138.384
140.353
141.989
147.127
146.521
140.425
136.396
135.953
133.021
132.729
136.028
148.246
146.628
148.634
164.208
179.674
182.284
181.424
187.605
194.128
186.864
179.986
184.479
222.982
222.982
223.76
223.908
230.928
230.976
239.441
224.327
230.477
239.356
247.146
239.705
234.368
221.167
232.967
240.637
230.3
216.822
215.134
223.279
215.121
204.559
201.886
198.294
203.467
208.569
208.102
217.996
222.27
218.407
217.003
214.34
204.593
206.966
212.137
207.247
203.931
206.141
209.718
212.755
201.845
189.603
199.225
213.402
217.016
224.852
223.308
234.177
234.42
250.855
266.344
247.397
263.285
262.517
261.808
257.315
254.025
249.447
260.701
272.739
287.227
280.501
268.405
271.833
259.961
274.055
264.18
267.667
251.226
261.164
257.901
269.003
259.175
262.43
258.512
255.983
236.822
235.116
235.978
244.01
250.542
241.487
249.615
261.002
257.813
268.367
268.367
268.603
268.947
266.526
266.691
271.95
272.044
268.545
263.814
260.027
256.081
261.516
248.865
243.665
222.848
214.195
202.111
197.631
211.485
221.398
221.443
226.736
227.95
235.555
247.496
244.641
234.238
236.433
240.31
241.179
241.179
234.611
230.227
232.551
235.529
235.848
221.534
217.357
219.829
222.771
219.53
208.145
206.338
197.586
209.494
216.359
220.731
214.212
222.73
226.203
226.14
219.431
226.486
227.084
226.611
228.908
227.196
226.552
228.945
230.32
229.255
227.441
226.201
228.167
230.126
234.462
240.403
241.248
241.911
249.533
250.168
253.596
255.737
254.919
262.612
270.881
273.276
271.024
265.343
263.771
263.307
269.598
268.762
280.279
283.158
281.255
287.167
280.068
279.317
274.284
275.422
275.269
274.718
269.4
262.996
254.743
254.561
243.956
248.971
240.884
226.014
229.784
223.106
224.947
206.089
224.206
221.433
230.206
226.104
228.929
236.139
247.119
235.822
229.872
226.536
221.501
220.359
213.646
210.975
212.148
227.433
229.032
211.98
225.562
232.668
230.921
229.101
221.706
217.72
218.317
214.007
214.919
218.522
217.567
217.317
217.044
217.09
203.347
195.024
195.614
192.078
199.223
196.243
195.327
195.776
188.661
188.151
181.528
179.78
182.663
187.472
178.127
172.888
151.195
151.528
150.325
169.212
175.306
163.278
180.231
180.39
180.254
175.734
164.268
143.285
152.953
151.248
145.309
141.208
150.97
153.974
152.578
151.399
152.602
155.225
155.225
155.157
138.971
153.521
157.865
158.046
161.555
171.091
176.646
177.141
182.319
180.054
189.335
185.411
188.029
180.317
184.474
193.471
194.775
195.367
186.09
185.973
185.36
181.075
182.86
174.466
179.721
175.668
180.501
177.395
178.232
187.255
187.759
198.427
188.315
183.98
182.008
165.779
173.007
165.754
172.084
167.879
169.813
166.053
166.898
175.927
185.887
188.806
188.896
188.874
180.331
180.027
170.412
175.874
177.651
182.719
182.132
176.503
174.642
175.087
176.983
176.39
173.614
168.18
168.492
166.367
159.872
157.264
167.002
164.437
165.815
168.647
172.181
169.854
172.024
169.781
167.008
172.86
176.745
170.443
165.791
168.675
170.294
176.932
183.801
183.774
183.774
183.938
186.777
188.265
192.905
198.233
198.469
201.743
198.407
194.564
195.237
194.809
206.295
208.907
212.13
208.149
210.309
208.331
204.266
203.458
205.013
209.981
215.225
221.307
226.319
219.953
217.213
213.289
214.439
214.289
214.018
213.264
209.872
213.029
217.974
223.053
221.866
224.639
230.038
224.977
222.403
221.511
217.75
211.604
209.055
206.746
212.486
214.711
207.143
204.298
203.196
192.31
194.707
195.93
196.41
193.52
187.992
191.225
190.066
192.078
188.533
193.165
201.399
196.631
194.95
190.658
190.669
192.973
192.715
188.798
185.245
187.401
189.22
191.704
190.318
195.574
191.64
190.256
190.063
191.104
191.597
196.609
198.511
201.29
204.877
207.479
202.244
199.839
200.267
203.695
204.835
203.354
202.469
201.24
199.353
198.018
188.247
191.023
183.861
182.709
185.725
191.224
183.82
173.85
175.203
168.708
166.268
166.01
170.46
170.21
169.26
162.705
164.932
165.02
164.703
166.369
172.88
181.773
182.444
178.957
182.299
187.218
180.611
179.204
184.29
188.946
188.608
184.318
187.248
189.994
192.916
191.749
193.77
193.196
201.509
197.788
197.834
210.822
217.348
213.755
230.64
218.962
204.2
200.215
205.249
211.288
208.169
219.648
213.741
214.327
215.652
211.695
211.098
215.462
215.709
224.8
224.498
230.296
226.537
228.387
228.87
228.851
215.617
214.077
221.39
221.974
226.672
229.715
230.234
233.052
229.876
231.17
233.741
237.474
237.762
237.762
237.762
251.518
260.14
260.427
270.898
271.139
267.92
268.483
258.865
260.402
257.49
266.301
266.678
268.698
279.397
274.005
258.976
251.789
256.999
267.268
255.314
259.481
256.693
256.107
253.95
260.315
261.762
259.401
258.371
262.917
259.824
256.537
252.856
248.282
245.281
240.453
245.654
251.21
251.48
247.761
243.385
239.661
253.138
259.905
262.546
263.114
272.172
272.348
263.482
259.87
264.308
270.749
275.559
280.833
277.835
272.839
277.358
278.941
270.948
270.424
273.013
281.94
281.058
281.173
275.169
270.271
269.443
272.777
273.766
282.362
287.29
289.648
280.511
290.989
291.783
294.566
302.403
306.212
298.153
301.49
305.376
303.692
313.527
313.596
306.51
306.51
306.742
306.982
305.587
292.098
300.693
300.23
300.23
300.81
314.354
314.39
316.943
328.821
332.19
327.687
322.682
326.009
319.622
325.616
314.366
309.31
305.631
308.504
310.649
304.561
308.213
315.909
312.13
318.173
317.291
316.879
312.846
300.73
299.665
292.631
285.737
275.728
277.966
267.885
271.577
262.209
276.164
276.613
281.516
277.953
278.616
282.688
294.461
293.668
297.351
302.091
292.709
291.081
285.886
281.718
289.886
288.467
280.934
272.039
267.448
249.729
245.154
246.52
257.189
253.647
249.019
253.562
249.82
240.092
240.732
250.022
254.764
251.706
250.404
255.495
260.139
262.564
262.819
269.554
269.279
272.592
275.629
270.439
267.636
274.205
269.516
258.791
257.148
254.85
255.377
259.34
255.783
258.353
258.276
266.867
270.816
266.695
259.698
257.851
261.454
253.337
248.072
255.953
255.593
258.972
267.393
268.773
263.592
255.24
257.53
262.92
266.037
270.911
271.797
271.173
265.578
260.415
262.011
259.201
268.74
270.802
276.721
274.922
276.875
274.087
274.521
266.237
266.904
271.76
267.065
271.291
276.288
277.026
277.515
271.466
268.167
268.284
268.291
269.172
274.902
275.219
273.365
273.645
276.013
273.385
271.376
276.398
273.062
275.189
272.94
272.061
274.634
275.86
274.521
267.768
263.185
265.44
265.032
265.654
264.234
259.766
259.851
259.843
255.665
261.752
259.855
262.937
264.553
265.462
264.627
264.606
266.863
269.065
269.484
270.735
270.735
270.696
270.665
270.758
270.735
266.051
270.005
269.733
270.117
269.465
270.192
270.983
266.373
267.107
256.075
254.773
254.569
255.525
250.082
255.595
257.874
259.523
256.153
256.847
256.529
257.331
255.701
260.82
264.763
273.397
272.728
273.504
274.811
275.553
276.862
272.912
273.427
275.188
275.188
277.268
278.211
279.263
282.349
291.154
287.746
293.898
295.287
290.998
290.998
286.456
280.582
283.139
278.146
272.572
264.807
265.541
266.417
268.668
265.076
266.453
265.871
266.924
266.911
264.565
264.722
267.566
266.89
266.534
270.378
271.883
273.843
272.29
275.73
281.088
287.141
289.163
291.621
300.974
319.01
315.261
323.61
316.134
326.378
340.016
329.282
320.306
320.267
320.267
329.043
323.857
320.2
316.658
317.202
322.698
326.787
331.083
333.547
339.628
349.503
337.262
335.299
346.218
349.35
354.016
356.425
363.307
360.001
360.731
351.69
355.391
354.33
354.464
360.937
364.559
358.635
358.48
358.558
358.465
375.596
385.166
382.239
370.61
374.373
375.879
378.392
385.871
381.862
384.043
388.574
388.343
400.835
391.519
397.545
402.099
399.113
379.49
365.206
357.693
367.656
368.926
347.124
329
338.402
345.992
355.059
349.714
357.863
360.122
357.847
350.291
351.944
359.4
354.089
356.982
360.13
361.449
368.115
365.789
372.688
373.433
381.261
385.634
396.668
407.361
409.251
398.771
407.058
408.327
408.519
399.715
398.77
404.646
409.187
414.257
419.072
415.936
417.351
410.75
404.874
408.671
408.706
409.646
412.149
419.883
422.76
417.211
420.128
413.155
410.719
420.482
427.875
423.724
422.167
432.586
436.066
442.453
453.832
458.614
463.362
477.108
495.262
491.588
482.75
487.125
503.46
491.692
500.514
508.415
505.063
485.303
464.471
461.705
466.936
424.483
440.762
432.842
391.734
406.84
438.267
444.762
438.295
434.756
434.715
436.829
422.48
417.67
423.068
421.054
409.141
396.473
385.127
393.6
408.431
416.835
424.232
436.891
436.368
431.54
429.308
435.014
445.999
444.126
433.856
437.647
445.746
443.855
443.85
443.975
451.04
441.981
439.882
446.43
458.229
463.513
458.524
459.833
458.36
459.329
461.164
460.039
461.107
461.107
461.107
481.848
485.785
486.827
480.273
490.517
485.498
481.615
484.124
475.359
480.635
482.204
488.7
490.758
496.517
505.062
500.969
499.192
495.04
499.904
490.198
486.077
490.192
496.862
495.134
487.076
493.304
489.896
493.757
504.984
510.181
508.548
516.1
515.955
510.854
515.903
515.903
509.383
516.953
526.718
532.765
545.365
546.465
532.629
537.498
543.486
544.352
558.891
547.807
539.822
537.97
541.727
546.94
562.471
568.909
578.447
570.138
570.7
561.774
562.553
569.385
576.732
585.37
596.675
596.223
604.374
610.462
597.699
610.197
621.886
625.254
626.748
608.409
585.023
588.361
577.443
575.172
571.686
550.597
536.072
535.17
545.734
529.791
531.05
503.172
501.004
501.004
502.17
517.261
519.324
486.758
484.435
467.895
480.555
480.114
482.741
499.725
498.39
511.513
510.555
508.949
515.134
499.246
512.919
500.135
471.745
473.35
452.021
465.084
466.379
457.438
467.711
471.246
477.894
463.888
458.048
457.963
437.411
430.338
479.481
488.859
503.011
494.116
489.289
484.842
483.906
474.049
462.637
470.47
471.846
452.232
448.052
453.297
462.271
461.832
459.483
465.757
481.312
479.666
482.56
481.407
492.673
473.012
462.642
440.723
453.617
439.672
437.362
408.233
417.742
432.073
437.533
437.843
438.528
437.834
430.917
442.246
434.852
426.871
430.182
447.093
450.376
451.907
438.069
441.528
445.048
441.953
449.467
450.548
455.159
465.01
464.584
472.855
471.168
472.258
473.972
482.509
482.842
480.397
483.089
486.107
485.792
491.868
493.817
495.208
493.155
492.393
500.176
503.428
503.118
504.058
504.717
507.566
508.325
508.662
524.085
536.134
543.231
547.8
556.327
558.342
557.384
537.276
532.246
530.541
527.135
535.264
535.022
506.868
507.983
517.3
518.47
524.384
536.455
524.524
530.311
530.59
520.64
523.523
529.122
535.999
536.469
539.601
529.62
527.163
531.208
530.674
530.991
536.033
544.11
523.518
527.049
518.696
513.915
501.688
501.112
500.207
497.525
482.757
476.251
466.246
470.104
477.809
451.088
423.326
426.025
426.188
440.993
448.333
444.059
433.059
428.003
459.081
456.893
468.125
469.897
477.023
470.281
467.988
473.579
479.901
479.901
478.404
478.404
478.242
478.319
478.233
472.245
470.932
470.055
475.535
477.113
466.309
463.744
458.152
460.367
465.991
471.491
468.209
474.292
484.942
494.337
496.552
502.638
504.315
501.866
502.954
501.392
502.541
500.59
501.857
499.282
503.321
506.556
509.271
510.777
515.472
513.932
513.716
529.257
536.431
549.902
544.901
535.762
534.311
538.418
543.856
543.856
545.719
537.223
537.002
531.115
530.593
511.183
514.66
514.762
504.059
509.948
500.462
514.158
521.528
515.999
509.681
501.727
503.427
514.026
520.474
521.977
537.519
539.188
546.033
532.156
529.121
534.803
524.117
520.339
508.178
505.917
508.468
514.06
518.358
518.494
517.81
510.212
506.825
508.003
508.003
506.652
506.617
507.854
506.63
506.63
506.88
502.139
489.186
482.41
475.388
481.216
490.828
490.4
490.361
490.801
510.403
508.227
508.87
508.759
504.439
509.349
502.147
505.05
505.109
504.789
502.393
501.306
501.573
505.516
506.011
512.569
509.738
506.311
513.617
515.645
514.959
521.445
524.207
522.818
520.402
521.505
519.795
526.856
536.918
539.047
539.071
556.71
553.273
563.532
563.646
563.409
567.945
563.907
557.332
552.812
555.295
567.535
563.9
574.492
574.977
570.232
574.055
584.931
584.265
587.835
597.13
590.091
598.332
603.992
610.159
615.055
618.725
607.647
602.675
608.878
628.224
632.49
626.604
637.946
639.998
641.729
641.699
648.083
655.695
659.996
661.296
667.049
674.306
686.298
685.393
666.263
654.376
665.258
682.33
681.19
673.859
673.149
688.493
707.999
732.73
727.095
747.611
749.225
747.328
738.546
765.792
765.325
768.941
779.599
804.512
808.231
773.165
727.056
724.288
739.567
763.421
734.141
709.573
690.625
697.993
702.129
671.994
672.413
680.746
701.691
694.007
701.547
686.3
697.788
719.232
721.688
741.772
748.367
747.818
744.975
745.606
751.103
738.209
735.029
748.363
739.564
742.226
764.824
761.211
771.466
766.428
764.52
775.566
781.537
781.734
778.471
778.912
794.681
802.555
803.045
803.451
805.294
803.562
806.906
813.772
812.619
816.197
810.645
814.361
815.192
812.44
816.42
825.395
821.604
821.423
816.799
810.344
814.016
815.177
815.177
821.834
827.009
828.675
828.429
831.319
874.521
884.705
911.551
904.894
939.711
928.07
916.832
946.277
965.051
959.747
966.58
977.694
980.885
1008.044
973.155
965.005
980.359
970.501
948.914
967.363
964.299
969.358
986.231
977.996
980.481
975.541
980.777
986.123
1019.578
1047.52
1035.54
1051.346
1052.638
1053.671
1087.642
1032.876
1037.357
1056.4
1073.522
1062.827
1000.835
995.321
977.905
968.819
1003.196
981.765
1000.422
1001.794
1028.34
1027.812
1011.485
1021.75
1040.386
1029.951
1033.967
1018.342
1003.649
1035.463
1040.791
1054.843
1052.238
1071.222
1074.975
1095.886
1107.173
1111.711
1120.274
1102.627
1111.336
1130.146
1146.597
1156.671
1160.399
1158.329
1159.943
1160.19
1178.23
1135.714
1158.545
1158.708
1198.533
1203.763
1208.125
1218.63
1230.512
1229.292
1207.615
1191.242
1206.987
1130.134
1126.232
1091.753
1054.784
1022.9
921.704
1012.074
975.263
1017.752
1081.732
1067.037
1055.257
1033.039
1034.86
1090.275
1092.046
1027.735
998.78
938.842
944.543
941.62
846.917
892.602
947.499
934.593
940.29
950.201
952.297
943.623
938.79
939.517
980.356
988.195
1024.821
1057.546
1067.386
1083.89
1048.15
1075.469
1075.072
1078.336
1074.734
1077.951
1027.381
1026.949
1014.006
1014.175
1042.127
1046.444
1039.358
1048.14
1055.028
1056.59
1097.294
1091.237
1088.578
1078.33
1107.217
1119.58
1147.906
1142.693
1138.547
1163.165
1146.233
1173.153
1164.225
1155.224
1161.24
1147.631
1104.255
1122.91
1146.262
1155.474
1144.567
1148.411
1144.967
1142.814
1152.249
1135.703
1130.651
1141.411
1150.531
1125.872
1093.558
1103.481
1055.514
1069.102
1083.314
1083.862
1074.816
1087.667
1090.681
1071.189
1050.132
1021.414
986.568
1013.718
1033.436
1069.657
1059.685
1065.011
1037.65
1050.052
1078.346
1068.395
1092.753
1080.402
1083.436
1075.714
1108.827
1097.86
1098.127
1113.231
1121.525
1107.762
1098.956
1102.76
1112.169
1108.88
1102.612
1067.625
1085.889
1120.608
1097.489
1109.622
1111.455
1131.31
1121.606
1132.139
1139.867
1138.269
1140.488
1141.917
1146.055
1125.117
1114.744
1137.686
1133.963
1140.98
1147.471
1146.761
1156.345
1191.34
1204.074
1204.32
1212.559
1231.08
1233.414
1233.4
1233.194
1216.122
1209.717
1200.857
1212.701
1221.907
1220.22
1196.181
1216.267
1215.757
1212.457
1207.205
1205.631
1218.546
1233.807
1239.974
1239.974
1241.849
1241.62
1238.682
1231.713
1233.17
1150.65
1145.031
1162.915
1150.437
1182.089
1163.964
1141.524
1137.994
1152.168
1175.938
1179.853
1184.834
1194.099
1179.875
1165.324
1167.839
1176.125
1199.602
1201.319
1211.317
1222.271
1212.413
1184.357
1183.181
1148.209
1169.255
1193.898
1188.583
1194.595
1199.094
1188.871
1191.28
1202.791
1204.069
1227.442
1181.15
1153.293
1109.478
1114.761
1075.996
1098.508
1097.926
1103.896
1139.575
1128.012
1126.535
1102.337
1120.873
1124.397
1141.801
1128.816
1141.546
1167.29
1182.45
1200.075
1185.91
1198.791
1210.252
1200.541
1196.807
1189.14
1198.281
1203.986
1206.099
1216.27
1223.297
1228.118
1215
1229.477
1227.841
1210.638
1194.329
1171.847
1204.318
1202.097
1191.625
1196.014
1190.63
1166.552
1176.976
1176.85
1167.49
1173.874
1176.505
1178.882
1165.219
1165.986
1146.845
1124.623
1130.224
1115.442
1134.366
1122.28
1139.762
1140.659
1134.28
1107.826
1091.487
1103.662
1087.034
1062.026
1055.669
1093.76
1128.821
1127.997
1130.278
1123.298
1107.868
1102.708
1108.732
1108.226
1119.948
1161.952
1177.066
1181.753
1178.37
1193.507
1182.533
1181.097
1166.032
1178.644
1167.578
1179.372
1188.032
1198.64
1213.528
1211.831
1224.805
1230.575
1242.689
1224.238
1241.341
1277.483
1285.24
1290.751
1283.527
1269.213
1295.12
1289.433
1300.981
1269.933
1269.698
1226.298
1210.826
1213.759
1240.758
1206.703
1218.716
1226.727
1204.65
1213.389
1237.067
1203.721
1176.311
1194.393
1189.729
1161.02
1113.687
1145.25
1144.844
1128.736
1153.276
1155.778
1159.57
1178.807
1161.228
1159.23
1172.391
1195.142
1194.6
1184.019
1176.6
1192.788
1176.258
1175.778
1186.901
1180.542
1205.794
1210.901
1193.276
1214.388
1260.309
1257.1
1261.374
1272.027
1248.141
1277.184
1284.158
1284.992
1276.574
1314.645
1304.372
1305.46
1329.397
1340.865
1348.106
1348.76
1369.403
1363.012
1368.764
1351.888
1355.47
1340.741
1334.872
1308.79
1336.087
1328.682
1353.836
1390.214
1411.17
1398.652
1413.948
1405.391
1416.322
1414.965
1449.795
1447.799
1468.906
1453.583
1437.825
1428.257
1437.279
1420.304
1404.865
1385.491
1401.834
1375.471
1369.204
1384.05
1401.964
1392.467
1408.557
1412.033
1436.928
1429.389
1438.086
1492.007
1483.911
1501.175
1535.326
1522.044
1536.652
1500.087
1475.386
1456.191
1482.049
1480.526
1498.226
1509.864
1518.651
1510.307
1506.388
1505.8
1503.327
1502.659
1502.659
1507.394
1509.369
1497.578
1497.135
1499.266
1509.759
1519.439
1518.461
1540.319
1523.916
1441.611
1400.436
1400.372
1300.852
1263.193
1241.568
1308.461
1335.321
1299.936
1322.656
1303.256
1259.799
1310.777
1338.032
1288.952
1277.548
1241.894
1237.182
1266.7
1314.713
1330.09
1334.1
1315.145
1337.788
1361.011
1343.402
1372.481
1371.246
1370.02
1380.825
1376.68
1363.338
1349.06
1328.767
1326.058
1339.51
1334.126
1308.344
1300.738
1346.947
1352.636
1332.455
1333.886
1280.58
1305.365
1296.872
1255.945
1260.971
1291.748
1293.661
1284.832
1309.016
1315.685
1317.753
1326.799
1334.352
1321.432
1323.818
1356.93
1346.543
1365.558
1373.483
1351.831
1338.131
1350.083
1375.246
1360.275
1383.794
1379.4
1374.862
1373.003
1337.142
1356.467
1365.951
1350.264
1354.12
1352.806
1354.352
1363.269
1378.616
1419.977
1475.89
1473.116
1484.614
1490.618
1529.039
1522.303
1572.47
1587.75
1571.486
1592.925
1556.833
1561.597
1557.405
1525.396
1535.424
1560.703
1566.793
1554.38
1539.354
1490.385
1493.248
1503.825
1486.947
1470.435
1479.971
1480.509
1482.595
1495.947
1516.664
1510.196
1508.434
1491.283
1466.2
1437.519
1447.525
1438.924
1451.781
1446.085
1398.798
1389.595
1367.744
1357.418
1361.003
1354.386
1351.903
1351.728
1334.643
1363.35
1340.359
1346.404
1370.845
1309.989
1322.621
1307.521
1289.808
1243.543
1189.006
1173.181
1165.165
1200.005
1214.278
1197.51
1160.808
1111.226
1119.234
1140.645
1068.89
1110.626
1145.41
1121.886
1136.396
1139.385
1122.602
1055.066
1077.028
1086.553
1058.049
1038.693
1002.271
1012.485
1059.28
1049.107
1058.601
1056.612
1007.521
964.032
938.492
956.466
872.876
853.842
831.221
877.215
837.107
715.471
677.293
690.448
877.296
874.273
843.348
869.931
868.543
850.768
769.079
809.348
784.476
751.401
703.628
546.461
543.333
480.583
535.19
532.869
515.687
575.093
515.398
465.692
435.527
466.555
476.353
434.061
416.327
338.889
339.993
377.546
434.254
530.558
531.04
533.78
546.83
573.515
524.923
530.146
553.131
468.756
429.62
421.228
423.709
395.689
390.74
382.826
350.906
362.312
411.546
440.74
427.483
447.016
436.381
407.051
412.516
399.23
405.248
392.947
430.937
426.876
440.164
449.01
434.121
456.75
457.797
455.782
427.287
414.726
426.54
449.121
436.873
423.349
414.59
416.154
410.195
412.193
412.193
417.624
421.606
424.71
419.678
421.175
418.634
425.569
424.163
400.934
386.058
384.362
363.886
354.416
366.986
355.522
348.852
380.256
380.636
385.564
375.558
379.424
361.228
365.258
370.081
362.719
374.195
406.348
423.667
428.056
412.503
432.323
421.556
380.786
365.178
382.411
359.324
357.211
368.665
372.562
383.678
376.609
362.536
365.699
383.225
374.47
380.891
381.088
419.101
412.847
407.591
421.664
426.676
428.661
415.003
434.754
439.37
472.964
453.758
471.317
473.787
456.2
427.807
431.682
445.147
474.791
474.56
470.541
474.185
493.924
522.819
524.831
512.426
512.432
509.189
512.668
518.641
489.044
489.034
503.321
522.524
522.999
507.249
499.887
519.329
514.915
518.168
540.378
546.463
563.769
572.524
583.672
583.195
601.569
566.328
565.147
564.499
573.809
589.851
618.429
581.238
596.548
592.578
587.119
595.193
606.118
631.834
678.64
673.284
620.59
627.491
642.213
625.836
622.137
634.67
640.556
639.977
605.603
613.019
576.724
569.15
569.397
525.21
514.189
549.128
536.996
539.712
555.827
547.101
572.566
549.358
545.996
517.482
517.43
501.241
498.017
484.48
489.31
497.201
527.781
528.304
544.455
558.69
567.21
556.131
587.822
581.445
586.425
565.083
554.338
588.891
593.448
620.859
620.284
612.096
615.593
628.729
619.043
600.663
607.23
614.104
597.403
573.848
572.713
573.639
591.157
619.917
628.982
626.413
616.831
605.811
623.207
611.524
612.473
597.611
607.046
603.276
616.269
636.053
647.035
645.67
657.364
654.024
670.899
682.176
675.088
679.121
654.915
679.325
674.624
660.563
665.15
677.501
681.908
671.185
675.105
655.317
659.602
680.573
681.36
708.01
725.758
756.112
738.643
765.832
753.686
739.065
763.08
759.331
765.644
754.94
756.09
750.347
733.745
688.557
714.625
683.09
700.746
677.642
680.759
701.688
689.542
722.917
732.155
726.739
722.884
720.961
753.945
748.473
754.12
735.042
730.751
740.92
727.127
715.507
696.542
704.137
701.067
717.912
718.975
709.87
727.229
715.156
706.963
703.321
704.888
703.648
713.048
723.289
753.994
736.33
741.44
748.66
742.743
746.478
738.646
741.343
742.629
745.129
740.968
746.416
746.416
750.937
753.36
753.712
754.352
753.703
791.835
780.854
783.718
793.04
788.201
798.651
803.611
789.095
773.162
760.195
762.671
748.102
751.566
757.589
764.633
768.63
778.924
775.635
751.367
730.32
712.494
721.615
715.859
718.843
706.015
712.688
735.801
732.119
724.83
732.69
734.277
730.518
722.256
706.735
716.212
732.679
739.641
744.997
748.236
765.392
765.857
765.244
762.959
757.226
766.923
756.472
767.792
773.285
767.061
759.53
759.769
756.944
752.473
750.739
754.777
768.51
774.404
777.493
795.919
796.006
800
805.219
794.023
791.265
800.632
803.833
801.302
817.973
823.33
803.205
784.31
791.971
786.709
773.477
787.566
794.945
782.748
766.152
778.86
767.239
767.848
744.534
734.647
725.15
687.925
699.114
715.522
745.276
737.024
721.694
722.941
724.5
702.116
671.235
672.074
673.945
638.646
676.934
695.372
695.995
705.658
700.594
712.67
716.495
705.157
697.735
686.556
693.626
705.553
703.228
704.76
722.432
721.2
713.946
719.769
739.183
728.139
723.144
712.2
701.935
709.964
689.488
681.906
657.051
674.506
675.66
693.395
696.597
692.254
696.149
706.421
718.837
715.628
708.269
700.426
705.321
701.106
716.02
731.607
732.264
740.741
742.88
737.495
748.866
738.9
760.072
749.773
753.74
753.339
747.303
755.071
743.664
729.31
729.811
726.641
731.436
738.578
735.708
729.31
723.973
724.169
708.522
703.276
713.636
718.019
718.031
719.711
734.088
738.66
742.707
741.978
735.267
747.297
755.544
755.316
761.564
754.61
755.122
751.259
744.038
751.413
752.576
751.29
748.714
751.056
744.058
741.218
745.195
757.452
766.897
772.758
778.594
780.31
775.92
774.676
784.199
778.54
787.806
784.958
783.989
791.239
782.89
784.039
802.413
800.415
804.64
803.429
791.787
792.655
801.056
807.654
809.507
809.622
814.084
814.567
825.838
837.278
825.512
817.151
812.149
814.434
797.489
798.282
810.441
812.898
808.462
799.669
813.24
819.206
817.2
810.574
814.265
836.468
857.085
865.811
878.219
880.161
864.155
868.484
866.593
870.172
874.786
876.927
870.606
872.851
872.349
879.3
882.971
884.094
879.65
874.557
874.724
877.775
880.896
881.28
881.851
884.41
884.038
882.7
881.378
879.765
894.647
920.853
914.868
912.057
924.747
922.373
920.012
903.064
907.834
893.813
892.488
909.243
915.17
904.67
897.931
921.25
928.096
920.157
931.558
930.868
912.346
913.424
889.434
905.78
901.148
891.894
896.307
888.17
885.811
897.276
889.107
887.493
902.124
917.154
929.445
921.279
927.404
933.361
929.977
937.811
938.184
938.001
910.597
907.637
914.903
904.056
909.817
927.72
930.723
932.933
927.272
942.827
955.811
958.561
961.298
949.835
966.29
965.056
982.788
989.329
986.494
992.225
983.998
993.26
988.57
961.78
966.005
949.334
948.262
912.454
936.299
952.29
955.596
961.651
949.174
945.968
938.425
939.99
936.964
937.28
907.62
885.156
876.692
892.925
892.491
894.161
882.249
865.235
863.907
857.25
851.399
862.934
864.049
850.169
828.705
844.763
852.716
849.487
869.349
872.839
881.03
874.027
875.77
862.444
862.562
881.962
882.887
899.087
892.806
891.55
891.525
887.978
882.748
867.653
858.366
867.013
869.708
849.777
864.19
859.146
871.795
878.031
883.097
895.209
897.179
896.272
891.954
911.805
903.404
889.407
888.984
897.579
896.324
896.229
881.012
888.184
889.675
905.059
905.357
902.73
902.641
894.618
901.236
893.348
903.503
895.625
864.291
843.3
825.267
775.061
770.549
733.016
744.384
760.949
783.533
768.655
783.15
754.276
746.591
747.979
749.899
760.741
748.88
755.622
779.835
784.459
801.893
802.355
780.787
768.982
767.269
792.669
797.024
774.542
759.317
758.577
763.641
774.437
768.818
759.202
771.187
762.744
701.384
673.562
682.587
701.286
696.739
710.203
689.385
673.697
637.016
635.63
665.611
681.935
699.516
690.487
712.387
706.408
729.07
716.299
725.285
723.633
722.261
739.486
759.531
749.712
771.81
793.458
794.143
777.955
754.093
775.089
781.651
781.66
790.516
790.746
765.071
774.828
777.36
776.757
780.676
779.93
773.592
764.655
727.092
733.831
728.815
724.139
732.861
763.079
759.609
785.259
790.52
791.987
797.034
761.456
755.584
759.18
727.745
701.867
716.621
711.099
726.058
720.467
716.149
734.132
721.98
724.754
721.723
728.448
726.068
721.903
722.582
729.358
729.358
754.625
755.082
750.998
752.863
757.893
773.325
768.219
766.811
766.13
766.869
779.931
785.076
788.725
781.136
786.511
781.61
788.308
795.197
791.725
785.715
795.759
809.935
812.221
825.254
824.932
818.668
820.192
813.096
803.975
821.626
822.711
830.485
825.563
826.137
831.235
821.811
811.664
812.194
843.218
843.995
836.117
846.267
844.274
853.093
860.476
826.109
832.306
834.679
835.415
849.17
853.848
863.954
861.568
858.209
840.18
822.829
819.116
807.086
814.261
826.63
821.003
803.601
790.44
802.602
805.663
819.39
799.943
804.642
791.599
797.426
787.218
790.556
789.98
791.72
779.166
774.363
772.117
784.966
788.284
768.688
764.227
767.583
761.59
774.152
775.621
774.64
763.337
761.387
733.406
734.729
730.566
729.757
739.796
728.554
698.032
699.338
693.202
668.792
659.073
675.138
677.774
653.719
668.358
667.364
672.701
691.967
682.707
681.128
676.81
680.698
677.021
688.912
701.174
697.919
701.457
700.981
704.505
704.194
719.687
726.18
728.199
720.735
712.644
704.107
693.279
700.475
713.096
700.89
724.226
732.289
750.922
753.976
747.943
735.895
735.243
739.859
732.089
725.86
737.369
739.864
745.289
744.252
750.99
740.395
717.475
713.954
714.66
725.449
739.782
750.444
738.132
740.519
732.486
745.472
756.112
762.203
761.436
762.394
755.711
760.887
767.11
760.019
761.824
757.94
748.786
762.571
759.194
761.728
760.716
758.599
757.493
752.304
746.861
747.63
754.371
754.122
746.802
764.653
780.329
782.409
782.113
783.569
781.758
812.348
808.426
798.482
788.693
787.649
787.464
783.432
779.924
760.592
764.061
764.663
781.394
778.925
772.064
764.619
774.053
771.639
770.541
764.363
764.983
756.559
755.398
762.172
772.821
771.868
766.342
773.872
761.374
757.247
755.819
748.633
747.279
741.146
741.738
740.868
745.278
744.916
748.69
736.936
729.692
727.063
729.668
712.461
709.674
716.63
715.699
724.825
724.617
729.611
728.267
733.717
728.887
722.578
715.348
720.267
729.611
738.366
733.801
744.986
744.947
746.334
751.542
751.938
760.379
758.473
759.259
760.202
767.165
765.893
772.321
767.516
763.51
764.364
766.077
767.942
765.785
766.859
766.859
771.517
771.749
772.168
770.532
786.108
787.268
784.234
785.485
794.424
786.93
787.128
792.746
800.502
799.261
792.558
798.94
798.048
803.28
811.236
804.637
801.535
803.242
804.096
798.224
800.996
794.503
790.269
789.887
786.39
782.859
795.512
785.669
779.805
781.264
788.811
783.323
774.793
776.779
779.093
768.596
772.384
770.48
764.087
758.431
769.51
773.226
772.842
774.605
780.594
779.151
776.578
778.609
780.418
763.642
756.767
761.993
761.791
752.43
746.87
740.504
744.961
750.199
752.721
747.603
747.669
745.997
744.451
737.844
737.124
747.264
748.409
736.889
729.373
715.894
712.192
703.385
702.339
703.444
702.246
703.856
724
721.771
718.995
716.44
730.62
730.241
726.627
745.619
747.862
755.034
759.322
760.125
756.98
751.08
745.606
736.778
728.18
741.428
745.672
754.291
767.684
741.545
732.77
730.988
739.43
718.665
719.274
714.552
707.797
709.041
699.272
694.044
707.269
701.909
683.302
684.31
675.708
687.663
700.917
704.94
696.442
679.811
681.804
673.803
677.763
692.068
688.988
699.252
702.465
702.575
698.368
708.275
704.699
706.055
706.16
700.925
721.081
738.947
742.743
745.813
760.539
752.461
755.666
750.793
752.332
745.181
741.343
741.257
738.489
731.973
726.693
736.55
734.301
734.887
720.17
717.901
718.419
729.442
732.627
744.305
752.889
736.008
731.503
733.995
731.912
730.071
740.347
739.114
736.382
729.143
727.156
727.68
725.967
728.447
730.04
731.785
758.689
761.257
776.911
779.195
780.139
777.5
772.653
788.778
791.185
787.092
799.776
794.841
791.418
787.182
794.984
795.948
787.507
782.349
788.069
779.686
780.729
790.037
794.724
809.235
806.386
814.85
812.756
811.019
823.549
823.347
813.169
824.166
824.903
822.576
808.569
806.283
807.085
810.123
811.812
810.552
808.219
812.043
812.01
805.857
803.062
806.947
795.954
789.732
797.711
781.679
794.376
795.38
805.174
802.835
802.485
795.969
802.233
798.793
787.768
783.436
784.072
784.328
781.812
769.441
762.784
755.734
765.776
775.111
775.581
773.432
765.244
763.75
772.59
777.709
782.187
788.324
790.308
794.706
793.034
791.177
791.304
786.973
791.842
792.581
792.581
791.516
789.571
771.229
771.838
769.01
768.793
770.767
773.471
769.666
776.71
773.556
774.264
779.444
783.897
782.071
779.69
772.922
767.863
761.91
756.351
758.99
753.074
744.58
744.356
751.151
759.414
764.533
763.428
767.904
775.203
764.748
773.587
780.723
779.791
766.407
765.594
770.105
