100
99.55702575
99.92694043
100.0228412
99.25117993
98.06432644
96.26173145
96.36419304
93.85797447
92.96271127
94.09100371
94.27883646
93.10534752
91.75844336
89.16215579
85.05356757
85.07154897
86.84368897
88.49441402
89.75772897
91.68109094
91.68109094
91.68109094
92.41768042
92.8655955
94.35367797
93.40438957
92.50750643
92.44748742
91.76783905
92.65427354
92.58745076
93.61935641
94.4367002
94.01794414
93.50417825
93.33481288
92.25106896
92.96230628
94.19735317
93.21396491
94.92900181
94.28231934
94.30402662
94.30402662
93.54913175
93.49632151
92.12341721
92.5293757
92.08089363
91.77091695
91.23649674
92.12528015
92.26257058
93.15653782
93.26709914
93.45404091
93.30144199
93.10761545
92.89491653
93.15904874
93.74943808
93.92163835
93.63725682
94.47817082
93.45104401
93.15945372
94.44471894
94.2565622
93.33643283
92.24353621
92.45639713
93.12551585
93.8329463
93.8329463
93.26709914
92.68505251
92.28111896
92.73081599
94.66365465
94.64640222
95.01599292
94.22100438
93.75024805
94.45824549
94.45824549
93.88948242
93.97574455
94.38834481
94.23274899
94.58970411
95.96520032
95.96520032
99.74826038
101.5289861
101.5289861
101.0113323
100.179247
100.0814833
98.98332185
99.60602912
101.4635403
100.7386144
100.4937596
100.2609733
99.36870702
99.72323221
100.5007253
101.7066132
101.3089164
101.4995031
100.3175904
99.07363384
99.04342184
98.40759301
97.94445043
97.93772765
97.95959693
98.17294382
97.38581203
97.51621769
97.2784906
96.91124882
96.14355638
95.41976448
95.76546097
95.41579561
95.46042512
95.32929049
95.76497498
96.11269641
96.74536635
97.50787496
97.63763264
99.04082993
99.73611078
98.6723732
98.42930029
98.48146255
98.58092724
98.05071889
97.8161507
96.77582133
96.79404573
96.81097416
96.26561932
97.18753063
97.17837793
97.30651567
97.69392577
97.3444224
95.9627704
96.60807592
96.42218711
95.4850483
94.29754683
93.37539253
93.37539253
93.4303897
93.32274429
92.32015966
92.34931869
91.76459916
92.54257826
94.09302864
93.86850412
93.99656085
94.1093091
93.30038903
94.04078538
94.28118538
94.00093471
93.81682784
94.30030074
94.09400061
93.64130668
93.65313229
94.05763282
93.88535156
94.38972177
94.60736152
94.15944643
94.64381031
94.64543025
95.03583726
94.2896091
93.91264765
93.71258431
93.45833377
93.72319495
94.09294765
93.74563121
93.80038539
93.6706277
93.75875277
93.76822946
93.67208566
94.19265533
94.78693254
94.82913214
94.51299966
93.82136369
93.60437191
93.96408094
93.76199266
93.15451289
93.04913539
93.13256262
92.52143796
92.9316893
92.9316893
92.43031599
93.01268661
92.82566383
92.87393823
92.54800508
92.9979451
92.38439052
92.38722543
92.52694578
92.68910238
92.72628014
92.67549483
92.36916303
91.93955333
91.53440482
91.50880967
91.82842503
92.50936936
92.09749807
92.40982368
93.02548418
93.15597084
93.26961005
93.02904806
93.30508687
93.69330695
94.26871179
94.75299467
94.94560626
96.16655962
96.46600665
96.49467969
96.56530934
95.99160544
95.67927984
96.05859021
96.34572565
97.64297847
97.69919059
96.72430705
96.78432605
97.47029221
98.9815399
101.3647236
101.3647236
100.5326383
100.4927876
100.3188864
101.8978478
101.8978478
101.2846172
103.6155576
105.8966847
105.4016292
105.4245514
104.3647827
103.9273163
104.8749037
105.6681913
105.5551191
105.375629
105.1626871
104.4346834
105.2161454
106.8542348
106.5227129
106.4254351
106.8620106
106.3772417
105.8971707
106.3489736
107.5867744
108.2336189
109.6885735
111.4663023
110.7935387
109.9710921
109.7775895
108.7074531
107.2440748
107.7767131
107.6018399
109.2249449
109.2635806
109.2635806
109.2635806
109.2635806
109.3010014
109.3647462
108.8810304
108.0146832
107.9076858
108.0704093
107.4968674
107.6857531
107.6562701
107.7405073
105.5050627
105.4730688
101.7603954
103.3378989
100.9751265
102.613945
103.6000062
103.1289258
105.1464067
104.3116485
106.0529285
105.5677546
105.7622292
106.0468537
105.5206142
105.5699416
105.9665854
105.256563
105.4738788
105.8401486
106.4005689
106.4005689
104.7044854
105.5965087
106.6441278
106.51761
106.8366584
106.578763
107.7968004
107.5943072
107.2921062
107.5936592
106.9036432
105.4047881
105.2548621
104.985627
106.2461881
106.2461881
106.457024
106.457024
106.3526185
105.8195753
105.2670117
105.0918955
104.3361906
104.0133354
103.9542884
104.5123598
103.6728227
100.9168085
101.2841313
101.2582931
100.2612163
100.0483554
100.301391
101.2697137
102.7602261
102.103662
101.8252742
101.6451362
101.3345926
101.3345926
100.2578144
98.2696546
98.44112589
99.42167925
99.39511214
99.4322899
99.15187723
99.0026802
98.07518008
98.03225151
98.23612172
98.15050757
98.71408681
98.90143357
99.53831537
98.98000096
98.93237454
98.57639139
98.29962361
97.79347146
97.09187281
96.81445705
96.81502403
96.69085516
96.41708428
94.6170812
94.34169037
95.09877216
94.37927311
93.66503889
93.25211464
92.99600116
93.5957052
93.28451356
93.97072271
93.39507488
92.78646114
91.8202443
91.28347517
91.00986628
89.72047021
88.9816938
90.34317748
91.38553178
92.10405886
92.52783675
91.82097328
91.29667773
91.89775872
91.89775872
90.68701103
90.23164419
90.13622936
90.17365012
90.07175551
89.56382142
90.73844432
92.24928702
92.01366587
92.48037233
91.53084094
92.0186067
92.02411452
91.99568446
91.91258123
90.6669237
89.85776064
90.1082043
90.44288516
89.91121886
89.79628368
90.38578206
89.87161117
90.33062289
90.95786601
91.01804701
91.9584257
91.30194256
92.04808972
91.47592477
90.71463111
90.6668427
91.12787935
91.11783569
91.47770671
91.71859269
91.02412181
90.91461345
90.60811966
90.68612006
89.34950256
88.82391105
89.55280579
88.49878788
87.6210201
87.06481161
87.56861484
87.83266605
87.53143708
87.61259638
86.67359464
86.74260434
87.48146174
88.13430001
88.52179111
88.15228141
87.63875851
88.23198276
88.57192844
87.74308303
88.14272373
87.94282238
87.98048613
88.71310674
89.37250579
89.37250579
89.7836481
90.48832464
91.71381385
92.09879403
91.46353218
91.22013528
92.13491883
92.50677745
92.55812974
92.6525726
92.78638014
92.84680413
92.07992166
91.38277787
92.59862839
91.59669175
92.5083164
92.75527718
91.60527746
91.96701142
92.4482974
92.06623312
90.75342882
91.25172423
92.49770575
91.74993864
91.5860001
91.64043029
91.06907531
91.12982329
91.23908865
91.23908865
91.22799202
91.58786304
92.04225791
92.66010535
92.66010535
92.66010535
92.99997003
93.391349
93.32614617
93.69257797
93.91378161
92.95372057
92.17055764
91.60284754
92.5442792
92.31918769
93.96715883
94.95856583
94.38388996
94.6440533
95.05835451
94.75323766
94.17807581
94.2564812
94.50903079
94.94690222
95.13611192
95.18041744
94.41337298
94.24368363
94.50117406
94.50117406
94.50117406
95.17855451
96.19085881
97.26237214
97.60936458
98.30456444
97.30740664
97.31234747
97.65658601
97.2634251
95.91060814
95.75954816
95.78684426
95.28409399
95.25031812
94.71824683
94.68519993
94.7040723
94.62777284
95.02465963
94.43394629
94.86428497
93.8150459
92.96659914
91.99374053
91.97827004
91.34592409
91.12407248
90.36520874
89.16985054
89.49464972
91.41363784
90.69818866
89.89672034
89.89672034
89.06933288
89.07022385
89.66012721
88.73862089
89.57840094
90.27084688
91.4146908
90.9731745
89.76906859
88.49741092
87.09324167
87.30059476
88.25004516
87.93974449
87.93974449
87.74332602
87.60652158
87.24349166
86.20648319
85.82701082
84.04166825
83.40713538
84.32094696
84.32094696
84.77679978
85.85827578
86.96526593
88.08829354
87.34417131
88.24631928
89.69592802
90.28218651
90.22394944
88.71513167
87.81589961
86.9480945
87.4766019
87.4766019
87.43432131
87.0440763
86.77289733
87.12604557
87.40548627
88.00624327
88.64004717
88.80171779
88.6871876
88.32877454
88.19488599
87.88458532
87.54925649
86.88686054
87.00787051
86.61624855
86.55323264
86.4915127
86.782941
86.17627119
86.82149571
86.28391661
87.0923507
87.11851282
87.37219638
87.47166107
86.05072537
87.05978978
87.35121808
86.78520892
87.0111104
87.47271403
88.28868087
88.77393572
87.2843953
86.02918009
86.4765282
85.97061904
85.78521621
85.56571352
86.29339329
86.74543924
87.71157508
87.83566295
88.54382238
88.67665795
88.69188545
87.86984381
88.27312939
87.39341767
87.14491795
86.65933911
86.77557024
86.37244666
86.30999774
87.60806053
88.13510998
84.97524317
85.42404923
84.77242593
86.79930245
89.48096118
86.88329666
85.84385826
86.50827914
86.42898278
86.29882011
86.33389194
86.58069073
85.35827942
82.41119253
81.78524537
79.23439729
78.60197034
78.81013341
79.28477761
81.53528769
83.11627406
85.52999371
84.91708711
83.12429279
83.02239818
83.55843834
82.847687
82.53276948
81.80379375
81.71647866
81.75470939
82.45647002
82.42058822
83.83860801
84.65327889
84.53380787
85.8004437
84.50302889
84.1063041
83.0850091
81.86057286
81.91160116
82.37134186
81.50102583
82.83416045
81.97502205
82.13920359
82.25073687
81.11337274
81.56428472
79.8196838
79.02356131
77.01021133
73.79291743
72.79146677
72.94212176
67.40336414
70.26062502
70.26062502
71.23429361
75.52391081
76.39608977
75.94193789
76.58043964
75.49896364
75.06028224
76.22000164
76.4765201
76.25936633
76.46671942
77.5967938
77.34562116
76.15342185
75.5512069
76.25742239
78.51862412
77.24040567
77.67382224
78.66279932
78.58479891
78.68045673
80.01043245
78.53741549
78.88724284
79.5763679
81.52386707
80.67857921
79.43267869
77.43196429
76.59769206
74.95692968
74.02432673
74.95611971
76.22640042
76.34773438
74.72147052
74.74034289
76.61696942
76.61696942
76.36109894
75.66857199
76.25653142
76.92783707
76.92783707
76.13211956
75.18874397
72.77939817
69.99665481
65.74178546
61.50117163
56.20832182
62.05033334
63.78869747
63.08896177
63.90233669
67.82244419
66.6146934
66.85995323
64.8724414
63.9651096
63.99629356
64.23985246
64.23985246
64.23985246
64.23985246
71.69071342
70.72125669
71.01365696
73.28384938
74.32798562
73.90858158
74.16234614
74.57446042
73.18446569
72.24619292
69.39452086
71.18828714
72.61983349
73.0641037
72.95483833
73.12938752
73.50351407
74.55963791
75.21830798
76.21473681
75.74568143
74.54935125
73.30288375
73.20463402
72.57172109
71.57140439
72.0818494
73.6075956
74.93101055
75.53103857
75.35940529
75.53225353
76.13552145
78.97026508
77.7741779
77.05548882
76.989962
77.38717278
76.63746174
77.12700944
76.4854298
75.12564707
73.69061784
72.82410869
71.09854213
71.18561423
71.18561423
71.90244037
73.13546232
73.13546232
72.63902985
71.71744253
70.71947475
69.29278824
69.56566816
69.2819346
68.93469916
67.80826966
68.03781602
67.87298651
67.45722735
67.52453611
68.47350052
68.82826871
68.82826871
68.00663206
67.2454194
66.54916658
66.48282979
66.2122178
66.2122178
65.63405904
63.21758549
62.11351124
63.22236433
61.29430451
61.51947702
61.44309656
62.83616918
63.15448859
62.62679115
62.41992404
61.06078929
60.45322851
59.97024159
58.82064686
58.02322841
58.99017422
57.42765523
56.70920915
54.87470122
54.62069368
53.42671242
53.50641377
52.61544343
50.13247109
49.83213309
52.34442645
54.28633681
54.2685984
53.24576445
52.21150988
51.8743991
51.50156851
52.84053494
52.68396715
52.72835367
55.1097554
55.85371563
55.02997305
54.8303147
54.20695945
53.83850272
53.66233358
53.28998898
52.31704937
52.15100489
52.99054194
53.27962132
54.35801942
55.15730081
53.91569315
52.84798669
53.08036795
53.55906202
53.52285622
53.48219558
52.99353885
52.45676971
53.26074895
52.67505745
52.60556176
51.63570005
52.67918831
51.70705867
51.70705867
50.41012985
49.9820591
48.38446828
48.22919645
46.770759
46.76857207
46.93866641
46.90788744
46.99115266
45.78656077
45.95195726
46.80817976
47.10090401
46.18676844
43.86271281
42.47174612
42.03444167
41.35932915
41.16493562
43.96104354
43.67763397
44.70994461
43.49709098
43.28252912
44.15916294
45.31070161
47.76953675
47.25358393
45.82973233
44.29135054
44.96986495
45.11112425
46.64942504
46.51108165
46.6836059
47.0560315
47.01488487
45.80575713
44.89000161
44.04252682
44.72460512
45.75456683
47.33360926
48.05537624
49.6817211
49.80848188
48.5641203
50.15045249
53.77151795
53.77151795
53.36969032
54.46258694
53.20307887
53.4574914
53.28164625
54.70088101
55.5300504
55.81985876
56.11428396
58.11127248
57.78339539
59.33254982
59.55999025
58.8103602
56.49075942
54.24130231
57.11095578
55.46436159
55.79604555
57.49439701
57.16886885
58.62536236
60.30200655
61.57528416
63.03769048
64.38410865
63.67781217
63.66890246
64.0671662
65.09129611
62.44592418
63.0730053
61.65020666
61.92138564
63.21782848
63.95822483
65.76819058
65.9417678
64.78909517
63.51549357
63.16194034
63.33673252
63.21928643
64.61017213
64.27322334
64.74041579
63.4996181
64.0161379
64.0161379
63.64824815
63.71652888
64.47263871
64.31501795
64.31501795
64.06538426
62.88233765
66.09582467
68.83037464
70.96141369
70.84202367
70.6247889
69.2369811
68.5552268
69.67493352
71.04727084
71.04727084
71.42350331
69.74110832
68.68911534
64.93958816
65.93342508
67.65283584
65.90305109
66.15446672
64.91601795
63.84053575
63.32555489
63.94761418
63.45644653
62.75476689
61.76740976
60.95735573
64.24730421
63.49710718
63.7997941
63.7997941
63.7997941
62.66388792
64.46826485
65.80771726
65.57541699
65.98137548
66.38247413
66.40069852
66.81418976
66.55613235
66.83695
67.37695902
68.38286453
68.33491413
67.86188988
69.09839471
68.88755873
69.4112873
70.10600117
69.69728878
68.78388218
68.98807639
69.30761075
71.01195601
71.02694051
71.35951544
71.71760452
71.84331234
71.84331234
73.2531514
73.97005854
75.13641971
75.13641971
76.39114894
77.0560558
78.34269797
79.11857114
80.0029807
79.64116575
80.6188842
81.56736262
81.94602502
84.66356555
88.03491632
86.38678318
87.72137576
88.92855957
88.99846024
88.85104515
89.02397439
86.83769517
86.06862578
89.61104285
90.0119795
91.25901399
92.65362556
93.08420723
89.74549837
88.51361038
89.77060754
89.43787061
88.55564798
89.3570353
90.54275483
94.38372797
94.30070573
94.44536691
95.45021946
94.29001409
92.04509282
91.44895266
92.62819241
92.42472718
92.61571882
92.63240427
93.66050304
94.45030775
93.71517622
94.0972405
96.94956055
96.91837659
97.9183693
101.1150899
100.5819656
100.5883644
101.0040426
101.7605574
101.6506441
103.575626
103.4665226
104.9449664
105.377249
104.7875886
104.0082326
105.7577743
105.707394
107.8866265
107.6214413
107.570737
106.2639265
104.5486466
105.0999952
105.8978187
107.0680677
106.158144
106.098854
105.1172476
103.845833
104.5933571
105.2174413
102.9848316
101.7516477
98.05574072
96.15829789
98.46639705
102.6218827
105.7089329
105.8658247
104.504665
105.1426808
105.4713679
102.792868
101.9633746
101.9633746
99.59363653
97.85988924
99.35752939
97.12572968
98.24713735
97.63714666
100.9262852
101.8596171
102.6049543
105.3682583
104.9593029
105.7314502
107.7246318
106.9816436
106.9937932
105.5061967
106.2211599
106.2843378
105.0084683
105.6212129
106.2867677
105.9923425
108.1816996
107.9121406
108.6393344
108.620948
107.6748185
106.0862994
108.6070165
107.8363271
107.3483994
105.0188359
104.5840424
102.7056339
102.0575745
103.3432447
103.8080882
104.6713575
105.7393069
105.4423708
106.3936842
108.8149366
109.8398764
109.6873585
110.3060969
110.1975605
108.650674
109.5508781
107.2013083
104.1185509
103.7144553
105.827027
105.6525588
105.7146838
105.9111832
105.6847148
104.2812745
105.2607749
107.659429
108.1927153
107.5186557
109.2341786
110.1414294
109.5064105
109.5064105
110.0519274
111.1012474
112.0242117
113.1491023
114.7274967
115.0943335
114.9349308
113.7143015
114.690562
114.2930272
113.5592726
111.9616008
113.4389916
115.4273134
114.6635898
115.289699
114.2563354
115.2338109
115.5158435
116.7815073
119.8793302
122.4664651
122.7877814
123.3085131
123.6990011
123.7376368
121.3412505
120.2634194
123.8622916
124.0583051
124.1097384
124.8636613
125.8788815
127.6940311
127.3171506
127.2341284
128.0700205
127.9788176
127.9788176
131.5529856
129.379342
122.5666588
120.4400745
123.6973001
124.4434473
122.89
124.7385205
122.7477687
122.9561748
120.125805
118.8451566
115.829465
119.1931211
116.1465695
114.0133435
113.1917878
114.5812966
117.3059649
115.830275
113.1448904
113.1786663
115.3290637
114.0000599
114.3682737
114.3682737
112.8705525
111.474483
110.4704404
109.5429403
110.2074422
108.1727899
108.6122003
109.431002
106.4942018
103.3779115
103.363413
105.2937408
104.386571
104.9421315
103.8297145
104.2993369
104.234539
103.3998618
102.8420334
102.9603704
101.8352369
100.9841982
101.1270775
101.6062575
99.42232723
100.0277821
98.73911497
98.73911497
102.9344513
101.8971188
104.0984636
105.5672687
104.9582499
104.9608419
107.6979027
107.0066717
106.2952724
103.1559789
103.5300245
101.0726473
101.1618253
101.8719287
104.1200088
105.3853487
104.5497805
104.7700932
105.0219948
107.4544248
109.191007
100.962086
101.6765632
104.625837
106.0200436
106.0200436
104.7540557
105.8531082
107.6371548
108.6927926
109.4641299
109.4641299
108.6689794
108.1181977
106.7792313
107.0044038
104.8007102
105.1093909
102.9954423
100.3746125
101.4678331
100.4356845
101.9010877
100.6987637
100.6987637
99.73999866
96.65902322
95.40129709
94.60930546
93.5056362
92.69258526
93.05926006
90.93146089
90.24436077
91.31004229
95.52190208
98.43772401
100.0197633
101.5002321
102.5804121
101.531335
101.2983058
99.6124279
100.3188864
100.7928016
99.87631712
98.69529543
99.34562278
101.1816697
101.8495734
101.5966188
101.5766125
102.1163785
103.1119974
102.2092825
102.0857616
104.3127014
104.1786509
104.386247
103.4654696
104.895558
104.7064293
105.5381096
104.8250094
104.1298905
103.7965056
105.6316615
105.6651944
107.5071541
107.3565801
106.5884827
105.4951811
105.6853627
104.4863596
103.1020347
101.7522147
102.3243796
103.3928961
103.363899
101.9708264
102.1590641
102.1073878
102.0245276
102.0245276
103.9231044
104.4793129
106.1047668
106.6329502
108.6543189
109.7177325
108.500748
109.671564
110.6283852
109.6324423
108.0173561
107.3103306
107.4720013
106.3225685
105.9355634
104.9510412
105.5808762
107.089289
106.1297139
105.557549
104.5108208
104.3029008
103.6111028
102.072883
101.6757532
101.4244186
100.7416113
98.62774368
98.57841632
97.72162685
96.76577767
94.1783998
96.28279075
96.70697362
95.25023712
95.27267337
97.00941756
95.46568995
96.36484101
96.27299007
97.51411176
95.73946083
92.38900737
93.70877743
90.87265685
91.41890266
91.83077395
92.08235158
88.70686995
89.47415741
92.28719376
94.15912244
93.2530866
93.44901908
94.46229535
94.46229535
96.29809924
96.01331272
97.66614369
100.1000317
100.1352655
100.449454
97.83145919
98.34068924
97.67724032
96.91724262
96.39440503
94.14130304
95.89149277
95.13230505
96.36937686
94.54831449
93.55812245
93.07578351
92.83060467
94.19144037
96.51347107
96.25646662
95.81333037
95.60160342
95.66972215
95.24958914
94.14033107
95.19920882
95.95953051
94.90146273
95.06621125
97.6119565
97.40687133
98.62531376
97.15245879
94.82265235
96.80255044
96.73386473
94.5269312
92.90155831
93.3282521
93.3282521
93.11838809
93.11838809
93.34501854
95.04004912
95.04004912
93.46562353
91.86292988
94.54839548
97.2153127
95.6413731
96.90930489
96.03113212
93.62518822
94.03689751
94.59221503
93.73736948
93.31099968
91.56534579
92.26702543
92.29286357
92.24199726
92.24199726
92.24199726
91.78403851
93.10324159
94.25218834
95.63262539
95.06677823
94.55495627
93.43727447
93.42407191
93.54046504
95.6294665
95.25469197
96.21491501
96.02918819
94.94269036
94.98869683
94.67985411
93.34275062
94.70042742
94.15239967
93.28832043
93.47048337
94.59108106
93.13960938
93.4365455
92.06291223
92.16861371
91.69243056
91.69243056
91.90772139
91.84413851
91.89711075
89.65891225
86.65618022
86.42226
86.36167402
84.94106231
82.43775965
82.87846598
82.35911127
80.32348703
82.28912959
82.47315547
80.44846587
79.18612289
77.92475189
80.3904718
78.9185078
78.85071306
78.22687183
80.58292139
80.07490631
75.86928331
76.63503182
76.86595513
75.34077591
75.34077591
75.60053426
74.44802363
76.38726107
78.02535054
78.5491601
80.02517396
79.77116642
78.95414662
78.8344326
80.00581561
81.86859159
81.86859159
82.04783863
81.96546437
80.75666061
80.75666061
80.23503798
78.95325565
79.45997478
80.47551897
79.28469661
79.56389432
78.221769
79.13760551
78.59289864
78.59322263
78.94483193
78.94969176
79.13404163
78.73367196
78.24890309
78.92644554
77.8823903
77.33573949
77.1283864
77.87396658
78.2485791
78.28575687
78.612176
79.98572828
79.03522492
78.51821913
79.04381063
78.78761616
79.65955213
79.68263637
79.01424662
78.18232331
78.02486455
79.44985011
78.54980808
78.72055039
78.00080835
78.48055538
79.08706319
77.97707614
77.96711347
77.61858208
77.34132831
76.0708046
75.6624162
77.06844839
76.37146659
76.74000433
75.57340016
75.56546243
74.52424209
73.87836959
73.84216379
74.67951392
74.35366177
74.39067753
74.5418185
74.71960758
74.78424343
76.09097293
77.13664812
77.5038089
76.48024597
75.58109491
76.05460514
76.31177158
75.55217887
75.55217887
75.98705339
75.19927362
76.15690474
76.11924099
75.7733825
75.47344949
75.01087389
75.25832065
75.30554208
75.63973695
74.89772065
75.81776903
75.75896498
75.65593641
74.7220375
75.09017025
74.90492941
74.93797631
75.04319181
74.10702498
72.67134777
71.68901247
72.34549562
68.39331319
67.59808166
65.52868155
62.05981003
61.33447918
61.86428254
60.29212488
56.55490929
59.31448742
58.71648433
58.29780927
59.73008459
60.46302919
60.97428417
61.69491718
61.15320721
63.62143804
63.96438063
62.14040235
63.93190071
63.02068104
64.60992914
65.41544732
65.69367306
66.0076996
66.59687399
64.8604538
64.10823184
64.12678022
65.09251107
65.83315041
65.25175177
65.33461201
64.24398332
63.83818683
63.00269964
62.38055935
62.00052
61.82734777
61.57649912
61.21719508
61.6371661
63.39391662
63.71158804
63.39221567
63.39221567
66.72979057
66.05038518
67.91040726
67.30916428
68.07790969
67.31361913
67.7471977
68.39874001
69.56121331
68.54988097
67.36318948
68.00574109
69.04850038
71.52653188
74.04368509
75.47093857
76.31185258
75.68112658
75.02626338
74.89917861
73.75565867
73.08427202
73.08427202
74.10184115
74.87601338
74.54400543
73.7968863
74.0103142
74.0103142
74.07430207
75.28845165
75.93003129
75.88070393
75.88070393
76.15763371
77.7349752
79.16247168
80.1051993
80.54501466
79.64067976
80.62155711
80.41898285
81.40949888
79.75359
78.72508624
77.91794811
78.01951873
78.53563355
78.10877776
78.2787101
78.22622385
81.74993054
83.82321853
83.7307196
83.0249091
84.56742175
84.29656677
83.17791301
81.68780561
82.61789765
81.10098015
81.96481639
82.06930291
82.06930291
82.06930291
83.8629072
83.69410882
83.32046826
82.43735466
81.77301478
81.7541424
79.77813219
78.6243256
79.23901413
80.31068946
81.08356573
81.21105548
85.74990139
85.91060004
85.59130867
85.36249128
85.57721513
85.71831244
84.68486784
84.74051299
84.54692943
84.70260625
85.17822242
86.35430327
85.99256931
85.46965072
85.75808211
85.57559519
85.23621649
85.40363791
85.72989505
85.72989505
85.01792875
85.26974937
84.5479014
84.15417351
84.3526979
83.52247554
82.85999859
80.85766425
82.03738998
82.68293848
82.89401746
83.60023295
83.78579777
82.6192746
81.79901491
81.75495238
82.40746666
82.02410642
81.74912057
82.00782596
81.11564066
81.62551869
81.62551869
82.16001989
82.39337312
81.2915668
81.19372206
81.96311545
81.80071585
81.85717097
81.74409874
82.12583903
82.54743
81.88390008
81.98182583
81.60154348
81.93112151
82.27811396
81.24693729
81.54184847
81.54184847
80.77642395
79.55652356
79.51424297
78.5190291
78.64789581
77.34707912
77.57460054
77.47837574
77.37712912
78.07897075
77.76721213
77.13267925
76.95594314
75.31744868
74.93951526
75.00779599
73.13870221
73.72455571
72.24214306
71.81893215
73.18316973
71.48295533
71.62146072
72.69240707
72.51340303
72.68082446
74.26237781
75.05315448
77.25992602
76.34554746
77.51061267
77.00065365
75.80796835
76.15172091
76.04423749
74.81899128
74.68404977
74.49799896
73.63886056
72.52498564
74.01387808
71.90268336
71.7181715
70.52216532
71.06824914
71.63936113
70.98490291
71.34768984
71.00677218
69.6034939
68.76557679
70.16367125
69.7295257
69.7295257
69.89727112
72.10242271
71.95176773
72.1659246
71.85538093
72.44415033
72.4631037
72.64178376
73.02425302
72.4661006
71.61951679
71.16771383
71.03787515
70.2732606
70.06064268
68.5069524
68.31571777
68.32316952
67.75100457
67.52153921
66.57970256
67.79693004
67.84852532
67.09322547
66.85574137
67.58925295
68.38488947
66.91616536
67.40401212
66.3952717
66.09477171
64.19724787
62.3790204
63.09163468
63.94388831
62.85528455
62.98326029
62.98358428
62.88444358
63.68817982
64.17367766
65.064648
63.87252968
62.99881177
63.96138373
64.18647523
66.82471941
67.30268449
68.67890968
68.38156858
68.19495079
68.10245187
68.47260955
68.23091359
68.95583946
69.17671911
67.80381481
68.24776103
68.43073394
66.58399542
66.58399542
66.93082587
67.56228085
66.4402252
66.42912857
65.43326673
65.43440069
64.94671592
64.84141943
66.10603033
65.24648694
64.90897118
64.28229504
65.12142711
66.38312211
66.39057386
65.3978709
64.99393735
65.53953519
64.80699558
65.06019315
64.47555461
63.58887713
63.57494559
63.57494559
62.70114668
63.45434061
63.66290866
64.08684855
63.40072039
63.15578454
62.07641448
61.76724777
62.70422458
61.79170895
61.70876772
61.68770842
61.68770842
61.43653578
61.97889372
61.44325855
61.96714911
61.96714911
61.79219494
61.81633213
61.43143295
60.86890667
61.60687311
61.79673079
62.38687714
64.34280003
65.28244975
64.54010946
64.17772752
63.46730017
63.26942376
63.38160503
63.53987376
63.26934276
62.95183333
61.49323389
61.9495727
60.12284051
59.78702569
59.41630103
59.41630103
59.63920561
59.47696801
59.31489241
59.2820885
59.17509106
59.68926194
59.68926194
58.46620266
58.74183648
60.15532043
59.83627205
60.83294387
60.82865101
60.93775438
60.61327918
59.49964726
59.37434443
58.73130683
58.79983055
59.0687416
58.52549269
58.32591533
57.25010914
56.27279568
55.68564622
55.88093072
56.83313502
56.72921548
57.77675361
56.91883017
58.9547784
59.37021357
60.69541045
61.64162095
60.20748269
60.80232689
61.39700909
60.79487514
61.10622877
58.7835501
59.36284281
60.25429913
60.29196288
60.84468848
61.89975936
60.89077595
59.66439577
59.8108389
60.10793701
59.29326613
59.73632138
59.76248351
59.33765265
59.33765265
58.96530804
58.93501505
58.49738662
57.31822788
56.6565609
57.45098246
59.59263216
59.34372745
59.34372745
60.08874065
61.40300289
60.92787271
60.5766684
60.95492581
60.58711705
61.51210626
61.29940734
60.76774104
60.76774104
60.44342784
59.87158687
60.12454145
59.71015925
60.58363417
61.22302689
62.02538617
61.51243025
62.25703846
62.63035504
62.80352727
64.2926627
64.21053143
65.43602063
66.63008288
67.28689002
67.4765857
67.17892061
67.66190754
69.30955468
69.43283258
68.58948866
70.04857408
69.7898687
71.35935345
71.23283566
69.92562018
68.50427949
68.3627772
67.94296818
69.00792073
67.3926725
67.68280484
68.56664742
68.88593879
69.05822005
70.39799645
70.43711815
70.58753014
70.50232098
71.91896382
73.32596798
73.80198913
74.12079452
73.79453738
73.5026231
73.11294507
71.98667756
72.36582594
72.19216772
72.59472432
73.66040585
73.46690329
73.24821057
72.20537028
72.39790087
71.54192137
69.9339629
70.04760212
71.24701019
71.25429994
72.06629791
72.54369602
73.9351487
74.42097053
74.22406608
75.56505744
75.22656971
75.13925461
76.16800137
76.32416417
75.60264019
74.19142417
74.03356042
74.17125584
74.42874627
74.887434
74.3436181
74.5238371
74.60240449
74.93708534
75.29655138
73.16948119
72.55211974
73.89797094
73.4604235
73.22788024
73.49249843
74.29680166
74.21556136
73.77574601
73.47775693
73.63148981
75.87090326
75.63949396
75.45352415
75.3408569
75.51354315
75.49337483
76.32602711
77.70403423
80.06089377
80.29789188
81.02395171
81.05659363
81.43962987
81.70416707
80.60171277
81.46068917
81.66391141
82.72611005
83.10039859
83.69499979
82.66933094
80.79229942
80.79229942
79.6393838
81.13775292
80.61977517
80.07304337
80.53246007
82.14333445
83.40251853
82.63425911
82.02896626
82.17621935
80.82405037
78.59006374
79.56195038
80.98871789
80.4836997
78.34958274
78.76598988
77.31735311
76.5726639
76.18136592
76.77248424
76.77248424
77.76081334
78.23035471
79.13266467
80.36592962
79.98823919
80.46223541
79.97365968
80.06024579
79.52080375
79.12019109
79.04518759
79.56510928
79.82770254
80.65743891
79.87063111
79.43203071
78.9515547
78.78137937
79.36180605
79.40724553
79.64343367
79.64343367
79.8196838
80.29359903
81.41314376
81.44246478
81.44246478
82.79989859
84.01939399
84.03348753
84.45750841
84.81332956
85.00788509
84.40899102
85.34540085
85.34353791
83.72140491
84.18568146
84.95920571
85.65238063
86.88645555
86.88645555
86.88645555
87.39382266
87.52374233
85.58758279
84.63861838
85.3349522
85.3349522
84.89805274
84.4489227
83.98715707
84.90623347
87.00835649
86.02626419
85.92890543
85.56871042
85.6655022
85.44494654
86.84182604
86.79865447
86.70931445
86.8219007
86.55007375
86.30732483
85.81955907
86.52472159
86.65593722
86.67140771
86.63657887
85.88670583
86.38524424
86.13439559
86.05234532
85.84539721
85.35722646
84.31398119
83.68147324
83.80515613
83.22553942
83.5655661
83.57933564
83.8360161
82.63936194
83.01227352
83.96188591
83.67734238
83.34468646
83.82815936
84.35002499
84.94122431
85.59859842
86.01800246
86.29776715
85.82773979
85.90922308
86.80019342
86.80019342
86.63989976
86.50892712
85.34159398
84.26343887
84.72366555
84.23816771
84.54822539
84.41142094
85.26723845
85.47264762
84.5687987
84.72496151
84.60994533
82.92819832
84.45872337
84.30604345
85.44041069
86.26083238
85.76302295
84.63302957
82.38292447
83.02774401
82.89750034
81.73543203
80.53861587
78.03450323
78.98071373
81.13054416
80.13257639
81.42359241
81.83449173
81.14479969
81.60753729
81.75584335
81.99656733
82.18577704
82.12527205
82.12527205
81.6582416
82.18099819
83.51048794
83.58200855
83.72747971
84.16721407
83.75299386
83.3524622
83.72027095
84.19232324
83.30856166
82.41726733
82.12057421
82.05626235
82.49664469
82.66576706
83.00279684
83.49744737
84.1003103
84.37108429
84.58969601
84.27121461
85.06280126
85.24067134
85.40469088
84.67360922
84.98917471
85.51363225
85.96746014
85.70486688
85.53663549
85.68745246
86.1941716
85.36670314
85.92987739
85.35827942
84.61229426
84.87610247
85.44429856
85.73394492
86.62159437
86.53905811
86.28529356
87.30375366
86.84854881
88.02730257
87.17828883
87.17828883
86.12103103
85.73248697
85.64266096
84.95377889
85.33624816
85.4791274
86.07745448
86.79962644
86.16258265
86.47507024
86.65310232
87.11502994
87.25564126
87.10166539
86.57170003
87.23126107
87.81638559
88.45456335
88.06326537
88.044555
89.11728329
88.86570566
89.04276577
89.26081051
90.27230483
90.7899586
91.29926965
90.59702303
90.8862644
90.1290206
90.69243785
90.33791265
90.13930726
89.70718665
90.07977424
89.83038355
89.55636967
89.99626602
89.89599136
91.27011062
91.06551143
91.3217059
90.85726736
90.76055658
90.24314581
89.17608733
89.20581334
88.23157777
88.77498868
88.14758357
89.10942655
88.29710459
89.07095283
88.88951887
88.27815122
88.51660728
88.56917453
90.11387411
89.64400875
89.50858126
90.3516012
91.25796102
90.82802733
91.17080792
90.7298586
90.73625739
91.13630307
91.13630307
91.58089727
91.58089727
91.24978029
91.62026196
90.87573475
91.12496345
90.41631804
90.90286884
91.22710105
91.11832167
90.74014526
91.19381116
90.6427865
91.06761736
92.18886303
92.29108163
91.17825968
90.57410079
90.85111157
89.69171616
90.24557572
90.36302182
91.06883232
91.88901101
91.35985563
92.34186694
92.18052031
92.64528284
92.27075131
92.26548648
92.4722726
92.14390953
92.49422287
92.60122031
92.78403122
93.03909173
93.04702946
93.01463054
93.1841579
93.98141436
93.61757447
93.66657784
93.89693417
93.46084469
93.7368835
93.61514455
94.06808147
93.82120169
94.502713
94.06986341
94.06986341
93.73542555
93.53592919
94.30111072
93.72011706
94.43516125
94.88907014
94.62518093
94.9923417
94.84468362
94.9264099
95.15927715
96.20503333
96.20503333
96.20503333
96.5576146
97.28505138
97.23742497
96.73151581
97.09243979
97.37876526
97.09932456
96.21475301
95.66518631
96.23508333
95.36015046
94.84654656
94.65231502
95.5031107
95.76376002
95.7676479
96.46697861
96.37204977
97.5429468
96.95061351
96.76035085
96.71296743
96.49362673
96.87836392
96.61398872
97.36151284
97.64419342
97.687041
96.05931919
96.3263673
96.3263673
95.94640894
95.05511462
94.90421664
95.72625827
95.6533607
96.25128279
96.26173145
96.59633131
97.23491405
97.47474707
97.48543871
97.02650799
96.83170947
96.34507767
95.4789735
93.63021005
94.75996044
94.86217904
95.30766421
95.09593726
95.43871785
95.95272673
95.74585962
95.56969049
94.64850815
94.64850815
95.45742822
95.76837687
95.73290005
96.56312241
96.45944587
96.46373872
96.88079384
97.00949855
96.76934155
96.39375705
96.21629196
96.08572431
96.72430705
97.04578535
97.04578535
97.34191149
96.66534101
96.12962484
96.064746
96.84078117
96.25095881
96.85860058
97.50398709
97.60725865
97.99118587
98.16233318
97.88078655
98.04715501
98.82764503
98.76576309
97.98454409
98.71206188
98.68654772
99.06253721
98.54747535
98.40986094
99.00170823
99.7267151
99.65041564
98.91180123
98.68322684
98.8794023
99.54196025
99.35453249
99.7506903
99.88943868
100.4337406
99.25539179
99.47748639
100.8260105
100.5992181
100.6090187
100.991812
101.0174881
100.7675304
102.822513
103.8485869
103.90569
104.4018795
103.9832044
104.4728331
104.8443677
105.2968187
105.4489316
106.1391906
106.6178037
106.0834645
105.8360987
104.8714208
105.4727448
105.4727448
104.7442551
102.9503268
102.9270806
101.8954179
103.1653746
101.9184211
102.0578985
102.1456186
102.9495978
102.3755699
101.832159
102.0505277
102.1572822
101.5047679
101.3436643
101.4612724
102.493178
102.7670299
102.3346663
101.9296798
102.3187908
102.6192908
102.8108494
103.9789115
103.2517178
103.4104725
103.5385292
103.1020347
102.4820814
103.1098915
102.6290105
102.3383112
102.3907974
103.3017741
102.7734287
102.4171215
102.4793275
102.6857086
102.5326237
103.3887652
103.5252456
102.0156179
102.6595465
104.4533127
105.1098769
103.7532531
103.844456
102.944414
102.2446783
101.9759292
98.8164674
99.21967198
99.82893369
99.04836268
99.10384583
99.33995297
98.06205851
97.79177051
98.97757104
98.97757104
100.6135546
100.6135546
100.9842792
100.5057472
101.202891
101.2578071
100.5480278
101.1017253
100.5251865
99.7835752
100.5584764
101.0080924
102.4591591
101.8881281
101.71204
102.2730273
102.5379695
102.0975062
102.8622827
102.5497951
102.7508304
103.184976
104.0413605
104.1365323
102.8605818
103.093206
102.6865996
103.3744287
103.63605
103.5531897
103.3102788
103.3533694
103.4184102
103.6618881
103.7364866
103.9999708
103.6790595
104.0047497
104.0047497
104.3973436
104.415082
104.8403989
104.9609229
104.9609229
106.0764987
106.8266957
107.450132
108.080291
108.3869468
108.3869468
108.142011
107.5888804
107.5739769
107.3104926
106.4728995
105.7346091
106.3298583
106.5664514
105.6008825
105.6651944
106.3603943
107.0610209
108.1912573
108.1912573
108.1912573
108.7781638
109.1178665
108.4656762
109.0218847
109.3149329
108.382168
108.7143379
108.2290021
108.5223743
109.2424403
108.4627603
108.831379
108.682506
108.622325
109.1890631
108.3916446
108.6706804
109.3001914
110.4679295
110.9755396
110.994574
110.7668906
111.143852
112.0937074
111.0500571
111.3998845
111.534178
111.2992048
112.0215388
111.774092
111.7094562
111.5405768
111.5400908
112.2161753
111.1695282
110.872673
111.1484689
111.476022
111.7871326
112.2960387
112.465404
112.738041
113.366823
113.9423089
113.0408899
113.517397
113.5841388
114.0467144
113.81895
114.1422912
113.8209749
113.8871497
113.8871497
114.1417242
114.5021622
115.9891917
115.7460378
116.6243726
116.3239536
116.0360892
116.459948
116.7095007
117.3851802
117.3851802
118.563043
119.7009742
119.0384972
118.3678395
119.6416031
118.2369479
118.5497595
117.5152619
117.5152619
113.4153404
112.7320472
114.6366177
112.6395482
112.2142314
108.7371791
109.5203421
109.6512337
108.0537239
109.97417
109.4582171
109.3304844
106.6718289
106.6233925
108.1456558
107.6032979
107.0969837
105.5552001
102.7796655
104.7305665
104.7385043
102.8217031
102.4370469
103.5429841
107.0429585
106.427865
104.4576056
104.7837817
106.1398386
105.3415292
106.33893
106.0268474
105.6127082
107.0756005
109.6253956
109.6568225
110.2617914
108.9268748
109.8117704
109.8716274
109.5200181
108.4761248
109.0028503
107.7049495
106.2206739
103.9470796
104.5317991
104.686504
106.6485017
106.0335701
106.1686736
107.5925252
107.5538085
109.251512
108.6409543
109.4528713
109.3950392
109.6973212
109.9756279
110.5631014
110.6793325
110.752797
110.752797
109.8324247
110.0534663
109.9305934
109.4084848
109.9303504
110.7746663
111.3610058
110.604815
111.1530857
110.7867349
109.5941306
110.1472612
108.862887
110.2613864
110.9885802
111.6019728
112.077103
113.3745988
113.4088606
113.8328815
112.7592622
113.0924852
111.9819311
112.0656013
112.9572197
113.4226302
113.6610052
114.8119769
114.0757114
113.9616672
114.3673017
113.4172843
113.7739155
113.9046451
115.6052645
115.9368675
116.0199707
117.5623214
117.1562009
117.5567325
119.3236887
119.85495
118.6077535
119.9135111
119.8997415
119.797199
121.0741214
121.0954237
119.585877
119.9647014
120.9922332
122.0042945
122.3657044
122.3657044
123.7561852
125.1511207
124.662707
122.8743675
123.2466311
125.0705284
124.51189
124.0403237
124.5872985
125.5531913
125.2177815
125.7361642
125.6456093
125.7718031
126.5159253
127.2627204
128.3045077
129.1464747
127.3140727
128.80661
130.2509539
130.5968934
129.3832298
130.5608496
128.0456404
129.858441
130.3611103
130.2122372
131.0411636
133.9758579
133.3071442
133.494653
131.6635469
132.802288
133.2205581
132.2668958
133.7729597
134.8554077
136.3499699
133.1141276
133.9281505
134.0488365
135.1970543
135.1970543
135.1188109
135.9681486
136.3395213
137.520219
137.520219
137.520219
139.9161192
139.290739
139.0662145
137.278037
137.6332912
135.3345877
135.9094256
137.7792483
139.1918413
139.3537549
139.4680421
140.7101358
141.2682882
144.5273767
143.7455907
144.7266301
142.2531344
141.4369246
143.3853147
143.2751584
143.0274686
145.2533555
148.3910291
148.5873665
148.4754283
149.172491
148.2580315
148.5110671
146.0302007
144.8308736
146.5111626
150.1266393
149.3429904
149.3429904
149.3429904
152.0907429
151.7042238
152.5157358
152.4241278
149.2756006
143.1993449
142.3756833
142.0656256
137.5072594
140.582484
141.1404744
144.0911252
144.9058771
147.3765378
145.7933645
141.1109914
143.5690976
142.3180942
144.4620119
144.5860997
146.591593
149.7189799
149.024347
148.5840456
150.344441
148.783947
149.9451243
150.0193989
150.3077493
152.2576783
154.7146505
155.1271698
155.1271698
157.8682806
158.9274823
158.636945
156.3154003
156.5302051
158.4971436
158.5435551
158.03473
152.4416232
155.9386008
157.6317684
156.893883
156.2073499
158.394601
157.6810148
155.6470105
155.6470105
158.426838
160.1772707
161.9724949
161.7852292
159.9118425
160.4267424
160.9396983
159.7614305
162.5368841
161.3428219
162.4002417
163.592603
163.1857535
163.5049639
164.7422787
166.0342667
164.4485825
162.3859052
163.4555556
164.0641693
163.2437476
163.2437476
164.9248467
166.357689
165.9710078
165.7655177
164.8703355
162.1384584
164.6504278
165.334531
164.7311821
165.8225398
166.1696942
168.638411
168.8533779
168.7967608
169.4419853
168.4618369
166.9288009
164.4826824
163.2154796
164.3370492
164.8509771
164.8525161
165.8103092
164.8587529
164.613412
165.1868729
168.4969087
168.0247755
166.5833474
168.0463207
169.4998174
169.6661858
169.5637242
166.2764487
167.4286353
169.8652772
169.000307
170.4278845
168.760231
166.0814071
161.96966
163.7571895
165.1049037
159.5653361
159.2850044
159.4077153
153.4553045
152.8720429
158.637269
158.637269
155.8401891
157.2900408
157.5479362
152.2010612
145.8116699
144.998376
154.0118369
149.5072529
154.2951655
156.9769862
156.9037647
157.9640194
155.3971338
155.1244159
154.5353225
157.8276199
156.9962636
156.3405904
159.4301516
160.4209916
161.5932656
159.5398219
162.2667581
162.8138139
162.6116447
163.9973465
160.8637228
160.797872
166.7821148
164.734098
163.922181
168.3711199
167.5624428
168.9028672
172.3723867
171.8028137
174.0432801
175.7358808
173.9332048
175.5868457
177.4212726
177.2680257
179.454386
176.5917793
179.7021567
178.6977902
178.8099714
176.2146558
177.6278968
176.2037212
173.2163786
168.4195563
170.8144846
168.5539308
171.1789725
174.0903395
176.119079
174.8723685
175.0499146
174.8832221
170.5161715
168.7823432
169.7065225
168.9335652
168.9335652
165.5045444
161.6009603
159.9422975
161.6723189
159.298369
157.9475769
156.6674955
158.3990559
153.7579104
152.3777973
152.7213069
157.2095295
154.8332306
154.702015
159.4560707
161.0628952
159.8447768
160.8420156
162.6975828
161.8369054
162.720181
162.7251219
164.6252376
162.8963502
159.9263411
159.3783133
153.7502967
154.8082024
153.7080161
153.7080161
156.0373365
157.7683299
157.7683299
159.1835958
159.1887796
157.8315078
159.8706959
159.8706959
158.8740241
155.8105441
157.3395302
153.4803326
152.6313189
153.2696587
152.1642885
151.3760227
148.24248
144.9968371
140.5000288
144.6846734
143.1003662
134.1053726
132.3436003
137.578942
140.5456302
145.8572714
140.3659782
140.4904711
138.1932255
137.5809669
139.6688344
142.9105085
141.12387
135.9086966
135.9086966
135.9086966
132.7396771
135.5624331
136.5099396
141.0587482
143.1202915
142.9120475
143.49539
140.19313
141.6401468
141.783593
142.7216228
143.2811522
143.8778593
142.8731688
140.7251203
136.0692333
136.0719872
135.4552737
135.6022028
133.1014921
132.3265099
133.6336443
136.4007552
131.2264045
132.7903004
130.8218229
133.46436
133.7833274
132.9626627
132.9626627
137.9586574
141.454582
141.3577092
142.4686682
142.6083886
141.5383332
143.4345611
146.8549152
148.9432687
148.331982
149.4018754
146.8038869
144.9134098
143.6624875
146.8349899
142.8304022
143.5838391
144.8051974
146.8775944
146.6586587
148.9584962
149.6941137
149.7393912
148.6446316
148.8276855
149.3597568
148.1652896
147.2721323
147.2721323
151.1888379
151.4124715
151.185517
150.3382852
147.6175858
146.9940686
147.6766328
148.5094471
148.0513264
148.723037
150.1803405
150.1803405
148.1400184
148.1745233
146.799513
144.6016512
143.6979643
144.1789263
145.0445445
146.3856168
147.5719843
147.3148989
145.4854938
144.4052327
144.9634662
144.939572
141.9325471
139.4358052
140.1941019
139.4490077
137.4607669
140.2063325
140.0692041
140.5430383
138.2327522
138.9643199
138.0062028
137.0233005
138.4379184
138.0822592
136.7419969
135.9406905
134.2293795
134.2500338
133.0537846
133.3780168
134.9781186
132.6325177
134.4644337
133.6162299
134.9202055
134.245984
130.9683471
131.391153
133.0663392
132.0784961
135.416233
134.2268686
138.3344038
138.1379044
135.6444834
135.2032911
133.9574716
135.7043404
135.6695116
134.7317248
133.4759426
132.9360146
133.9927864
131.8956852
130.6975731
131.2619623
130.6027252
130.4980767
130.8948015
129.9899806
129.0267607
127.006121
128.3888259
126.6693342
127.4235001
127.874817
126.2858119
126.1389638
125.4620694
127.8988732
126.6075332
128.8929532
125.9880659
122.1889683
119.375689
124.7923837
123.7795934
121.7835768
117.5636173
118.8694558
114.6486863
114.1249578
112.6747821
112.5191052
119.5951917
118.4939523
115.3001477
115.3748272
113.7081457
112.0130341
109.3490328
109.9888305
109.9888305
110.1430493
107.0498433
100.8250385
101.3707984
94.67912513
97.95846296
90.71681804
96.43514667
98.65179988
94.89166206
90.35540807
87.09850649
90.22451643
89.26380741
84.15060963
80.14650792
72.64105478
72.64105478
77.03370055
76.6115426
82.10761464
80.84219376
85.77719748
83.08314616
85.37293993
83.3253281
85.7133716
86.75078507
82.7484653
81.75236046
79.84163407
79.87289903
79.96977181
77.05556982
75.96405016
73.24586165
75.86839234
74.29339977
75.96218722
78.72832613
78.82941077
79.66449297
77.27580149
74.96997025
75.23693736
75.47563642
75.93132725
75.93132725
80.8170036
83.79268254
82.61692568
80.27853353
81.84963823
82.20699833
81.82760696
82.67127487
82.55358579
79.79344068
78.65955942
79.53327734
79.53327734
78.87371629
81.33797826
81.21437637
80.73228042
80.73228042
84.11456583
88.27531631
87.55201039
85.70332794
83.71371017
82.67767366
80.97883621
80.17501897
80.17518097
77.36287359
79.13404163
79.57814984
78.82317398
78.25846078
78.19390592
76.69618478
76.69618478
76.69618478
80.90480468
80.85750225
79.82462464
77.64992803
77.84950539
77.69050768
77.49133531
78.06090835
76.33598977
77.12579448
78.08682749
76.31452549
77.7741779
76.73441551
74.59811163
75.4340848
74.43239115
72.80499332
74.79177618
73.8719708
74.00837026
74.1273553
72.57860586
69.60778676
69.8047722
70.63872044
69.28347355
68.72224324
65.92807925
67.45738934
68.21763004
67.64854298
71.46432595
72.03559993
70.52508122
71.54499927
71.85999778
72.28985047
75.60693305
77.74939272
77.25854906
80.47398002
79.693571
76.04043061
77.36173963
77.58553518
82.07319078
82.59562339
84.0312196
81.9675703
80.93461169
83.41709804
83.41709804
85.52756379
86.2182278
87.03459962
86.42404194
86.91715353
85.81737214
85.53452956
84.05543779
84.75663145
84.14307688
82.85740668
82.17751531
84.10703308
87.31703722
87.31703722
92.8716703
94.84371165
100.2889174
103.6006541
103.755359
99.67957467
100.5571805
100.5244575
97.37900825
98.40265218
100.3788244
104.595625
104.4176739
101.0116563
102.7045
103.1017917
101.4516337
104.8426668
104.0983826
105.768466
107.9928949
108.3007657
108.7011353
108.0029386
109.6782868
106.8020726
107.4553158
109.5469092
108.892451
108.3596507
105.5230441
104.2812745
103.4283729
101.9947206
103.5227347
102.5622687
101.0089024
103.4266719
104.3383776
104.9887859
104.9642437
105.4304642
106.2947054
104.9460193
104.2742277
102.4849973
102.943442
102.5002248
104.8598382
104.8686669
102.7010171
104.896854
108.6940076
109.0230996
110.4874499
111.6297548
111.4897105
111.3059276
113.0244474
115.0292117
117.3449246
119.5940577
118.2768796
120.1066896
121.356397
121.8188916
120.0801225
117.7953506
117.7723474
115.4128959
115.4128959
117.8533447
116.2867758
118.2713717
119.0193008
115.019249
116.281754
114.5517326
116.2048875
115.5078247
118.6051616
119.0573696
119.4852783
119.9314115
120.1923038
117.120886
117.6182905
116.7984358
118.0677445
119.2933957
120.4310838
121.1255547
120.2593696
121.0462584
121.0382396
118.8716428
119.1326971
120.6390849
120.9884263
119.9306825
119.9306825
121.5789776
121.3149264
120.3729278
120.2196809
118.983824
120.1605529
121.1528508
119.8615918
117.5278165
116.5766652
117.5160719
118.5657969
119.2055946
119.19466
120.5686173
120.3852394
122.1120209
122.5838302
122.3665144
122.5675497
122.6285407
121.7442121
120.8021325
121.9960328
122.1815166
121.147991
119.2626167
118.3730234
119.1927161
118.9749143
117.9161986
119.1300242
118.1115641
119.9075983
121.4251638
122.1151798
123.8450392
123.5129503
123.4154295
126.1102098
125.4965742
124.3863442
124.961263
125.3252649
127.1180592
126.043387
126.8133474
125.1243916
125.1243916
123.5845519
125.7021454
126.976152
127.7725175
126.8323818
126.944482
127.4161293
126.8371606
126.1880482
127.0542334
126.8957216
126.8808991
127.9192846
127.6301242
127.1678726
126.2108084
127.9778456
128.6852761
128.6110015
128.6110015
129.5447385
130.3779577
130.8433682
131.6111417
131.6111417
131.4314086
132.5695018
132.8901701
131.9757105
132.2113317
132.7020943
131.7341766
130.4949178
131.6104127
131.271358
131.3350219
131.361913
130.4233162
128.7305536
127.3616991
126.9919464
123.2845379
121.6228782
124.2300194
123.639468
123.5570128
122.6657185
124.9159855
123.6139539
121.0635108
121.899079
124.1396264
123.5233989
124.4155032
124.4547059
124.4547059
124.4547059
125.7414291
124.4854849
124.1366295
124.2965182
125.8118967
125.0003037
124.4784381
124.6998037
125.414524
125.1403481
125.3741063
124.7676795
125.7542266
127.3616181
127.1345017
128.2630371
128.7790709
129.0386673
128.4192809
129.6886707
131.1032886
130.8592437
130.4790424
129.227877
130.3211786
129.3851738
129.3752111
130.2337015
131.4972595
131.8988441
129.2405126
131.7482701
131.7482701
132.7976712
132.9302638
133.253929
132.3422233
132.9001328
133.4918181
132.9885008
135.9060237
135.6991566
135.2095279
133.163698
134.2185259
133.6623984
134.1444133
134.3673989
134.9428038
134.1292668
131.1670334
132.4872895
133.0919344
131.4703684
129.1771727
127.4809272
127.1637417
125.8122207
129.0841068
127.5121921
128.9304549
128.5748767
127.9139387
126.9082762
127.5515568
124.6661899
123.6919543
121.4228148
122.2366757
118.655461
120.5696702
122.5407396
122.5407396
123.0960571
120.7357147
121.5178247
124.4913977
124.9474935
122.0128802
121.9522942
121.7505299
123.2230609
124.300973
125.4623124
125.5787055
127.0087129
127.0536664
126.9576036
129.227391
128.507568
128.4320785
127.1012928
127.4736374
128.8224855
127.0868753
127.2014865
126.5229721
127.5489649
127.4927528
128.3686576
127.004663
128.9169284
130.0924422
130.3791727
130.7555671
131.8905824
131.3126666
131.9032989
131.1258868
131.5039822
130.247876
131.1092014
131.9717417
132.0743652
132.9070175
133.2939416
133.8644057
133.6033513
135.1792349
134.7657436
134.3030871
134.2639654
133.5055066
133.5055066
132.8171105
130.9825216
129.9205659
131.1531829
130.8085394
130.1932029
130.0130649
130.9053312
130.278007
129.8068457
129.4904703
129.8720486
129.888005
130.4246122
131.3820813
131.2272954
133.0359652
133.102788
133.823502
135.2876903
135.4221458
134.3810875
134.7048337
134.7048337
136.4292663
135.3909618
136.437933
136.3895776
136.6852987
136.5543261
137.0641231
137.0629082
136.7770687
137.4791533
138.1852068
137.4755894
138.2176867
137.5122002
138.9217153
139.8208664
140.2783391
141.3591672
140.1962889
139.5755255
140.0250606
139.1962962
142.0419744
141.7138543
142.6064446
141.8374562
142.2459256
141.5853116
141.3000391
141.3903511
142.2696578
141.0114457
139.2440846
139.3276738
139.6775821
141.6668759
142.1526977
142.7683582
143.8723515
143.8723515
146.3623706
147.3753229
146.0703753
146.5535242
143.8627128
143.4027291
142.295739
142.295739
142.7622024
142.025289
142.0778562
138.841123
139.1221026
140.2871678
140.0308924
140.2561459
140.192482
141.7195242
142.0766413
141.242612
141.4420274
142.1037754
142.4469609
142.8244084
141.7739543
141.7316738
141.7084275
140.0162319
139.9466552
140.5783531
139.4978491
139.9413904
139.9973595
139.5484724
139.7320933
140.5635306
141.9466406
143.1249894
143.2408155
142.2450347
143.9320465
144.0355611
144.4633888
145.7859938
145.5814756
144.0149877
144.6180937
145.1010806
145.4403783
144.5754081
144.0656111
144.8094903
144.938924
143.1113818
142.4265496
142.2868293
142.0066596
144.1136425
143.975866
144.0439038
141.7799481
141.7307828
143.2637378
143.2637378
143.2637378
142.7432491
142.3504932
140.6631573
138.5612773
137.3285793
138.5330092
137.6358021
138.2564844
137.7084567
137.7558401
136.6436661
134.3968009
133.8965616
132.4787848
134.9405358
133.6298375
136.3832598
134.3473926
134.6875813
135.4700152
135.8775126
137.9489377
137.6190357
136.8358727
135.1107922
134.9183426
131.0148395
132.1497737
130.6631492
130.5109553
132.9028867
133.9667052
134.8530587
135.7585276
136.8645458
136.3546678
136.6152361
138.4567908
138.9425316
139.7026913
140.6666402
140.4833433
141.5831247
141.8005215
142.7179779
141.3460456
140.253797
141.7175802
141.2609984
140.8758562
140.2620587
139.6103544
141.4303638
142.6688936
142.6688936
142.3626427
141.7502221
142.053719
141.9711828
141.4034727
141.4034727
139.7070652
137.9878974
137.4989977
137.0631512
138.6830972
139.6494761
140.4539413
137.9625452
139.891253
138.3055688
138.3055688
138.8066181
139.8803994
139.5173695
136.2985366
136.6831118
136.8903029
137.249607
137.938489
137.9889503
139.0100834
139.1334422
138.5046602
138.1686024
136.46612
136.7527695
136.0254137
135.7062843
134.815395
133.7006291
133.7569222
133.2122964
131.4884308
130.6343142
130.9778237
132.9484881
132.3942236
132.6693714
133.8154833
132.8511294
132.9864759
134.4284709
136.0702862
137.0199796
137.9350871
136.9647394
136.0629155
136.7833055
137.8996103
136.557566
134.6082849
135.4339714
135.2984629
135.0947547
134.5070383
135.3237341
136.8147324
137.6109359
139.1303644
138.6093087
139.3940916
140.0281385
139.4318363
139.6604107
140.9516697
139.1438099
137.0634752
135.9605349
130.3720449
125.6103754
125.6103754
122.4654931
121.5021112
123.9071641
125.2659749
123.099783
123.2277587
122.5657678
118.8213434
118.895132
120.1602289
118.0077255
119.6869616
119.1878562
121.0224452
121.0224452
124.7098474
123.79069
122.830224
119.9181279
120.3330771
122.9352775
123.6877424
121.9978957
118.5229494
118.2365429
118.9881979
120.3307282
121.2131128
119.3344614
120.4483363
120.6398949
117.6996118
117.4909627
115.410952
118.6088065
117.2369552
117.4047816
116.1728936
113.6632731
109.6875205
109.8749483
112.9306525
113.7828252
115.4156498
116.76142
118.9140044
118.2285242
118.7818978
120.0428638
117.2880645
117.7628707
116.3031373
117.1478581
119.3641874
120.1604719
120.1604719
123.6738919
125.65379
123.3592174
119.8174483
122.3239098
121.0665077
122.4866334
122.4866334
122.7227406
122.468166
119.4425928
119.5324188
122.0508679
120.9696349
120.6704309
119.3786049
117.2882265
115.6705483
116.5239359
114.7523629
114.59863
112.91664
115.4010703
114.9926009
115.8813843
118.6503581
119.5845
119.3118631
118.3952166
119.4537704
116.791146
115.2474994
115.7351842
115.1428509
114.6073777
113.2118752
114.5007043
112.5949997
112.5598469
114.9921959
114.4887977
115.2445025
115.2445025
115.0428192
114.5407169
114.8754788
113.7483203
113.7483203
115.7463618
116.6902234
116.1422766
116.3280034
115.3118923
116.9153149
118.0701744
118.143315
120.4309219
118.8305771
121.4996813
120.5870847
121.0900779
122.5941978
122.5941978
122.5941978
124.7560159
124.7851749
125.8617911
124.8290754
126.102596
125.7491238
125.953804
126.6677952
127.4164533
128.2050431
129.5359907
129.4289933
128.4344274
129.5928509
129.7133748
130.7168504
129.0444991
129.9681924
131.0558242
131.4463122
130.7708756
130.2174211
130.3124309
128.9547541
130.1656638
131.1283167
130.5078774
131.1082294
130.3259574
127.5963483
126.6344243
129.2699146
128.7573637
128.7285286
129.8240172
131.4970165
131.361994
131.331053
130.1947418
130.5619836
130.8430442
129.9842298
130.6271864
129.7601103
132.1820107
131.931243
130.8008446
131.4114023
131.3278131
131.1722983
129.6881847
129.2742075
129.2742075
128.1878716
128.9545921
127.5922985
128.957751
129.3093603
129.2917839
129.1430728
129.8696186
130.3973161
129.9748341
128.4202529
128.9548351
129.3518029
129.258413
129.5035108
129.4574234
129.4574234
130.548781
130.3759328
129.73816
126.7673409
127.15386
125.7364882
125.9920347
125.1562235
123.6561535
124.2216767
121.8963251
121.749396
119.5949487
119.9502029
121.4621795
119.4119758
119.5406805
119.5509671
120.1121975
120.6805555
120.0469946
119.94672
118.5226254
116.6165158
117.270974
119.0979492
119.3033584
118.1228227
120.3772206
120.9271923
120.7702196
120.1050697
122.230277
122.6854818
123.4944019
124.2556955
123.1146865
122.6832949
122.2616229
121.8260194
123.4172924
123.7384467
125.2569842
126.4800435
128.0245811
127.9684499
129.0091843
129.379261
127.2049693
128.8124418
129.6928015
128.5999049
129.7738798
130.2778451
130.7980097
131.1076624
132.0550879
131.5608423
129.6886707
130.5641705
130.1023239
130.6372301
130.6538345
132.2492384
132.4743299
132.6582748
132.1350322
132.5268972
132.8456216
132.5469845
132.2697307
132.2697307
132.1433749
132.7329543
133.7864862
132.6692094
132.6053026
132.5801934
132.5801934
132.7618704
132.0557359
132.3442483
131.8543766
131.601908
131.4564368
131.8036723
130.3452348
130.9643782
130.6350432
130.2959074
129.4839905
129.3058774
130.5621456
130.5837719
130.9159418
131.7019396
131.8461148
133.5566159
134.0057459
133.3217237
133.6318624
133.1066759
134.0783195
132.9601518
133.1372929
131.990371
132.4578875
132.6059505
132.560916
132.9558589
132.4554576
133.1210124
133.674305
132.5460935
132.2361169
131.1160051
130.6735169
130.8368074
131.0816623
131.4964495
131.8766508
132.4613704
131.8012423
131.4976644
131.3234392
130.640875
131.2224356
131.2224356
129.7254434
129.7965591
129.8313069
129.1490666
129.7432628
129.7531445
129.2060077
130.2535459
128.8150337
128.2789936
128.5229575
128.5229575
127.486678
125.592151
125.4235147
125.6945316
126.1442287
126.3563606
127.606554
127.7998135
128.2909002
128.9472213
129.4242955
131.0507213
131.9749006
131.390748
131.451901
132.1074931
132.1051442
133.5025097
133.3987522
133.4145466
134.7031327
135.026555
135.6483713
135.1821508
135.1684622
135.477305
136.016018
135.4279776
135.4415851
135.4415851
135.9643417
135.9164723
136.3594466
135.5987199
135.5987199
137.0850204
137.8983954
137.7435285
137.0709269
136.4853974
137.3793646
138.028072
137.7383447
136.6898346
136.2678386
136.8256671
136.4202756
137.0309952
137.2445851
136.8976737
137.1635068
137.6663381
138.148272
138.3342419
138.2123409
139.1770998
139.2485394
139.622099
140.0977151
139.3654995
139.5108897
139.0078964
139.531868
139.531868
139.531868
140.6689891
140.1382138
139.8825053
140.0077271
140.5397174
141.2485248
140.2847379
140.0841886
140.0146929
138.5277444
138.660904
139.259879
138.9432606
137.6233285
138.509196
140.0606994
140.1864072
139.740193
139.8289661
140.5977925
140.0977151
140.2044696
140.3247506
139.1810687
139.6289838
138.7106363
139.7335513
139.2818293
139.922842
140.5634496
141.7439043
141.5041523
141.5041523
141.1809731
141.6770006
142.0570399
141.5894425
141.1667986
140.6265465
141.3276592
141.3387558
141.8419921
141.2938023
140.6864035
140.7572762
140.7546033
141.3488805
141.3868682
141.1130973
139.5841922
141.4041207
142.6010988
143.1632201
143.8932488
144.367569
144.367569
145.7211959
144.0328881
144.4842861
144.5118252
145.6724356
146.4942342
146.8328029
146.0643005
146.5382967
146.6785841
146.5863281
146.6665155
147.1489354
146.3861838
146.9183361
143.8118465
143.8118465
143.7250174
144.036047
142.2373399
140.9194328
139.740679
138.9641579
139.6618687
137.8209619
135.5271993
135.1998082
135.5837354
134.9531714
133.5566159
132.6929417
134.5060663
134.876305
136.8012869
136.077738
132.4303484
132.1256365
129.5318599
131.0079547
131.8537286
132.2140046
133.5472202
132.7310104
134.3714488
132.2604161
133.1691248
134.2284075
133.3008264
134.2902085
135.2694659
138.509844
137.6935532
137.9901653
137.8068684
137.1505473
137.7747125
137.459552
138.6509413
139.7289344
140.7542793
139.232259
139.6852769
139.4033253
139.652959
138.7951165
139.951272
140.4729757
139.8543992
138.7743812
139.0414293
139.0414293
139.0414293
138.9585691
139.4315123
139.3335866
138.0339039
137.037232
136.347378
134.2541647
133.2398354
132.0452062
132.0550879
132.0864338
130.4313349
129.4028312
130.2630225
130.0569654
131.3436076
131.2162798
129.318918
130.3880014
130.9350572
132.6642686
133.5263229
133.6372892
134.4110565
134.4462093
136.8388696
136.8969447
137.2445851
139.2275611
138.9482824
138.3186904
138.0625769
138.1900667
137.817965
138.2189827
136.3995403
136.9455431
135.9747094
135.8101229
135.6091686
135.5024141
135.9535691
136.2301749
136.8203213
137.2149401
136.7871124
136.7871124
137.3891653
137.8131052
138.329544
138.6984867
139.3268638
138.9963138
139.7606044
139.0126753
139.1135169
139.3584528
140.5326707
139.5985288
139.0122703
139.0954545
139.232016
139.500765
139.3876928
138.4874078
138.6651158
138.3680987
137.8076784
138.8545685
139.4390451
139.5465285
138.9558962
138.6702997
138.0562591
138.3377247
138.7396334
138.7097454
138.781914
139.3429823
138.8517336
139.1184577
138.5278254
137.3949161
135.6881409
135.3473853
135.4104822
134.0305311
132.9183571
133.2378105
133.2689945
132.712462
133.3589015
132.9895538
133.0179028
134.3102958
135.2440327
135.9233571
135.9233571
136.2522872
136.9225398
136.8540161
137.5835588
137.5835588
137.5160071
135.5682649
135.2784566
134.8699872
136.0870527
135.8089079
135.6449694
135.2548864
134.4877609
134.9381869
134.7711705
134.7104225
134.1681455
134.1640147
134.3989879
132.9923077
131.9650189
130.9210446
131.6122756
131.03031
129.9974324
129.9974324
128.7440801
127.5248277
127.425525
128.657656
129.7645651
130.0258624
130.5871738
130.6513236
130.8129132
130.8632936
132.1757739
132.1626523
132.7706181
132.7754779
133.163536
