100
99.32806498
98.37326788
98.13222977
98.34850369
97.5373389
96.7118659
96.00636165
97.18183519
96.75479049
95.57931695
93.93827663
93.8975533
92.45627745
92.10352532
90.81083461
90.72278416
89.96995278
88.07851899
88.13465116
86.67851679
85.85304379
87.87270106
89.81806575
91.41563116
91.41287958
89.31948006
88.78677482
90.12899391
89.77349021
89.37671286
88.85941645
88.83080005
88.03339313
87.49353379
87.44180415
87.43685132
87.49133253
88.16767007
88.78017104
87.95910056
87.89471367
89.78889904
90.2109909
90.03103778
90.47844415
90.99188835
90.78441947
90.15430842
90.19998459
90.6848124
91.31602408
91.30061525
91.32482913
91.75682666
91.83221986
91.83221986
90.87632213
90.53622726
90.03929251
89.30737312
89.52309673
89.49723191
89.88025138
91.05847651
91.74967256
93.06932873
93.37475373
93.52609045
93.37805563
92.33410744
91.4602067
91.53504958
91.58072576
91.58072576
91.58072576
92.51075866
93.2872536
92.88332214
92.97962733
93.39841729
93.93057222
93.89315078
93.89315078
94.21838714
94.21838714
95.59252452
97.36674114
97.47405263
96.79056099
96.09276115
95.65195857
95.55895528
96.32334328
96.40699121
95.95022948
95.56225717
95.41532298
95.12090428
94.15014803
94.03788371
94.2315947
94.23269533
94.10777375
94.20517957
93.79629528
93.37035121
93.26964351
93.81610663
94.47978692
94.55628075
94.98387576
94.77585657
93.76217573
92.68245705
92.17176442
91.99071068
92.14920149
92.65714254
92.65714254
93.50187658
94.54857633
94.3069879
94.15895308
94.0483397
94.29708223
94.16170466
93.3808072
92.78866791
92.28733064
91.22577237
91.95824207
91.69078882
91.77553738
93.11555521
93.11995774
92.53772412
93.13756783
93.55745842
93.16013075
93.55965968
94.47373345
94.03568245
93.00053931
92.56028704
92.54818011
92.55643484
92.39189055
92.57899777
92.47058565
93.11170301
93.18049242
94.72742882
94.75109238
94.85069945
95.24142334
96.02397174
96.02397174
96.05478939
95.60463145
95.13686342
96.14173922
95.54959992
95.8896948
95.77412858
95.85337398
95.64040195
95.40376636
95.58702136
95.33222537
95.01579405
95.07247653
94.69055769
94.64763309
94.69551053
94.20352862
93.87168848
94.39008552
95.07192621
95.5022728
95.84456894
96.148343
96.54567067
96.89787248
96.93254235
96.65298216
96.67499477
96.43780886
96.55612666
96.59960157
96.59960157
96.67004193
96.19897201
96.03167615
96.4356076
96.2451985
96.18136192
96.54897256
97.46909979
97.84496517
98.49103536
97.37389524
97.89779544
98.49543789
98.71941623
98.72381875
98.99402358
100.1986638
99.74575432
99.18388236
99.18828489
98.84653907
99.6912731
99.04630353
97.78057827
97.5230307
98.3523559
98.3523559
98.78105154
99.01933808
99.90479545
100.9801116
101.2569202
101.5535402
101.8688709
102.1451292
101.7780688
101.3603795
102.0631322
102.6519696
103.2375051
102.8748473
101.8991382
100.6983502
100.9949701
100.3544031
101.7268895
101.2778322
100.9938695
100.7000011
100.9157247
102.0510252
104.0404152
105.9445062
105.3209989
105.8129808
106.6324004
105.9742232
105.3969424
104.7635295
105.6528391
104.8416743
105.3243008
106.104648
106.0276038
106.0276038
106.0276038
105.574144
105.1663603
104.9484355
104.9484355
105.2345994
108.640501
109.8616507
110.6524539
112.0689655
112.239013
111.9583521
112.3243118
113.9994717
113.9460911
115.6713297
115.9376823
115.3637034
115.1947566
116.5799003
116.8121334
116.4835951
116.516614
116.6668501
115.9255754
115.5122885
114.3307615
115.1859516
116.9854827
115.8964086
115.1887031
116.211189
114.4270667
113.7628361
112.3688874
111.890113
112.7133848
114.2982929
114.0594561
112.6886206
111.5175496
109.9838207
112.4883058
112.8339038
113.3825682
111.6853957
111.4806784
111.5169992
111.748682
112.0810725
110.9721871
111.6111032
111.5032414
111.7872041
109.0625929
111.3337442
111.371716
111.5324081
112.2395633
111.289719
111.2099233
110.8489164
110.8489164
111.6094522
112.8366554
112.755759
112.8520642
111.6061503
112.1146417
110.9248599
110.6860231
110.2155035
110.5445921
110.5445921
110.5445921
110.4576422
109.7433329
110.0080346
110.7509603
111.6897983
113.6170025
114.3990006
114.7781679
116.5199159
118.767954
117.209461
116.0626039
117.3068668
117.1868981
115.4490023
116.598611
116.598611
117.2204673
115.8523834
114.9845361
115.3895682
113.4926313
111.5940434
112.9852405
113.7100058
114.7165326
114.4490793
113.6725844
112.6071739
111.1851591
110.8070925
110.6953785
110.6733658
111.4294991
111.7734462
113.0391714
113.4458545
113.216373
114.5552902
114.4424755
114.734693
113.9868144
114.2118934
113.7980563
114.0440472
112.8718756
113.6885435
114.3103999
113.8993143
113.8993143
114.1309971
115.2453856
114.5030102
114.6251802
114.5343782
115.2629957
115.7230593
115.4704646
114.4848498
113.7424744
114.5316266
114.9806839
115.2288761
115.029662
114.5211706
115.2448353
115.6124459
114.6295828
113.0254136
113.2218761
110.0531605
111.1653477
111.6931001
113.2664517
112.4750982
112.3463244
109.8655029
110.5011171
110.2523746
110.6128312
110.0410535
109.3069329
109.3614141
110.8406617
112.3287144
111.8950659
111.0272186
109.9452987
109.9452987
109.9706132
110.3591358
108.9849984
107.6895561
106.9136115
106.9141618
105.4871942
104.8372718
106.1073995
107.8513488
107.6070088
108.8298095
110.0927832
110.2083494
109.8544966
110.9226587
110.2776891
111.7519839
112.1432581
112.1559153
112.6660577
111.8251758
111.7349241
112.3589817
112.970382
114.1458556
114.418812
113.29837
113.5927887
113.7017511
113.2504925
113.2504925
114.0633083
113.3407442
113.092552
111.870852
112.450334
114.4177113
114.602067
114.8684196
115.1754956
115.2861089
115.5040338
114.9663757
115.3229801
115.4352444
115.2943637
114.113387
113.8596916
113.6313107
113.7144084
114.0567045
114.2284029
113.8695973
113.1679452
112.593416
110.555048
111.2798133
113.3022222
113.4034802
113.0633853
112.5350826
111.5494678
110.2358652
110.0305975
108.7340546
109.5875937
109.4610212
110.6150324
111.5164489
113.0853979
112.0084308
111.5835874
109.9348427
108.9343694
108.4451391
109.0950615
109.6695907
109.0752501
108.9783946
108.9283159
109.1418383
109.445062
109.568883
107.1056715
107.3478103
108.4759567
107.8821665
107.0445865
104.6809822
104.6809822
102.7108533
103.7845185
105.0260299
106.5553562
106.5861739
106.4507963
106.4507963
106.4507963
106.7705295
107.4974961
107.5971031
107.5971031
106.6610168
106.4298843
106.0952926
107.1040206
107.856852
108.0224969
108.2778432
109.9480502
109.7829556
109.518254
109.9997799
110.0553617
109.8902671
109.1418383
109.5655811
109.1776088
108.7043376
108.7450609
109.5006439
108.5568531
107.9625125
108.4368843
109.3597631
110.4081138
111.4427067
112.511419
112.9362625
114.3659817
114.5217209
114.1574122
115.2800555
114.6268312
114.9652751
116.2155915
116.3118967
116.2689721
116.6294287
117.1599326
117.8329683
117.5446031
117.2056088
116.09067
116.3355603
115.8441287
114.7385452
115.1611874
114.977382
115.8991602
117.1841465
117.239178
117.2953102
116.1390977
116.0108742
115.5805276
115.5838295
115.7247103
115.7247103
115.5662194
115.6173988
115.0280111
115.478169
115.478169
115.478169
113.0633853
113.6764366
114.0902737
115.0302123
116.4197585
115.6190497
115.6674775
115.4330431
115.0065488
114.3258087
114.9008882
114.5151172
114.214645
114.7132307
114.7726647
115.2756529
115.4710149
115.6096944
115.3328857
115.3328857
115.8859527
116.2078871
116.2078871
116.6800577
117.4532507
117.7724336
116.7350892
116.7350892
116.8468032
116.8798221
116.9821808
117.4504991
116.6288783
116.5369757
115.7098517
115.6471158
116.0923209
115.3092222
114.7187338
114.7550546
114.602067
114.0423963
114.8309982
113.8393299
114.4655888
115.1408257
116.1787204
116.7978252
117.5941314
118.1433461
117.8538803
118.2027802
118.3777805
118.3535666
118.3535666
117.2898071
117.3806091
117.4114267
116.8484542
118.5659883
119.1421685
119.328175
119.9164621
120.0056132
120.0177202
120.0843083
120.1321857
120.2196859
119.4751092
117.809855
118.4069472
118.3557679
119.1641811
119.3512883
119.9874528
120.2840728
121.2119044
121.8508205
121.8332104
121.8222041
121.5486974
121.9757421
121.7908361
122.2674092
123.3884016
122.9079763
123.0604136
123.0273947
122.5145008
121.926764
122.9453977
124.281013
125.6507479
124.7751962
124.4174912
123.8693772
122.8766083
122.8705548
121.427628
120.2070286
120.705064
121.0919357
121.6246409
119.797594
120.6340733
120.511353
120.7986176
120.9538065
119.6880813
118.9429543
119.0475142
119.6220434
120.1068712
121.2812442
120.9147341
119.848223
118.5979066
116.2260475
116.3586735
116.4307648
116.0081227
117.160483
116.9623694
116.3795855
116.2370538
114.6829633
114.6829633
115.6531693
115.9574936
115.5155904
116.2629187
116.4687366
117.6904366
118.3783308
118.7299823
119.0029387
119.8223582
119.3122159
119.0755803
120.0254246
119.8713363
119.3292757
120.3726735
118.8659102
119.6347007
121.0198444
121.3461814
115.5722729
117.1368194
110.7625169
98.03317301
104.8785454
102.109909
106.7380609
109.7048109
110.2276104
110.7019822
110.260079
106.4161264
108.1672298
108.8077969
106.5773688
105.9285471
103.748748
104.6364067
104.584677
104.2176167
104.5153373
104.4470982
104.3309817
103.7548015
103.0503979
103.6375843
102.5110889
102.1456795
102.5507116
102.0554278
101.6184774
99.65935481
99.46124129
99.69787688
98.78380312
96.14724237
95.96288673
98.18175815
98.18175815
100.3329408
100.2696545
97.93576719
97.8999967
99.2031434
98.99292294
98.99292294
98.99292294
99.33191719
99.90864766
100.0957549
100.0957549
100.0957549
99.96973266
99.05455826
97.74755935
97.62043651
96.44001013
89.39322232
91.20706165
93.15627855
93.06052368
94.40494403
95.47310609
96.90667753
97.73435178
97.61878556
97.06791992
98.26870797
98.94174362
101.6360875
105.1988289
105.8338928
107.5035495
105.8757168
104.4382931
106.4298843
106.7903409
107.6097604
107.5574804
107.4088953
106.2917552
105.9676194
106.5360952
107.5651849
107.9966321
107.9471037
107.5976535
107.4149488
106.3104659
107.9460031
109.3625147
111.0393255
112.3523779
111.3854739
109.5105495
106.5691141
107.4501689
109.0103129
109.9408961
112.5565449
113.6285592
113.9235282
115.5161407
115.7445216
114.1524594
114.8420045
113.8784023
113.4876784
114.5745512
115.5612666
116.1704657
118.5082052
119.420628
120.2571073
122.5156014
123.7163895
124.6023972
126.6748847
127.2064893
126.9874638
126.8075107
126.8075107
126.8075107
128.9317279
132.2853495
131.9766226
131.8236349
134.909253
133.2693133
133.1922692
132.6111362
131.8175815
131.8175815
129.4116028
130.1171071
131.2711184
131.2711184
131.6480844
128.8849511
128.6939917
127.4915527
128.1409247
129.4875464
125.8141915
126.1900569
126.1355757
126.7095546
126.7018502
127.6951693
126.7326678
126.9698537
125.902242
123.0477564
120.5438216
114.3736861
114.6592998
117.7878424
115.7527763
116.6569444
116.9568663
115.4357947
115.1804484
114.1491575
112.9307593
109.141288
107.570688
104.5813751
101.7241379
101.7241379
106.1426197
106.6010324
103.8973332
100.010456
101.9728805
105.9797264
106.532243
105.2588133
102.0983524
102.720759
103.4279142
105.4602287
106.9515833
108.9938034
111.0971086
110.2925476
108.8809888
108.3372773
108.0202956
109.5160527
112.0133837
112.8735265
113.3418449
111.2473447
109.9524528
107.9509559
105.9797264
103.9611698
102.1533839
102.0273617
103.0856181
105.4574771
105.2555114
103.1175363
104.0018931
101.2139956
99.66926049
97.66060953
97.66060953
91.65832022
92.4006956
89.48402435
91.51743949
89.95234269
91.97640248
93.60588617
91.95438987
87.29542028
85.77104681
85.55697415
80.02245287
77.75240213
76.30672375
76.1718965
75.74595243
77.25766864
75.51647094
76.7464257
79.79682358
81.87976711
80.19635251
77.90649042
75.94076406
76.74587539
77.94391186
80.78739118
79.09131933
78.67913314
77.15861188
79.65429191
82.16428013
82.16428013
83.39533553
85.49478851
83.82238022
81.44391736
78.87119319
79.8441507
80.58267387
81.6965121
82.05476738
79.64383592
80.30916715
82.30846275
81.5853484
83.26986363
85.07324697
90.5808028
89.27545484
91.65556864
90.65179348
89.59904025
88.80438491
89.00304875
91.09369669
90.8570611
91.63135477
92.77601065
94.63442553
94.43631201
96.70030928
96.13843732
95.9760943
94.65038467
92.38198488
93.07152999
91.6506158
91.97255027
92.3253024
92.17561663
91.99346225
92.9856808
93.32522535
94.21948777
93.32357441
92.15525496
92.14149708
91.11240741
90.34471752
86.4633435
86.09628317
84.41506984
82.40421762
82.47245672
81.69376052
82.19344685
82.94297633
82.49226807
81.21993903
81.73008134
81.73008134
80.9822028
80.03290886
80.74831879
80.62449784
80.53644738
81.49509669
81.49509669
83.55822887
84.45524285
85.17615594
84.8877907
84.8877907
84.65500732
85.19046414
90.45973343
91.22247048
93.35879459
94.02907866
94.32569863
89.94794017
90.13614801
89.35525056
91.1085552
91.91091495
91.2054107
90.53622726
88.66845703
88.4054063
88.44227742
90.51531528
91.38536381
92.13819519
92.34016091
91.93457851
91.43654314
92.39739371
93.44574441
94.6261708
93.78914118
92.2642174
92.98788206
93.73300901
93.16013075
92.88222151
92.57349461
93.27624729
93.11225332
93.71649955
94.70266463
94.55022728
94.48804165
93.69338631
94.27121741
94.68175264
96.78670878
97.9610817
99.74135179
100.8183189
100.9960707
100.9223285
102.956294
103.251263
102.0306636
103.2226466
103.1962314
102.7059005
104.1757927
104.1757927
103.5605402
102.2348306
103.2793291
101.9117955
101.1364012
101.2343573
100.1970129
100.3742144
100.3742144
100.3742144
100.0897014
99.58341129
99.09253002
100.4424535
101.3422191
103.3486688
104.3397867
106.410073
109.0989137
110.8984448
109.5265087
106.9647908
106.3792553
106.5454505
106.9004039
106.9004039
108.3196672
109.0791023
110.6315419
109.8886162
110.0625158
108.5012712
109.4219488
108.6080324
107.9184873
108.1132989
106.1904972
106.1778399
105.3512663
103.6034648
103.2919863
102.4791706
102.5441078
103.1764201
102.7834949
101.488603
101.1083351
99.97633644
100.0269655
100.3687113
103.5809019
103.5809019
105.6269743
106.043563
107.6835026
107.9245408
108.3152646
107.7214744
108.6476551
108.5056738
108.7621207
108.7621207
109.1357848
109.5804396
111.6105528
111.9765125
111.7404273
110.9837437
110.179733
111.1009609
110.8659762
112.116843
114.7776176
115.7219587
117.7141002
116.7653565
115.3015178
115.0797407
114.806234
115.9239244
113.5575685
114.2201481
113.8943615
112.8223472
113.2471906
112.1482109
111.6347667
111.7839022
112.095931
110.4592932
110.7322496
111.0943571
110.1015882
110.7283974
109.7846066
110.4758026
111.8345312
111.0310708
110.4592932
110.4592932
109.4918388
110.1670757
111.443257
111.4008827
111.2220302
111.2297346
111.7624399
110.8241522
110.5181769
110.413617
109.9001728
110.1505663
109.4164456
109.333348
109.1209263
107.7996192
108.5524506
107.5035495
107.5860968
107.5371188
107.0913634
105.5823987
104.6408092
104.2517362
104.0134497
106.225167
106.9317719
105.2511089
104.6380576
104.3133716
103.3767349
102.7163565
102.9854607
102.9854607
104.7040954
107.528864
107.4622759
107.336804
108.5557524
112.4057585
113.2152724
112.961577
115.5546628
117.3090681
118.228645
117.7515216
115.5271471
114.1887802
110.3354722
110.4070132
112.2786357
111.9754119
109.4626721
111.2655051
111.464169
112.3369691
112.0420001
113.3858701
114.5129159
114.4474284
113.9670031
113.4860275
115.4534048
116.2546639
116.9805298
119.1388666
117.6409082
117.8164588
117.2292724
119.013945
119.9175628
119.2753448
119.3600933
120.8217309
120.582894
120.9906777
120.5900481
120.0810064
121.6972825
121.4639488
120.6692935
121.8937451
123.1616716
123.2040459
123.8556193
124.7812497
126.6501205
127.9174967
128.5415543
130.0356604
129.4182066
130.0202516
130.0202516
132.3623937
136.518375
135.8266287
135.6241126
134.8068944
135.2851184
135.2851184
135.3192379
136.3235634
136.3235634
136.3235634
136.3235634
134.9296147
133.5164049
132.9187625
137.3174329
143.7737323
144.9701179
144.1655569
144.9585613
147.25998
151.3080995
150.6312117
149.2603762
148.8751555
147.0706715
146.4284535
141.9147672
139.2341812
139.2479391
137.0015519
135.9157797
141.4007726
142.2570633
143.713748
140.963272
143.6955876
144.7202747
146.8186271
144.7989698
143.6686221
142.1178335
140.6099695
138.1654688
140.1234908
140.1746701
137.6899964
134.5311864
136.1733273
136.6355922
135.6466755
133.1939201
132.8692341
135.2498982
132.5687619
130.9811022
132.0068899
133.1631025
133.1575993
132.5373939
132.6887306
128.9064134
132.6182903
132.1923462
132.2798464
133.0695489
132.178038
132.178038
133.258307
134.8575234
136.3929031
137.1743509
134.6065796
134.8085453
131.5869994
130.0983964
131.7686034
131.3707254
125.9952453
128.6362085
128.2498872
128.193755
124.9617531
123.6376944
118.862058
115.1155112
105.7904179
111.4762759
114.7875233
117.6183453
117.6183453
117.6183453
120.8211805
122.5134002
122.5089977
122.1826607
122.1826607
121.9102546
121.9839968
121.2674863
120.2752677
120.5421707
122.5365134
122.8314824
121.7787292
121.8959464
122.7924101
124.6717369
122.8810108
121.7952387
118.6276236
116.8231397
116.6718029
115.0131525
118.696413
118.1246354
119.8696853
121.5145779
121.917959
122.1089184
124.4648183
124.5902902
126.2071167
127.0281872
127.6929681
128.1651386
129.7274838
128.6494161
128.0341636
126.8592403
126.8592403
127.2725272
127.9939906
126.4305447
125.6325875
125.0971307
126.3116766
126.382117
126.2049154
125.3854959
125.8527136
125.668358
126.3023212
126.6435167
125.5792069
124.5418625
125.4333733
124.9309354
126.4756706
127.4343199
129.3268543
129.4303136
128.9741022
129.8171852
128.9306272
129.4325148
129.1689138
128.2663966
128.0677328
127.6891159
126.972055
126.3661578
126.6572746
128.1695411
127.4772445
128.0193051
128.7237087
129.2470586
129.2470586
131.9694685
132.0833838
133.5681345
133.0601935
134.3347238
133.6017038
133.3727726
134.7353534
135.9311886
135.2873196
135.6395214
135.4584677
135.9779654
137.3311908
137.3493512
139.6348107
140.6154727
142.3753811
140.7051741
140.1185379
139.5748264
138.8120893
138.2039909
137.2657032
137.8242733
138.403205
137.3344927
136.591567
134.5421927
134.2758401
132.1252077
130.8974542
130.8974542
132.118604
133.7227731
135.052335
135.3324455
136.1463619
136.762715
135.4722256
133.7750531
133.5857446
132.7211992
131.7383361
129.3829865
128.4144315
128.3869157
130.0224529
128.7809415
124.5891896
128.6378595
130.1853462
130.3185225
129.9729245
127.4508293
126.8630926
126.6297589
126.4349472
129.9112892
132.4146736
136.1755286
135.2003698
134.2785916
134.8971461
134.9890487
133.1509955
130.8138063
129.0340865
131.8472985
132.1923462
130.7912434
130.0125472
129.1144326
129.0825143
126.5626204
124.7471301
125.7663141
128.0980002
128.2939124
128.6202494
123.7725217
124.2221293
125.4961093
125.4961093
130.0213522
128.9564921
131.3866846
134.3044565
133.8493457
132.6061833
130.8248126
129.4027978
131.2881781
131.7251285
131.2436026
130.3779566
133.553276
133.553276
133.553276
134.6368469
135.8541444
134.7403062
134.7403062
132.7586207
129.9156917
135.1601968
135.5371628
135.0886558
134.8927435
136.1650726
137.8198708
139.1835522
141.0276588
139.2963668
140.6418878
140.7502999
141.2956624
139.3569015
139.911069
140.9858349
142.846451
143.008794
145.0135928
146.6711426
146.5841927
150.4127365
149.9229559
149.4370274
150.1854563
148.6368689
149.6274365
149.4986627
150.5750795
151.120442
148.6280639
150.3588056
149.2069956
149.6290875
149.3137568
147.4410337
147.0426054
145.3801028
146.2776671
147.727748
146.1004656
145.3261719
144.3510131
144.6569885
146.6777463
146.4647743
145.8528237
145.1495207
143.4094236
142.2741231
137.7554839
136.6372431
134.4337806
135.5107477
136.3224628
136.3224628
133.5703358
134.5405417
136.6873218
135.9482483
133.8212796
132.3029596
129.0935206
127.7529524
125.6645058
126.3914723
130.1055505
128.246035
130.1853462
132.3535886
135.9014715
136.069868
136.069868
136.069868
136.5068184
139.4587098
140.33151
139.6337101
137.8578425
138.9210518
139.6705812
140.4344189
140.4344189
144.0598963
144.0598963
143.0847376
142.2906325
142.4331642
143.8337167
143.1166558
143.1436213
144.3708245
144.0059654
143.8155563
144.6834036
147.6006252
150.2889155
150.1513367
152.628306
152.088997
150.6312117
150.6950483
149.4298733
151.1198917
150.500787
151.1754735
152.5474097
149.8833331
149.8734275
150.5481141
149.5652509
148.9444952
148.8503913
149.0677658
147.9077011
147.8053425
146.4928404
145.1049451
144.4797869
147.685924
146.2204343
147.4289268
147.0255456
148.6825451
147.7200436
147.931915
147.2121025
147.2902473
147.4393828
144.4588749
141.67538
139.7058014
138.7911773
138.7994321
139.6887416
139.5396062
140.879624
141.9879591
141.8652388
138.2034406
135.2614548
137.8908615
136.2283588
135.633468
133.6633391
132.0861354
131.2799234
131.9936824
133.5224584
133.2153824
135.3676657
138.9034417
137.9959717
136.6025733
133.7618455
131.6469837
131.6469837
131.3657726
132.596828
133.9896761
134.2510759
134.7551647
134.9411713
134.3688433
134.9918003
137.4610652
138.2133462
139.8703457
142.8943285
142.7028187
142.0639026
141.1421244
141.5047822
140.1438524
140.1807236
140.931904
139.7586317
137.7488801
136.4765511
133.4641249
128.0693838
130.5193876
128.5778751
125.8296004
125.116942
124.8709511
119.766226
116.0449938
116.0449938
121.9449244
123.9750377
125.0806212
127.2494139
126.8873064
128.2207205
129.5733956
135.0578381
134.1608242
135.6846473
135.1464389
133.8377891
135.909176
135.8998206
134.0491101
137.4737224
137.9106728
135.0903067
134.7903849
136.192038
136.2679816
135.877808
135.9642075
136.193689
136.8854354
134.8151491
135.6565812
137.0164104
138.7278911
139.4488042
137.6740372
138.3509251
138.3586295
138.4147617
140.2385067
142.7006175
146.4091925
148.8476397
147.2737379
150.3329408
149.3885997
149.6764146
148.4492114
148.9433946
150.7753943
150.0886008
149.1563666
148.5625764
151.8754746
154.1807456
156.2912049
159.6343705
163.1464829
162.7210892
163.4623639
159.2876718
158.6834256
160.7471081
169.7750311
169.7750311
171.2025491
173.0229922
178.7534257
169.8883961
167.4934237
167.4934237
167.4934237
167.0757344
169.2714926
170.2152834
170.2152834
174.0179623
175.8196947
176.9654512
176.3512993
176.483375
175.3937506
178.0385661
178.8381743
175.0652124
176.3848685
173.8088425
171.214656
169.6402038
168.6496362
170.2191356
168.4531737
169.2329705
166.9728254
168.9561619
167.9958616
166.3118967
169.0128444
173.6685121
174.0421762
174.199016
176.9676525
175.7861254
176.2450884
177.3897443
178.3726075
180.1462738
184.7414068
183.6848014
182.6138878
179.9327515
175.9611257
173.0196903
174.6029475
177.6076692
178.6890388
180.8347183
177.9752798
176.7788943
177.4139582
179.0060204
178.214667
179.9426571
182.3585414
180.5469034
179.7456443
180.2998118
180.495724
180.6679727
183.0684482
183.1185269
181.2204893
181.2204893
179.865613
179.7142763
179.9145911
179.2487095
178.5558625
178.5558625
178.5558625
184.0204937
182.6375513
184.1316574
184.8531208
182.1362141
182.6535105
182.5362933
182.453746
180.8897498
181.3866846
184.1008398
186.6609067
186.2762363
186.5739569
186.274035
183.5175055
182.9435266
184.2279626
182.1197046
181.6722982
181.3085398
181.3085398
181.3789802
183.005162
186.2190035
186.8089415
190.2473117
189.1400773
189.5748264
189.5335527
191.2505366
189.9121697
189.5197948
187.8963646
188.6024192
190.5747493
192.8855234
189.9226257
191.0315111
188.5127178
188.1142895
187.4709709
183.8785124
183.2561057
187.2018667
187.8143676
185.837635
182.9171115
182.057519
181.3910871
180.6129412
183.4162475
179.4517759
179.3994959
179.3994959
178.3329848
177.6593988
178.3307835
178.1073555
177.2725272
174.2314846
170.1184279
171.4567947
173.7450059
171.9273144
171.835962
167.4130777
168.4944473
171.1062439
172.3097835
170.9862751
167.8962546
165.7632323
165.1281684
165.3328857
165.7786412
166.8203881
168.4119
166.1853242
160.5616518
155.8927766
151.7158832
155.4690338
151.4709929
148.6610828
152.0196573
145.0763287
145.8291601
143.4985747
140.1955821
143.3802569
145.801094
147.4696501
147.4696501
147.6534554
148.7480326
147.6881253
149.654402
148.0309717
148.2428431
149.0325456
152.1049561
154.3485917
155.0007154
152.0774404
155.2577127
154.2225695
152.8082591
153.6662007
154.9864072
150.8337277
149.5333326
147.9704371
150.5437115
153.0839671
156.8305139
158.5772147
155.9841289
154.1433241
155.766204
155.4112506
152.7251615
150.6730356
153.2540146
152.2507897
152.2507897
152.4846737
154.9060612
156.3715509
153.057552
154.6787809
154.3904157
153.8549589
155.4910464
150.999923
150.6334129
148.0601385
147.1565207
151.2327063
151.1529106
155.1355427
152.7240609
153.9864843
153.5110118
152.7900987
155.4679331
154.7283093
155.9417546
153.6012635
153.178071
149.3715399
149.8530658
151.2343573
155.2021308
152.9370329
154.1108555
155.4767382
156.8261114
156.1409688
156.5421487
156.2383746
155.9610157
156.1272109
155.8641602
158.5353908
157.0121179
157.1507974
157.9856258
157.0038632
153.5533861
148.6550293
150.151887
151.3014958
153.3673795
154.4856203
153.7806663
153.2270491
151.8358519
149.2592756
149.9691823
146.5946487
144.6608407
144.6377274
145.628295
145.628295
152.9425361
152.6717809
152.6079444
150.7319194
151.6575498
151.0120299
151.0120299
151.0120299
151.7411977
151.4693419
150.0852989
150.0852989
149.9334118
150.5139945
150.2118714
151.2194988
151.3823921
151.315804
150.3973277
154.4041736
155.1636087
155.5246156
154.0068459
155.2951341
155.1872723
154.8658882
154.1669877
151.76266
150.3527521
147.9396194
147.7811286
146.6843501
146.2936262
143.642207
144.6135135
143.3841091
144.8809668
144.6740482
144.6151645
143.5453515
143.9657924
142.4298623
140.0095755
140.5070605
142.1145316
140.8983347
139.8543866
137.5023388
138.4819001
139.0360677
136.0638146
134.500919
135.041879
136.7142873
136.8958913
135.4958891
133.5807918
132.8323629
130.0763838
127.3622286
125.2996467
125.382194
129.8221381
132.0035881
131.0460394
135.0572878
134.715542
132.6920325
132.6920325
130.4979253
128.7677339
127.2912379
126.8333755
125.3491751
125.2429642
127.0292878
129.4831438
130.1314153
128.2482362
131.2870775
129.0759105
127.378738
125.678814
126.7717402
127.3886437
126.8146648
126.3270854
125.0674136
125.0674136
125.0674136
124.7680421
125.3398197
120.9433505
119.0018381
119.0018381
118.8945266
121.5277854
121.5277854
124.6067997
124.2452425
125.5049143
124.4769253
121.9972044
122.9063253
126.7860484
127.6808611
130.0439152
134.5438436
132.595177
133.1427408
131.2727693
130.5320449
131.6568894
133.2770177
135.0770992
135.8552451
139.1505333
137.7879525
138.629935
140.2208966
139.3392914
142.0606007
141.9692484
143.9129621
141.9543899
142.1381952
140.7359917
139.9176728
140.1075316
140.1075316
142.532221
142.7099728
143.8331664
143.1821434
141.3259298
137.7505311
135.9080753
134.787083
134.2807929
134.4535919
134.5614537
136.1215977
138.7823723
136.844712
137.1693981
141.6148453
139.4774206
138.088975
139.5704239
143.2399265
141.827267
140.7910233
138.5259254
137.7389744
137.6344145
136.834256
136.9344134
139.1659421
141.2004579
141.9587924
140.6088689
140.4795448
141.5686188
141.5020307
142.4518749
142.2488086
141.3528952
140.4404724
142.3693276
143.692836
145.4885149
146.7074634
145.2007
145.4813608
145.5424458
147.1906402
147.8191003
150.9047184
150.5073907
149.2097472
146.2523526
146.9622594
147.8768835
148.4150918
150.8716995
147.8317576
149.8497639
149.7595122
153.4411218
153.9507138
154.8989071
151.4264173
150.8001585
149.7655657
149.7859273
152.2601451
151.1611653
151.1584138
151.0307406
149.1260993
146.8538473
146.8538473
146.4262522
145.8808897
146.2171324
142.2812772
141.7028958
143.5172854
145.7141442
146.9815204
145.2271151
147.6303422
150.8073126
151.6085717
153.4543293
151.996544
152.5397053
153.8186381
156.8800423
155.879569
154.4504001
152.5314505
151.486952
151.0676117
150.9201272
152.8902561
153.8648646
155.6033107
154.7448188
155.2681687
156.204255
155.7827135
157.5882981
157.8348394
157.0049638
155.2169893
155.9054338
156.581221
157.4683294
154.2308243
153.902286
153.2226466
151.0158821
151.8353016
151.5750025
152.3949723
151.6988234
152.4054283
154.0272076
157.8915218
156.4425416
153.4774426
151.3460713
153.9501634
154.3276798
155.3969424
153.903937
152.7543282
153.2160428
154.7156521
154.7156521
155.7953707
158.2272142
161.015662
162.0221887
162.7882277
162.1328021
162.1328021
162.1328021
162.4409787
162.9923946
163.3220335
163.3220335
164.9949921
163.9394873
165.5409049
165.8650407
165.1567848
166.2788778
168.1835192
171.3626908
172.3763717
171.286197
173.3564833
173.048857
172.8667026
171.1502691
172.9784166
174.7735452
175.9550723
175.5071156
171.9850975
171.3505839
171.4457884
171.4210242
171.3968104
170.1107234
167.9050596
170.5047492
171.3208669
171.928415
170.3066357
170.2912269
170.9048285
170.7127684
172.0131635
172.3499565
172.6933533
171.4413859
169.450345
167.7410656
168.3337552
169.4756596
170.6379255
173.179832
175.7118329
176.0926511
175.0657627
174.7928063
173.2904454
172.7186678
170.8343881
167.3971185
168.5522304
166.8666146
167.5737698
167.9540377
170.0457862
168.5973563
168.5973563
166.4318655
164.6554476
164.8354007
166.2326513
165.3152757
165.4462507
166.5870544
167.759226
169.5191345
169.7062417
170.2543557
169.5020747
169.1350144
169.1350144
169.1350144
171.0143412
171.0143412
168.8224353
167.404823
165.9343804
166.8523064
164.3945981
164.0616573
163.3913733
163.898764
163.898764
162.2632268
161.1680993
158.6228909
158.9497782
161.5081942
162.4272208
159.1880648
159.2265868
153.6832605
155.2395523
153.2892347
153.6150214
148.9263348
149.5311313
148.3143841
153.7537009
152.773039
154.0068459
151.4132098
152.9667499
155.7018171
159.0037091
157.7627481
159.4412098
158.6201393
158.3207678
156.724303
155.8944275
158.9536304
160.3844503
159.2898731
157.5459238
155.2742221
154.6650231
153.4405714
153.4405714
154.0178522
154.1697393
153.506059
152.5914349
151.4511815
154.7530735
155.3980431
154.4669095
153.8599117
153.4961533
153.9892358
152.3790132
153.4565306
152.8379762
152.0708366
150.2217771
151.6564491
151.6845152
154.3128212
153.2446592
153.4290148
151.0736652
148.9224826
149.4463828
152.8016553
150.8452843
152.1930066
152.4758687
153.7762638
155.1168319
155.1806685
156.3968654
157.4298073
158.5188813
159.1869641
158.5887714
155.3066907
155.3066907
154.8967058
154.4878215
160.7058344
162.0832737
166.3762836
165.0599293
164.3979
167.2518353
167.7839902
171.3703952
169.1482219
168.6089129
169.4635526
171.633446
172.0263711
171.6901284
171.1387125
171.1607251
171.8909935
172.2101764
170.1288839
170.6104098
171.8926445
171.9751918
172.4798309
173.4131657
172.5909946
174.872602
176.2021638
175.9226037
176.7310169
177.0722124
176.6616771
176.6616771
175.6034208
177.889981
179.1953289
180.38401
181.6888077
180.6057871
181.1511496
182.7145955
184.8388126
185.2482472
184.5251329
182.1934468
179.6009113
180.3388842
180.9337751
179.5651408
178.8601869
176.9682028
178.101302
177.7568046
177.3952475
180.2062582
180.5347964
177.9213489
178.3131734
179.7291348
180.478114
180.3823591
181.4934457
184.2384186
185.0176651
187.3190838
187.200766
189.1439295
186.5420386
187.5282037
186.7825264
187.0874011
188.1539122
188.0031258
186.6372431
186.3791453
186.6598061
188.4356736
189.7223109
191.6676756
191.30887
191.7315122
191.972
190.1603619
187.7846506
188.0515535
186.2822898
185.7385782
185.4672727
186.0632643
187.3867726
188.4417271
188.4417271
190.0134277
190.3348118
190.298491
191.4431469
192.3852868
192.0127233
192.0127233
193.7324587
194.1253838
194.4940951
193.9014055
195.9315188
195.2981058
194.3091892
193.9558867
192.9323002
192.2207425
191.1575333
192.5575355
193.2030554
192.541026
189.6348107
187.0774954
186.1892865
185.9878711
186.9547751
187.9871666
187.8473866
188.8588661
191.1878006
191.073335
193.0164985
193.2432284
191.3396876
193.0654765
193.4259331
192.5856015
193.3318291
194.7065168
194.0367831
195.1319106
195.7543172
195.069725
196.3552616
197.9698867
198.3512553
198.9521996
199.5696534
199.4524362
201.0736652
201.7202857
203.3530713
203.514864
202.8302717
203.2446592
204.9709984
203.7063738
205.2901813
206.1497738
205.2654171
204.4823184
205.2456057
203.9875849
201.3466216
203.0878193
202.1924563
202.1924563
200.0649372
197.104791
195.1594264
195.1594264
195.1594264
195.1940962
194.8281365
197.1955931
199.8079399
196.8395391
196.7751522
197.7249964
197.0915835
197.839462
196.9374952
195.0334041
193.2685429
194.4407145
194.0197233
191.4888231
193.3549424
192.5564348
190.5659443
189.7899997
189.6353611
191.2736498
191.2736498
186.9096492
188.3641326
188.3641326
190.0954247
190.4481768
192.225145
194.3928371
197.7745248
197.3524329
197.5896189
197.4751533
194.8721617
196.2842709
195.5589553
197.2781404
196.9567562
198.9428442
200.2927678
199.623034
200.3048747
202.9216241
203.7327889
205.0573979
200.8375799
200.5998437
202.2656482
203.8142356
206.2680916
205.1228854
204.4173812
203.0707595
203.76966
206.8536271
206.6780765
207.4050431
207.4050431
208.8221051
208.4297302
208.3791012
209.3515084
209.1027659
207.3593669
205.7029178
206.5762682
208.5502493
208.3108621
209.2348416
209.659685
210.7658188
211.4074865
211.2776121
212.2830382
214.5459348
216.9387059
219.8790407
221.6879272
221.123854
221.3489329
221.9917012
221.6196881
221.0677218
222.5414663
224.1654468
222.0725976
223.3317191
224.3712647
222.5838405
225.207744
227.1404515
227.7320405
228.5767745
227.7540531
229.3290555
229.3290555
232.5401455
231.9661666
232.209406
234.0925851
232.4020164
229.0203286
228.3467427
230.7141992
231.1104263
231.0240268
229.1601087
228.2212708
226.4976832
227.3358134
226.9500424
229.2899832
233.7535908
234.9109039
233.4112947
235.4760778
237.1374798
236.6394444
237.139681
239.4372475
238.15006
237.8583929
239.7492763
241.8740438
243.2063572
242.1073775
243.1975522
240.7635075
238.9155486
240.7101269
243.6653202
244.4429158
246.8742089
250.2421387
247.9280628
247.370043
246.0922108
240.0282862
237.9855157
237.9013175
240.4602837
241.2692473
235.2999769
230.1259121
235.9994277
234.5333876
229.366477
233.7513895
230.5469034
236.0517076
236.4165667
240.4569819
236.7170389
236.2151513
238.0774184
241.2230208
242.9394543
249.0765709
247.9308144
250.7132087
246.333249
246.3761735
248.8520422
250.9735078
255.2263447
255.2824769
254.1510285
256.2917552
259.1110206
260.1819342
257.4655778
256.2956074
258.5051234
256.930121
255.7584996
252.1610883
248.2494469
248.7194162
251.0951275
250.3984283
253.0823162
258.436334
257.9113332
258.0136918
260.5803625
258.4132208
259.2397944
262.2544218
262.2544218
267.0779357
265.5486094
266.6338312
270.357815
271.8012921
271.8012921
273.9348647
270.0144183
272.4000352
270.7413848
270.7413848
275.2143478
275.9027923
272.855146
277.3523229
279.5167131
280.2222173
282.6215922
281.7559462
283.2049264
278.5063341
275.8400564
276.216472
285.122225
286.4242711
285.8838615
288.9639764
291.3138228
292.0374875
298.1113178
296.5154033
300.9916682
306.1690349
307.7456883
299.612578
304.0101478
303.10653
295.9744434
301.4423765
301.3108511
293.2465303
286.5734066
286.2910948
285.7941601
296.2485004
296.5737368
297.9054999
299.5713044
298.8113189
296.3932333
297.7915846
287.9007671
287.9007671
291.5944836
288.1863808
289.2165711
277.5746503
278.2124657
283.8405406
283.4437633
287.0631872
293.488669
299.7358486
298.3644628
301.8419054
305.054096
305.054096
303.8885281
307.3989896
308.4500919
311.4405054
306.3572427
307.0165205
312.5411361
308.863929
314.4716423
311.7850028
310.9380675
308.2228117
308.1430159
307.8095249
309.6838989
308.7340546
308.1952959
308.1952959
308.1952959
312.633589
312.9335109
311.5764333
309.8594495
308.6504067
310.3145602
314.8700706
314.8700706
313.3434958
313.3434958
316.2552142
316.3311578
318.1367424
321.5239332
318.4504221
322.1078178
324.5237021
324.1164687
318.0905159
301.7219367
301.2387598
300.8067623
297.5362383
294.2998338
286.5976204
295.5380433
288.9958946
290.3072961
298.5801864
302.0922989
296.9017247
293.7396128
293.3675996
300.5585701
301.1661182
287.4352004
281.0394356
263.4073324
278.6064915
275.8582168
263.0100047
268.7250294
280.9717468
280.9717468
284.6274916
287.4021814
293.0572218
292.6786048
288.2953432
283.2797693
285.5035936
288.5787556
295.7889871
301.7158832
307.9713176
307.7825594
298.6880483
302.130821
303.0608539
303.9116414
302.445051
307.5800434
296.6293186
293.0164985
286.6372431
288.3993528
294.2249909
291.3231782
284.4464378
285.8948678
287.3614581
290.1416512
293.8260123
290.2445601
292.6400828
289.6485686
291.7964494
291.218068
293.3929141
289.5175936
292.1178335
292.1178335
289.9771069
292.8690139
291.0441683
292.4348151
294.6157148
298.8652498
295.1137502
299.0545583
302.6426142
298.6643847
300.1161165
302.4857743
304.0145503
301.7698141
307.0941149
303.118637
305.5372729
309.0702973
308.5188813
309.7532386
301.202439
299.1723257
288.9892909
292.5856015
292.7473943
291.9224716
293.1485741
294.6041582
296.9182341
297.5791629
299.0303444
300.0231132
300.0231132
304.2253211
303.8021286
306.5586581
304.4773655
304.6127431
300.9234291
301.7830217
304.1136071
305.5136093
308.9316178
308.7769792
306.9185643
308.1754846
310.7823283
315.5298986
314.5046612
315.9740031
314.9129951
316.9475109
317.1902
319.7420122
319.68588
316.6729036
314.3830415
316.5925575
320.3528622
324.3327427
322.3009785
325.003577
330.6360545
330.4527995
331.2551592
328.4199346
329.2894328
327.8822765
331.5039017
328.6549193
324.4785762
318.3348559
324.9479952
329.6201724
332.3519377
333.157049
335.4744268
334.8756838
329.9415565
332.1455694
335.295024
338.6255324
337.0951055
337.5634238
335.7209681
334.2901483
334.4563435
332.7580704
329.1386464
330.5232398
333.5945497
336.1788305
339.6656284
337.3889739
343.3929141
351.5997667
349.5718547
349.5718547
349.5718547
354.2220192
353.893481
352.8968599
352.8968599
355.1476496
348.0265692
341.8828489
341.0623287
343.2223164
346.5484222
343.1089514
345.4494425
347.9242106
353.9809811
355.4723356
355.1135301
360.0718712
352.9568443
356.7386112
356.6962369
361.0189639
363.6092981
362.4167648
360.7531616
361.6204585
363.5784805
368.3293527
366.3300571
363.2499422
367.8907514
365.3510461
360.7515106
362.8449101
363.2449894
366.7615043
369.6066346
373.3212631
375.7090813
377.074964
375.5786566
374.1742518
379.907437
381.3415587
382.0844844
370.5152052
365.8920061
359.0048098
360.485158
349.2746844
353.485147
354.8372718
361.8642482
366.3537207
367.9672452
364.9102436
355.7474933
361.7657418
362.5598468
367.0102469
370.7562433
370.7562433
375.1642691
380.6008343
378.3803119
377.6907668
377.8140374
381.3531153
384.9483254
387.7076065
388.9914921
389.4592602
388.5594946
388.5594946
388.5594946
392.8525045
390.8361491
394.0318302
400.570677
405.034835
406.6379035
403.1720176
402.5204442
407.3863324
408.692781
404.0013428
403.5137634
403.3459172
403.3459172
402.8770485
402.8770485
404.7206049
403.9809811
405.5334207
404.4757146
399.2339611
399.652751
400.0704404
401.436323
396.4339567
394.5216109
395.0625709
393.3015618
397.9352169
401.3075492
402.0559781
408.1925443
403.535776
399.1068382
399.6395435
399.2433164
394.4473183
393.9294716
397.2726372
392.7919698
391.4145305
389.7349681
390.7233345
382.2380224
388.1247455
383.1300835
384.2400696
391.8575344
394.3383559
397.1559704
397.4960652
399.7264933
395.8159525
392.8563567
389.1092596
383.0926621
380.8611334
382.3634943
382.7140451
385.0193161
385.54982
387.1952629
384.1272549
388.9221524
396.7404823
394.5981047
394.7565955
396.4097428
398.7926082
398.8663504
395.2716907
394.558482
397.7569147
399.7226411
403.261719
399.5900151
392.745193
385.6934523
375.057508
379.4110525
383.5835434
372.6548312
373.5501943
369.9395754
360.0179403
365.9063143
377.9477641
377.9477641
365.0093003
371.6587605
366.8159856
361.6226598
349.1569169
347.3271184
355.5812981
354.7448188
362.8823316
365.0263601
364.0644089
369.6550624
368.0888649
369.1339137
375.1059357
384.6660136
389.3293857
391.1960553
384.6929791
386.041802
380.5628625
383.2104296
392.1739657
392.5613877
394.619567
393.2878039
388.7174351
388.8060359
398.3831736
398.6462243
394.1055725
394.1055725
392.8679133
394.0731039
396.1043178
393.1144546
392.0633523
402.3063716
410.6546551
413.4959332
413.673685
411.9770629
411.738226
412.389249
416.0053711
414.3203055
411.2506466
408.5436455
412.3155068
410.7146395
408.5645575
401.9970943
408.0274497
404.820212
412.1146417
418.984228
421.5431943
422.3345477
423.3977569
416.4879976
415.9712515
414.4881517
419.0475142
420.9048285
424.0306195
423.345477
421.6505057
416.9265989
421.8310092
416.986033
410.3750949
402.2507897
410.4416831
403.4779929
404.5648657
405.4184047
402.0003962
398.4943373
399.2961467
406.8827938
406.8750894
409.0158161
407.8007198
408.9233631
407.41715
410.0779247
408.5067744
411.4570149
407.5376691
396.4339567
387.6652322
387.6652322
382.9881022
377.4959552
384.9175077
398.1564436
400.2157236
400.2157236
400.2157236
406.7088942
404.2935602
392.4050981
392.4050981
398.1927645
397.706836
396.5985009
392.8690139
398.9604543
394.6723973
386.5255291
380.9607405
390.106431
385.266958
371.6593108
377.2620712
371.0765268
356.8233598
357.4287066
352.4989819
368.7481427
362.6302872
353.7470971
363.2119705
369.8564778
373.5518452
387.1974641
383.7585436
369.1586779
371.6554586
369.410172
370.3704723
367.169288
379.8529557
379.3780336
386.5046171
382.2523306
386.3444754
394.621218
392.0897674
401.0114796
398.3198873
399.4783011
406.5278405
404.3667521
402.8302717
409.4191972
411.0839011
412.4360258
403.6992197
406.7490672
404.5037807
402.4544064
409.3394015
414.366532
409.2788668
411.6413705
402.2414343
408.9299669
403.6221755
387.3702632
387.3702632
387.3702632
395.5749144
402.7372685
406.6169915
403.4130557
394.6041582
396.5869443
404.6000858
405.1333414
407.4325589
413.3165304
415.6757322
417.4769143
415.6058421
419.07503
413.2328824
420.2020758
423.2277095
420.9664638
421.3698449
422.8485422
422.1078178
420.9769198
413.776594
410.5341361
410.5341361
411.5346093
410.7438062
410.7438062
410.7438062
417.7740846
429.4748891
431.9474559
432.7344068
433.359565
435.6263139
433.2241875
433.1042187
436.1672738
436.4231705
443.1524263
443.4710589
445.088986
443.1843446
439.7751412
436.5789097
432.1945475
427.7325908
427.0413947
425.3023983
421.3478323
421.6934303
417.2083604
423.4511375
423.8787325
416.5056077
412.0497045
404.8268158
408.937121
410.4196705
410.4196705
405.5757949
401.132549
401.9723301
392.5558845
390.5433814
386.6042242
391.8608363
394.0934656
399.275785
394.1848179
387.5298546
384.1190002
372.2784155
371.9256634
373.5056187
368.136192
373.6542039
369.7266033
371.8827388
370.0078145
363.7303675
365.1771465
382.0811825
373.2568762
369.1289609
366.7994761
368.441617
371.3659927
364.8199919
369.6534114
367.4295872
376.0788932
378.3742585
361.6413705
353.9617201
361.2765114
367.8731413
361.2759611
364.2410601
366.9117404
364.3720352
365.193656
377.9241005
371.7858833
365.284458
356.0028396
359.1462408
363.2934171
365.6069428
360.9468726
362.3056011
370.0766039
380.4951737
377.7034241
364.7682622
367.5264427
365.6339082
362.2450664
355.5312194
366.9695235
355.4354645
353.6430875
352.7405703
356.7771333
350.2850633
342.4887461
336.7913314
330.3058653
349.3511782
358.4396359
341.5284458
341.5284458
344.4429158
342.9741242
328.5002807
343.5249898
336.9999009
324.3299911
320.989577
296.5874946
300.0649372
295.3459832
301.8353016
295.0251494
302.668479
315.6196
298.0601385
287.0648382
280.6976898
287.9409402
289.322782
275.0167846
269.2610366
254.7613282
254.5120354
264.0176321
280.2376262
294.5953531
299.754009
301.4137601
307.2773699
295.4929174
286.0682171
284.0072862
297.9797924
287.5221502
284.5053215
279.8369966
285.2686089
280.1116039
277.4370714
277.1200898
264.6268312
266.9596179
278.6813344
290.57585
296.1973211
307.151898
305.644034
296.5126517
285.9174307
280.6921866
290.6033657
284.6742684
300.7985075
306.7875893
318.3414597
316.080214
305.8129808
310.8092937
310.8092937
320.17456
319.0150456
309.4059896
307.9030785
311.8130689
308.7593691
308.7593691
308.7593691
314.0622076
317.5748704
318.5819475
318.5819475
320.0804561
329.7423424
336.9289103
331.8566539
323.956327
326.8465831
326.6418658
317.1384703
308.8787875
303.8698174
311.055835
303.3827883
300.7093565
298.3793214
295.495669
291.2962127
298.6852967
307.8557513
310.2820916
305.3727286
306.7270546
297.1928415
299.9856918
301.3950494
297.5037697
311.7134618
315.6399617
314.0699121
311.3243889
310.9787908
306.5267398
304.3573968
301.6245309
301.5992164
301.2602221
294.1132769
294.5210606
287.9112231
289.4058796
293.081986
282.1609782
282.6777243
277.2554674
280.649262
278.0275598
279.722531
274.2061701
276.7189099
286.5260794
292.8128818
299.4959112
300.8529888
295.209505
293.7715311
310.2743872
311.9313867
322.0230692
320.6181142
326.7205609
323.0719702
314.7732151
306.8717875
310.8180988
319.1784893
322.8023157
317.6799806
312.0535567
309.1462408
309.8434903
316.5920072
316.5920072
316.5920072
319.8768394
319.0188978
314.1805254
311.3271405
302.7218596
296.5687839
296.5687839
304.8383724
309.9530031
309.9530031
309.3603135
310.3239156
308.1188021
308.1188021
322.5755858
320.8448441
324.7680421
320.2202362
324.9523977
327.6010654
329.1303917
322.0979121
323.1886371
328.3715069
328.7011458
335.3495053
339.8554872
329.9960377
338.2105947
340.5543877
336.1039876
337.7791475
336.5943185
339.7597323
347.5912698
347.5450433
341.4514017
342.3929912
341.3330839
338.0774184
340.5934601
341.7876443
337.8583929
337.8171192
336.7440043
336.7440043
329.1678132
330.7230043
331.0944671
322.1133209
321.315914
327.2901372
327.7001222
331.5231628
330.670174
329.9899843
337.3873229
331.9067326
332.7542182
325.3112033
329.3642757
330.1407707
332.0167956
334.3396766
333.3320493
340.8174384
349.4920589
348.8217749
348.9499983
352.4758687
353.8076318
351.8947357
353.1945805
352.3316861
351.5551911
347.6022761
344.3570666
348.7838031
351.914547
359.5144018
360.0124371
359.5721849
362.5686518
364.999945
364.999945
362.6869696
360.0074843
363.326436
361.6633831
352.8599888
357.0220236
355.9885314
359.9084275
364.9911399
369.0706275
369.5185841
368.6083626
368.8136302
371.7214964
368.7250294
366.0884687
363.3456971
364.4369724
365.30537
369.0673256
371.0897344
369.7343078
371.907503
377.4370714
369.8421696
372.3136357
377.5487855
383.390933
381.1935239
375.729443
377.2119925
374.4631674
374.4631674
370.7848597
371.2432724
368.085563
367.9501855
370.9565581
362.8938882
365.5684207
370.2009752
373.8506664
375.3992538
373.6536535
377.8877797
378.8623881
381.5193106
381.4923451
377.4987068
381.1461968
380.6167934
382.0112925
385.2763133
384.6175859
384.2131041
377.7722135
372.3125351
376.2648998
374.2281827
368.0591479
364.1766732
367.097747
365.9696006
366.7042715
370.4177994
373.0730709
377.0980772
377.1178886
374.9479952
378.3032678
379.1799201
379.1193854
376.4288938
375.5924145
381.9799245
381.1181307
381.464279
376.5917871
373.0108852
374.4604158
381.3553166
381.7003643
380.0119969
379.4952508
378.6549193
377.4992571
374.3453999
379.0346368
381.4543734
383.5362163
379.5552351
379.5552351
382.3767019
383.1388886
382.9644386
385.8095689
387.3763166
387.1666465
387.1666465
391.7100499
386.8425108
384.5306361
389.2358321
389.2358321
390.3430666
393.3345807
393.1551779
389.6601253
392.4364661
392.4936989
389.8301727
390.0701102
389.3172788
386.8689259
387.2376372
386.8815831
387.589839
383.7480877
378.1007517
380.752171
374.5325071
376.37001
377.6819618
377.32976
375.0305425
378.6406111
380.6982401
373.1616716
365.467713
368.696413
374.5237021
373.6542039
374.5226015
371.8304589
377.1690679
380.322925
383.2208856
383.3964362
381.4989489
382.5544537
379.1358949
377.3567254
377.0623067
381.8313394
385.5954962
389.1956591
391.8338708
393.7990469
394.3367049
397.2132032
395.0774294
397.5175275
393.5756188
397.6941788
396.1340348
398.7920578
403.026184
409.7246222
406.5889255
406.5889255
403.7448958
402.3360886
402.6062934
402.2375821
403.5731974
403.2556655
403.9099904
406.0595221
406.0595221
406.0595221
412.8905863
414.4204629
410.6915262
413.2510428
410.8291051
405.9797264
411.6303642
413.5019866
406.7490672
402.2106167
405.5675402
405.4354645
402.1478807
404.1317675
409.4489142
409.4489142
402.068085
404.6105418
407.1161275
408.8265076
401.1617157
394.1215316
393.214612
380.2552363
393.0065928
394.2701168
405.727682
402.5391549
393.4985747
394.2662646
397.411867
391.2334768
378.8117591
375.8444589
385.774899
376.8383284
392.7061206
394.9222404
392.4771894
394.1567518
392.785366
393.7951946
390.0326887
382.4317334
378.1123084
375.4146626
382.0019371
385.3709676
382.2991074
389.6969964
393.9377263
393.9377263
398.7254697
398.0403271
399.7776726
397.9996038
394.7125703
390.6358343
390.8620139
389.5599679
383.7167197
378.6681268
374.2991734
379.11003
380.0653775
385.6934523
386.9971494
388.5391329
391.8938552
391.3039171
395.8154022
395.3058102
396.0905599
397.4668985
393.1617817
393.5723169
401.4297192
407.6724963
408.4699033
409.996478
408.2503274
405.2676183
407.6956096
405.8828709
411.6204585
407.2509548
405.9527609
406.8211585
404.0464686
404.0464686
400.3098275
396.2204343
395.924915
396.3844283
397.0838791
399.8233488
393.9751478
394.019173
391.0485708
396.3442553
392.3973937
383.8735595
389.7432229
388.6618532
393.823811
397.2429202
405.1349924
404.1411229
405.062901
406.0232013
401.8006318
403.7768141
404.2561388
407.4325589
413.7100058
414.1893305
411.9539496
412.033195
409.691053
415.6471158
416.3058432
415.6559208
416.7130766
416.7130766
419.2203132
420.3198433
422.8832121
428.0132516
425.9341603
425.7536568
429.3939928
430.223318
426.2924156
427.0452469
427.3748858
429.6262258
435.570732
434.5774129
431.0669514
433.7745028
431.3322034
430.1963525
434.9428222
430.4577523
430.1980035
429.732987
426.2770067
428.3247301
432.6870797
434.8740328
434.7072873
438.7031269
441.7045467
444.6129632
444.2640633
449.0793225
449.0952816
448.5146989
450.4496076
450.4375007
445.8462199
446.6689413
447.809745
446.5352147
446.1285316
437.9519465
441.2345774
442.3440131
440.1036794
434.5746613
427.001772
433.930242
440.9533663
444.488592
450.2481922
448.1223241
449.0809734
449.1194955
445.607383
446.4113937
448.3782207
450.1128146
450.1128146
446.8676051
448.4459095
452.2909627
451.6520466
453.3712317
452.3201294
452.3201294
452.6332589
454.829017
455.8003236
457.0462375
459.6112573
458.8232057
454.9946619
453.9578679
452.038368
448.1030631
454.0756353
456.9356241
457.7594462
459.6960058
454.4828687
455.930198
453.2765775
447.0018821
450.3169816
447.7194933
443.9019558
445.6646158
447.2517252
438.9865393
434.9076021
439.2501403
445.9628867
449.8354557
453.260068
447.4487381
447.403062
444.9536084
440.1350474
449.3544801
449.0171368
448.9786147
447.4085651
448.8718536
449.8310532
456.459051
449.8992923
443.0258538
439.1945585
443.7302574
447.1955931
443.0995961
444.4478686
448.757388
448.3149345
448.2158777
444.8033723
446.3404031
433.4998954
440.1862267
437.1787534
425.1334515
431.7300813
430.9139637
428.0946983
428.0946983
433.5208074
438.1164907
445.4219268
445.1830899
441.1371716
446.7041615
455.1592062
453.7570028
459.0400299
457.9867264
459.9018237
464.7319414
461.6793423
461.4267475
458.5959255
451.7989808
452.2210727
451.5040118
448.1960663
437.0945552
442.195428
454.6072399
455.8663614
455.8663614
455.8663614
458.2184091
458.2184091
458.9343694
463.6208547
463.6208547
454.1956041
446.4455133
441.9874088
446.6970074
442.174516
447.1069923
445.363043
440.7420452
443.8579306
446.7019602
441.8712923
441.8712923
445.2865492
443.4209802
436.9707342
444.1407927
443.7087951
445.2540806
451.1171401
451.2079422
455.4497727
453.6298799
448.8008629
444.1809657
442.6747526
446.1158744
443.6196441
442.8381963
437.5744301
436.8507655
436.2734847
434.7612182
434.7612182
430.2145129
431.3443103
435.6279648
431.3289015
425.2743322
428.6846363
431.6255214
435.999978
441.6330057
443.6179931
443.9377263
446.0845064
447.8719306
446.801017
447.7910343
442.5476298
440.8344982
442.8915769
448.0694938
448.6462243
452.4004755
446.6694916
448.2213809
447.5868673
448.5180008
445.1808886
447.4685495
444.7725547
440.0607548
437.7114587
435.753987
440.6231771
436.7605138
433.2990303
420.5262115
417.7630782
408.703237
408.703237
410.9787908
423.6531032
426.1900569
431.2298447
428.8728441
430.7796868
421.0457092
424.6277117
427.134398
422.2013714
424.425746
419.3953135
422.3147363
434.4359818
436.9503726
447.5329364
449.8117922
442.7198785
435.8552451
430.7384131
443.9933082
449.5003137
444.0323806
434.9054008
436.1788305
441.8179117
448.2312865
448.5075448
448.3424502
452.445051
453.3470178
441.5565119
432.4295321
429.3950934
442.6274255
439.4691658
428.3016168
433.0002091
435.7655437
422.72252
423.8055406
426.8223692
433.3914833
438.8588661
437.8468362
442.2994376
438.8715234
440.2726262
442.4331642
442.2917332
445.1445678
437.6470718
444.5744412
446.738281
451.741748
451.5678484
459.6332699
467.3932663
460.8940423
454.2825539
462.0508051
464.3654314
458.5612556
468.472985
468.9869795
461.5098451
462.3947522
462.3969535
464.1282455
467.2430303
468.3706264
465.9167703
456.6450576
447.8157985
451.1716213
446.3492081
452.1550348
448.1735034
458.1386134
454.4256359
473.0956338
470.8811649
468.544526
471.6488548
469.3771531
470.4420133
471.478257
470.5273121
464.3505729
463.0688885
455.5460779
457.622968
457.622968
455.5537823
455.2588133
453.6205246
456.9158128
461.574232
461.574232
461.574232
461.5665276
460.9556776
461.3221876
461.3221876
468.4251076
468.9781745
463.5014363
468.6837558
468.4608781
469.7827355
467.1401213
468.727781
467.2050585
471.6086818
476.1531858
477.9356571
479.1303917
478.7380169
479.7599525
477.0760646
473.5903673
480.0081447
479.6999681
476.4272428
480.0064937
485.1976182
487.7362229
485.9757641
481.6656944
481.1049231
483.5989522
486.6708124
481.7471411
484.3077583
484.4965165
484.3666421
479.2057849
483.0128664
483.6336221
483.4608231
482.3029596
484.8993473
488.6156268
482.9677405
488.7763188
491.0727847
491.6665749
490.8653158
488.2694784
479.28448
481.4780369
483.6242667
487.3697128
485.4204959
487.4539111
490.0712108
488.4967586
485.6367699
484.4469881
482.6815765
482.6815765
479.0891181
480.9596399
480.85508
486.7291458
483.462474
481.2039799
481.944154
486.417117
489.3035209
476.7359697
481.3729267
481.3729267
481.3729267
479.6377824
480.1176574
480.1182077
479.3950934
478.3335351
479.9888836
483.127332
482.2176607
484.0931354
478.3731578
480.3823591
481.9210408
485.9658584
485.9658584
488.2667268
488.2667268
488.5083153
487.5942415
488.02789
485.5987981
478.3913182
475.574254
483.0024104
485.2179799
476.5274002
475.8697734
480.6437589
478.9851085
474.474724
471.7820311
478.5228436
470.3313999
476.1939091
476.329837
476.6512211
482.1086983
475.3447726
480.6828313
483.0469859
483.1889673
482.8527246
488.6013186
490.9225486
487.24259
485.5024929
489.1708949
492.561938
489.750377
491.156983
497.7271977
500.8370296
502.49568
498.3264911
491.6148453
488.6425922
488.4670416
487.4841784
478.4369944
481.6513862
481.1687597
485.8398362
485.5624773
491.4585558
490.3661798
486.9910959
489.4664143
485.0875552
480.2106607
484.1927424
484.9973035
484.8767844
488.6436928
489.4587098
488.8396051
483.3551625
486.0704183
490.0403931
490.4014
501.2327063
505.0562973
498.319337
504.3023653
505.6071629
511.4636187
512.9114983
509.1434892
507.4182507
507.4182507
509.4395589
506.0776825
509.0620426
509.731226
512.401356
506.8552781
505.1768163
511.3684141
509.0653444
511.3276908
512.0309938
513.3060744
509.7081127
510.8136962
503.5544867
505.6324774
507.9542578
504.0420661
500.6895451
509.7092134
508.6982841
504.6837338
504.8246145
505.3397097
506.3302772
512.9461682
512.3798937
515.2008101
515.560166
515.1017533
516.0604026
516.0604026
514.6747086
505.6434837
509.3746217
513.1618918
516.4643341
515.9189716
512.3567804
512.2236041
513.0375205
504.7926962
504.2566891
508.0956888
512.9054448
514.3912962
515.6570215
521.5002697
525.7580594
521.4700023
516.7890201
521.7649713
516.7587528
519.6985373
521.3709456
519.2192126
521.9801446
523.3806971
524.4813278
525.9908428
530.638806
532.666718
533.9753679
534.7513125
535.450213
532.9561839
532.9292184
533.6870027
528.7572779
525.4322727
524.6112022
529.6785058
528.3582993
530.0851888
531.1478477
529.823789
529.6625466
529.4754394
524.4081359
530.1281134
530.1947016
528.9207216
528.7380169
532.729454
535.307131
534.8624762
537.6624806
539.3112253
541.6720781
541.2263227
540.3127992
540.3127992
543.3433858
548.2786136
550.368161
549.8822325
550.2492928
550.2492928
550.2492928
556.5338939
557.671946
556.4915196
556.4915196
562.8966398
566.3295068
566.8528567
564.7495515
564.2751797
564.4754945
561.4471092
559.3933324
556.8338158
550.8496869
551.1754735
553.3954456
555.420606
555.9076351
554.075085
554.7283093
558.7934887
559.6613359
557.2619611
556.7061426
550.7308188
552.8060579
554.0789372
555.7546474
560.5319348
556.9504826
560.1907393
562.3942019
562.4635416
559.485235
559.1550458
558.7918377
555.8432482
553.7344398
554.1372707
552.4334944
544.6817526
543.966893
548.6775923
546.3051829
540.3887427
543.9652421
551.680663
546.0894593
555.3760305
553.8109337
555.6066126
560.5511958
562.5015134
559.4604708
555.2626655
554.6842841
551.1985868
549.2350617
548.3231892
549.4683954
549.4683954
542.6775042
545.2959046
550.6152525
543.7418141
543.2124107
543.2124107
543.2124107
544.7296301
535.6873989
530.9365266
522.8920171
525.4086091
526.066236
534.1624751
533.715619
526.9781085
514.417161
521.4199236
516.3168496
515.1166118
524.8131679
520.4249535
526.1829028
525.6364397
530.1550789
528.3021671
530.1770915
528.2641954
528.2641954
536.2591765
539.7822953
540.7244351
538.118692
546.4620227
545.2469265
546.5737368
548.5003907
552.5303499
556.9554355
560.5401895
557.0572438
547.6705152
556.0386101
555.207634
545.4841124
547.3397757
551.9514182
559.0449828
548.7073093
554.7123502
559.7174681
543.6278988
545.4978703
539.9501414
531.1505993
537.3135807
536.7027307
519.2808479
521.02975
523.3823481
530.7890421
530.7890421
541.3903167
538.3041483
520.9763695
514.6279318
504.2996137
508.1391637
519.1647314
524.6442211
540.961621
545.7234996
546.3024313
534.7590169
542.7088722
528.6741803
533.2120805
536.3153087
533.8372387
543.366499
550.9927689
551.6459932
544.9128851
550.3081766
550.8799542
540.380488
543.3819078
547.6099805
544.5359191
545.3889078
540.4756926
545.8775879
550.5261015
552.842929
559.2948259
556.8932498
557.7159713
555.2676183
555.0700551
555.226895
555.226895
565.2822567
566.9161429
569.4277821
563.7831978
571.5938233
565.7555279
566.3696798
566.9568663
570.3258967
569.6066346
573.0703193
570.0727517
557.6015057
559.9607075
563.6197541
565.5876817
566.6624476
562.1603179
569.8058488
572.1479908
570.7534918
579.4902979
582.4944693
590.647391
589.6138988
588.4521831
593.6922857
583.7007605
599.9922956
594.2365475
595.4158733
595.4158733
603.1356968
597.2594297
596.7586427
591.8872514
594.7252276
595.006989
599.2988983
599.0055802
595.8335626
590.0376416
584.4497397
592.8090296
596.3244439
596.8043189
606.1574782
613.2213258
610.6530042
612.2725822
615.2096151
618.2996357
612.1041857
609.9711635
608.7808314
614.5976645
615.8914558
618.8064761
616.5023058
613.9774591
611.2831152
608.9734418
614.4721926
613.897113
605.0056682
602.2849093
604.7767371
595.5028231
600.0302673
605.8415972
609.8803614
604.4762649
606.1893965
598.6825451
593.9096602
598.6814445
588.5578436
593.7676789
600.7341207
601.2987442
600.1375788
587.3377946
583.0756023
590.5004568
599.6246849
603.0685583
600.928382
600.1716984
581.9986352
583.2131812
583.2131812
593.2988102
592.6054129
600.5734286
605.6110151
609.4489142
609.4059896
609.4059896
609.4059896
617.3079675
624.933687
626.2093179
626.2093179
631.3465116
625.6821159
618.2352488
622.0071101
617.6243988
611.8614966
614.6070198
623.678968
619.3589927
624.5022398
625.9847893
623.2612787
625.5858107
626.6468186
631.5715905
631.1775647
618.4476705
604.5098341
607.6169145
602.2441859
596.8538473
599.9400156
597.1493666
592.5608374
589.9011634
596.5610795
601.1237439
606.8310642
602.6959948
611.2280837
606.3880604
614.8420045
623.4819552
623.0516086
627.8085343
618.0591479
623.5369867
