100
100.0154894
100.2325556
100.3760474
100.4631751
100.7701658
100.1325201
99.79691719
99.12054815
98.41793325
99.00416277
98.99168522
98.80602795
99.41204944
98.61907989
97.75726871
97.78093302
97.86935149
98.04833973
98.43127131
98.7270752
98.27121452
98.5670184
98.96543935
99.02911786
99.414631
99.01147719
98.35296395
98.54507513
99.27544182
99.24532361
99.21456001
99.23628815
99.11172782
98.95532823
98.65823357
98.47687889
97.77706068
98.02316951
97.93173922
97.70950983
97.45909839
97.00452849
97.07509116
96.98258522
95.27983048
94.19471425
93.19672572
94.39736681
94.31325094
95.2428281
95.69288027
96.66698936
96.30169845
97.23278152
97.12392569
96.66419267
95.98760851
95.3428636
94.43415405
95.39600073
95.25379974
94.81514946
95.56251143
96.092592
96.3714006
97.5141717
97.65465165
98.65027375
99.23478223
99.31481063
99.58501404
99.68418901
100.0998204
100.0998204
100.0998204
99.94944443
99.71151054
100.3667968
101.1283574
101.6885562
102.4135446
102.6058709
103.2826702
103.4797294
103.4797294
104.0879022
104.897867
106.0599998
104.8505384
104.9215313
105.451827
105.8463756
106.3209526
106.9286951
106.9611798
106.5487754
106.1421795
105.9857799
105.2199167
106.0673142
106.2475932
104.9667086
104.9667086
104.5540891
104.3830607
104.4392096
104.8109544
105.4901202
105.4460185
105.4460185
105.2453021
104.5996967
103.2628782
101.6636011
101.4078114
101.2996009
101.5805608
101.4529887
101.8200006
102.4544193
103.0546323
103.4524078
103.3097766
103.0290318
102.6777244
102.5817763
102.4752869
103.0473179
102.6493272
102.7999183
103.2198522
103.3741005
103.3577506
104.1735239
104.823432
105.182269
105.7497822
106.4446524
106.1895081
106.0199856
106.1243237
104.9701507
104.6078716
104.6078716
104.4241505
105.475061
105.8295954
106.1873568
105.6710446
105.4595717
105.7420375
106.3777469
106.4915508
106.6980757
106.2727635
105.7760281
106.0888272
105.7904418
105.7848484
105.6265126
105.6265126
105.3980445
105.6093022
105.484957
105.610593
106.1346499
106.2316736
105.9838437
105.9911582
105.9780352
105.4662407
105.5372336
105.5697183
105.0344746
105.1570988
105.3055385
105.5884346
105.7340777
105.7611841
105.5170114
105.6921273
106.0606452
106.7643357
107.1425344
106.8626502
106.7789646
107.0977874
106.7953145
106.1142126
105.4174062
105.5727301
105.7149311
105.2233588
105.6389902
105.8347586
105.9898674
105.7523637
105.2474534
105.195607
105.0159734
104.4073704
104.0203513
103.8136113
104.4204933
104.5321458
104.4226446
103.8998785
103.8183441
104.1496445
103.3069799
103.3020319
104.2393537
104.176966
103.9990534
104.4557746
104.6922026
104.6922026
105.1224628
105.3993352
105.3978293
105.2177654
105.3300634
105.4608625
105.4395646
105.1803328
105.1549475
105.7239666
107.3202319
107.6668065
108.3842654
108.2999344
107.9417428
107.422849
107.6678822
108.2065679
108.2097949
108.5296933
108.7884948
109.716351
110.1743629
110.1345639
109.8325212
110.3649682
110.4680155
111.0688739
112.4932503
112.606839
112.5758603
112.1296804
112.5485387
111.637893
111.922295
112.2998483
112.6201771
112.6201771
112.6201771
112.6025364
113.051728
113.5826691
113.5826691
114.465563
115.7658094
116.5032754
115.8744501
116.4210957
117.0585261
117.2166468
115.9630837
116.3195543
116.6220272
117.1568406
118.0877085
118.5145267
119.8436004
120.0240946
119.2229501
119.2408059
118.1042736
116.5435047
116.7437908
118.5754085
120.3680876
120.8306173
120.9278561
119.6598793
119.4010778
119.7816429
119.9197565
118.8159239
117.9541127
117.696602
117.0912259
116.6717222
116.6904385
114.0447686
112.4698011
112.8262717
113.9780782
116.1519679
116.150462
116.0717244
117.1495262
117.3136704
118.2490561
118.5483021
118.9015457
118.6246733
118.7744038
119.834565
117.3242118
117.3435735
115.9607172
116.1713296
116.1461594
114.6602558
115.5760646
115.6150032
115.9161853
115.249282
115.1266578
114.0103478
114.6228232
114.0611185
114.6761754
115.6528661
117.6107651
118.3669474
117.9971388
117.9971388
117.9971388
117.6632569
118.427399
118.2475502
118.8025859
119.3414868
120.0473286
120.0070993
119.7263545
119.9535319
120.3470049
120.1912507
120.9044069
121.0620973
121.6715609
121.8365657
121.8765799
121.8765799
122.6390009
120.7314423
120.3994966
120.436499
119.9623522
119.5665128
119.7857304
121.2806695
122.0893435
122.3780481
122.3780481
122.6372799
123.1228285
124.3486398
125.2855314
124.6190584
124.3165855
124.3165855
124.5226801
123.6380651
122.5454193
123.267396
122.8270246
123.2499704
123.8454505
123.08389
122.3627739
124.1324341
124.1408242
124.1881528
124.2294578
124.4658857
124.7208149
124.2378478
123.3028924
121.6278895
121.8077382
122.3014618
122.3451332
122.5533792
122.0962277
123.0509751
124.0162638
124.620134
124.6728409
124.439855
123.685824
123.0085944
122.6536298
121.985866
121.2098917
121.0055181
120.3317306
118.7627868
118.7883873
119.821442
120.3945486
119.3376144
119.315456
117.934751
118.7173943
119.0439618
119.7123711
119.5467209
120.3287188
121.2858326
121.9574688
123.098734
122.3705186
122.9860058
122.9965472
123.2400744
122.7543107
123.0275259
122.9025353
122.9025353
123.1581099
123.4235804
123.6460249
123.1576796
124.3443372
124.2023514
123.7079824
123.3465638
122.9728829
122.4270978
121.3677972
121.8268848
121.9888778
122.7302161
123.2267364
123.3827057
124.1150086
124.8105242
124.6711199
124.5702238
124.9828434
125.2147536
125.251756
125.7101982
125.1652737
126.2239289
125.1725881
125.1504297
126.05204
126.8622199
126.7497069
126.4773522
126.9428937
127.4770618
130.2864457
127.8675229
126.9723665
126.9680639
126.5459787
125.8601439
126.4222789
126.4876784
127.3731539
127.5136339
127.8821517
128.1179343
128.9586628
129.0361096
128.4724687
128.4460077
128.3233836
128.2495939
127.6091516
127.3398087
127.2103004
127.2103004
127.7862037
128.072757
128.6919014
128.6701733
128.7211591
128.7211591
129.2559725
129.6049136
130.4432756
131.3780159
131.6150892
131.5595857
131.1144815
131.3509095
131.4759001
131.7125432
132.2725268
131.2880915
131.6634935
132.7430163
132.7677563
133.7138985
133.6814138
133.903213
132.474534
133.4361655
133.1037895
132.1369948
131.636172
130.7061646
131.0456399
130.9770133
131.8007465
132.129035
133.0786193
133.0953994
132.8221842
132.8221842
132.8221842
133.41874
133.3320426
133.3320426
133.3320426
132.0376047
133.2464208
133.8647047
133.7076597
134.6309981
135.9919111
137.4347887
139.6631063
140.2532081
141.5177429
141.0468231
141.5059107
142.1022513
142.2474642
143.5231856
145.3821248
144.7113492
143.5982661
143.9687201
142.96815
144.3348715
144.725978
145.0873966
144.8496778
145.1695763
145.6032786
146.8267235
147.0308819
146.2912646
147.075629
147.8995773
148.0267192
148.0645821
149.2439253
149.0034098
148.9296202
148.0488776
148.9567266
151.3151979
151.4483634
151.5488292
151.3638173
151.477406
152.5147633
153.5942861
155.3288801
154.6417546
155.8469134
157.0010864
155.8899394
154.4388869
154.6817688
153.2477116
150.9636753
150.4624221
147.232674
148.1712866
147.5680618
149.2570482
150.4449966
151.7433068
151.7433068
151.7433068
148.7773081
149.2985683
147.4699625
147.7517829
150.1941549
150.1117601
150.505233
150.4232685
149.804124
148.8786344
151.199673
151.6056235
152.3740682
153.8010262
154.5636624
155.2572418
155.7245044
156.6740887
155.3949251
156.2137102
157.2065357
158.4297654
158.4297654
159.2300494
159.3161014
159.520475
159.47917
159.47917
157.8923704
159.4152764
159.6209408
160.0079598
160.4582271
159.9294373
159.9294373
158.9503802
160.2691278
160.1258511
161.5418374
162.6863296
162.3821356
160.7256338
160.621726
159.6441748
160.7097142
161.2548539
161.2957286
160.9777663
162.6587929
164.8402121
165.6916971
164.7784698
165.1958222
165.7992621
164.9912334
163.1217529
162.3782633
162.7659277
163.3016016
162.9113556
163.3734551
165.036841
165.0385621
164.9901578
166.0468768
167.7743716
168.6959889
171.5688363
170.4120817
171.8272075
170.7179967
170.7595168
169.8129444
169.9833274
169.6210483
169.0612798
170.7435972
171.3603752
170.8124388
170.8124388
172.5048673
176.1229253
174.9319651
175.5732679
177.7699614
177.0109824
177.3685286
177.2790345
175.8256155
171.5963729
169.5128379
169.8079964
170.8883797
167.6936978
167.4303785
168.9515635
165.8594985
166.6666667
166.6666667
163.8099541
165.0247937
166.3577398
166.0877516
162.8549916
162.1564641
160.5851539
160.6413028
159.0299784
160.4790947
161.9742489
166.5965343
167.4265062
167.0511042
167.7730808
167.408005
165.6929878
162.8562823
160.3201136
160.1467187
161.3357428
163.0230082
163.0658191
163.6582873
164.2683963
165.2061484
164.7677133
163.5857885
163.9267697
165.4544086
165.1760302
166.2032764
168.626717
169.0860198
170.8253466
171.4300773
170.8944034
170.0005378
166.8899717
165.1366614
167.0263642
167.3346456
164.5074059
165.2459475
162.8997386
162.3720245
163.6309658
163.7546656
160.1718889
159.8795271
156.1807953
154.6294922
159.3731109
158.3105833
160.575473
164.2143987
162.8289608
163.3250508
160.7744684
156.6157884
156.6420343
156.6420343
157.6428195
159.6497682
160.8073833
164.0962922
164.8324674
164.3314294
165.9814773
168.0867405
164.3475642
164.8148268
165.8898319
166.1686405
165.883378
169.1963815
169.4495896
169.9179279
170.3783063
171.5311885
172.1208601
170.4710274
169.9080319
167.6872439
167.9892865
168.8209795
171.1985974
172.7421558
172.6328697
175.3235019
170.981316
169.751202
169.1576581
169.1576581
169.1576581
171.3545667
172.3611604
172.3611604
172.3611604
177.2321361
180.7131563
179.8939409
179.3511676
176.2591027
173.4742435
170.7509116
173.5267353
174.26205
173.9006314
175.9925565
177.7219874
177.0340013
178.7133069
179.1005411
177.9573397
178.5706756
178.6014392
181.0274614
181.0276765
181.6182086
183.3323652
183.5844977
182.2012112
183.1490744
184.7061861
185.8715458
185.547775
186.6561253
186.0929147
187.6760571
187.227726
189.6079254
189.4736842
188.868093
188.4610668
189.2863059
189.3880624
190.5785924
191.1745028
188.7867738
191.2908882
191.0979165
190.4381124
189.294696
192.3084535
194.1387804
194.9807996
196.9427861
196.4466961
199.7859456
201.8490432
203.6578571
203.0369916
203.9102047
206.5094066
207.6521777
209.0199748
211.2855099
208.1973173
207.8720406
207.3697118
208.1045963
208.9332774
211.4845053
211.9453139
213.615584
212.0877301
213.3288156
213.6401089
213.6401089
213.6401089
216.0123485
215.9254359
214.3885465
215.9179064
218.7778459
219.3739714
220.021513
217.3121645
215.9052137
209.9170673
211.5376424
211.455893
215.4928093
215.4928093
218.865619
216.5785709
215.2544451
211.5959426
213.3946454
216.5101595
215.3344735
217.6352899
217.4042402
218.5022642
216.0672066
217.4778147
219.9455721
219.9455721
221.4626695
222.5914572
226.2204868
222.6250175
224.6457345
226.4255058
226.4255058
227.2722579
228.8026934
228.2341046
231.932191
232.4943259
232.7798036
233.0603332
234.1701894
231.9306851
227.74705
231.3265998
234.7247948
233.5310379
235.1750621
234.2766788
234.4612604
234.7463078
239.6198651
239.9389031
239.8167092
245.7261179
251.6359568
253.2257683
253.1263782
251.8063399
252.1823873
251.4061979
253.0687233
252.0089924
254.3394968
259.7435649
261.0199318
259.4524939
260.4444588
262.8969419
262.8969419
262.0248045
257.5225618
258.938333
257.2826917
258.8550776
256.4585283
258.1901105
253.8367378
254.3982273
256.7039917
252.8860779
251.7736401
256.0973249
253.5019953
246.420773
249.2101498
247.1431798
248.1286908
245.6136048
250.2909635
253.1728463
252.5334796
246.7402412
244.6334721
247.04422
244.1451268
240.0283972
234.3427238
232.7733497
227.5028774
237.4590984
235.9299536
239.996773
241.0805985
243.8869706
239.1435671
232.120645
228.8674476
234.0877946
233.8100616
233.4249788
226.9919434
222.7605494
218.2086117
218.6367206
221.9895232
222.1917455
218.9559736
221.6614498
221.8501189
216.0224596
204.6427227
197.3859542
196.8210225
203.9891574
207.2793572
202.766358
207.1132768
215.9581357
220.1824303
223.6819517
227.7535039
227.6252864
225.5032431
230.4804931
227.1982531
229.5489797
226.7793948
228.2609958
233.2838534
229.5575849
226.9859197
228.5776673
233.979369
236.6394527
240.112513
235.7339701
235.7860316
235.7266557
231.3481128
231.3481128
230.3819635
231.0677983
232.7002054
232.2206805
230.6639991
231.6748954
235.5375563
237.1893252
236.2582422
236.0476298
240.6456054
242.782923
240.6985274
235.1300999
236.9032022
238.1100821
238.5209806
240.6787355
242.3539536
242.8728474
240.7525251
241.1752557
240.6344187
246.3190164
249.8346725
254.511816
255.9415707
262.3343767
259.5820022
258.3228457
261.4099627
261.4099627
263.6952897
264.4140394
263.4358428
263.4358428
263.4358428
274.5389224
280.0742199
280.0524917
275.3258683
272.7823851
270.3202212
267.0859552
260.4012176
266.5778179
262.5850033
270.2707412
269.5971689
271.1254531
266.3833403
262.1048329
260.0752955
260.770596
258.9686663
262.5327267
263.4145449
266.0290211
267.2173997
265.8390612
266.8262932
267.822991
264.9538008
260.2824658
255.8036723
257.3315262
260.1310142
261.9720976
261.9269203
259.5662977
260.2323405
264.0117461
267.1793217
267.0373358
263.6260178
263.599772
259.8681252
254.3997332
254.662192
254.1501823
253.1448794
257.876881
255.5308873
254.3343337
252.0031839
253.7861822
255.3611497
257.1710392
257.4575925
256.6844149
254.1871847
255.0832016
253.1009928
246.586208
242.1022513
248.3446814
247.4564093
249.1737929
249.8682328
248.8362537
250.2382566
250.2382566
250.2382566
253.1896264
255.6812632
254.4311422
254.7338303
254.3919886
255.0421117
254.8581755
253.5420095
249.8789893
251.2921789
245.1672099
247.9071068
247.8466553
246.5427517
247.0298063
248.3272559
246.8310261
246.34139
245.3545882
247.9464756
247.5798939
245.7736616
243.3874386
241.7305065
244.0967225
247.0792862
244.9428292
244.9428292
240.9534566
235.7610765
235.490658
240.4403713
242.7786204
243.3725946
243.3725946
241.883464
239.1474394
234.8054686
235.4003033
234.7075844
235.1544096
233.1829574
233.8842815
238.812697
241.3150903
244.0635925
243.462519
238.9981391
242.7848591
241.2546387
242.7545258
243.1359515
243.4823109
245.9997634
247.1689954
245.4552691
240.2241656
238.1438575
238.7494487
240.2450332
240.6765842
239.7760496
240.5782697
242.0779416
243.1703723
240.5464305
239.2511321
237.4281197
239.819721
238.4745125
238.4611744
242.0871922
244.135661
238.5945551
239.1784181
236.9279422
236.9279422
234.9803694
230.4964127
228.477847
230.5164198
234.1151161
230.0683038
233.1474609
230.1207956
226.8994374
226.1395979
221.5637807
221.4381447
223.1114266
219.6970968
221.2096766
225.0189852
231.3995289
232.5797326
236.1500317
239.2033732
236.8887885
240.4601633
245.1074037
243.7516538
248.1357901
250.3193606
250.3286112
250.42585
247.8107285
246.1378769
242.1108565
245.9640518
247.3527166
246.2325341
247.4456528
249.1808921
249.5636086
247.6945583
247.5979649
247.599901
249.4564738
251.9909215
250.4873772
247.8219153
246.2245743
245.6118838
244.668108
245.9104844
243.0060129
239.3014726
237.9764863
234.5939957
232.2198199
233.26987
233.2748179
235.9224241
235.4921639
233.9649553
232.4308626
231.2424839
232.1092431
230.1519894
225.8758484
229.4108662
231.9726355
231.5251648
232.7995956
229.3674099
229.4360364
230.9701292
234.0269128
239.6981725
239.6981725
240.8923597
244.2830252
247.0896124
251.0996375
250.6710983
252.0307206
253.5863263
253.5863263
259.8522056
261.0358514
263.7389611
263.773382
263.9426893
258.6031603
253.7306786
251.7540633
247.3109813
251.219465
245.8233567
244.7285596
242.490346
240.6948702
245.1721579
250.6652898
250.1823228
248.1813977
244.7763185
242.4165564
243.0509751
247.9938043
245.3270515
247.2610711
245.0985834
247.0452956
247.7199436
245.926404
248.2278658
253.9615132
259.5688793
256.5912636
256.2079017
256.8233889
259.94213
259.94213
257.0008713
246.0077232
237.2672023
237.5651575
243.4842471
248.1534308
244.2410748
241.243452
243.3003109
242.0676154
237.9756258
229.9624598
230.7001409
230.0975615
226.434111
226.0707563
221.3850076
223.2084503
223.5593275
222.99289
216.2098379
214.779653
214.4479224
223.2613723
225.5598223
222.4849678
224.3187368
215.2832726
208.9235965
211.4987038
216.3855992
215.8193768
215.5317478
214.4662084
213.5723429
211.8988458
206.8734067
207.8890359
210.9778739
210.2972022
207.1051018
209.9099681
210.7672615
212.1333376
209.5532823
209.5339206
206.2779266
206.6905461
203.4382093
198.6399475
193.3503286
195.8288425
208.3027311
223.7204599
217.068207
218.89208
214.5658137
221.7748233
222.5985565
223.4197081
214.2093431
217.4621102
215.3626556
210.812654
211.232803
216.3201996
221.9219723
220.5855841
221.2826057
219.3193284
218.5177536
224.0898383
228.5826153
230.8356729
228.3567287
223.1060484
226.3609668
222.0482537
218.0767369
218.0767369
218.0767369
217.6421741
220.4425226
216.3335377
215.1845278
215.1845278
216.7977885
217.3663773
217.6096895
216.0570955
216.45315
218.872288
218.4179332
219.3406262
219.7340992
222.1601213
224.4839567
223.8798714
224.899588
222.3703034
222.6686889
223.69572
223.852765
224.4469543
218.6644723
220.1303688
222.2070197
218.992976
218.992976
223.0610862
222.3868685
223.0787269
222.5555305
218.2849828
218.9493046
218.9493046
222.3604075
220.5358891
221.216991
221.8464616
219.2560801
220.166941
220.3943335
221.4063055
219.5406972
218.9690966
221.1599815
221.1928964
221.2174212
225.7405316
225.4184818
224.8744178
226.1475577
225.1093399
226.5384491
229.1884217
230.845784
231.3326234
231.1902073
230.554713
231.2048361
230.8401906
229.2564028
231.2936849
231.2936849
232.249723
232.6302882
232.5259501
235.211204
235.3725516
235.8316392
234.2833479
234.9033528
234.1312509
238.0384437
240.0520615
241.2413007
243.770155
242.8965117
244.5543042
245.2674605
245.0095195
245.3005905
242.6194241
242.7371003
245.0861058
244.3107769
244.6225005
244.9062571
244.3172308
245.258425
244.090914
241.9761851
241.2417309
240.6800262
240.1630686
239.1760517
238.7905386
236.7046371
234.9468091
235.1488162
234.4864307
234.465563
234.610991
233.6216077
229.8759775
227.3531468
229.6907505
227.4088655
227.2881775
227.093915
226.9394516
228.4957028
229.8929728
232.7752859
235.733755
235.8529371
234.9302441
235.2679983
233.3959362
228.3556531
228.7422419
228.0852345
227.7442533
230.3864812
233.2107092
229.8998569
230.2636419
231.2936849
232.5993094
232.1133305
233.2257683
231.8317252
232.9112481
235.6552325
235.2303506
238.4179332
241.5300053
243.5937483
244.0504695
245.6247916
243.4775781
242.3980552
242.4838921
240.997128
238.852496
241.8952962
239.0280422
238.9678058
238.5760539
236.5254338
234.1142556
232.4900233
232.5074489
231.3982381
227.3471232
224.5220347
221.8081685
223.8275947
227.166629
224.8148268
227.5465488
226.6404208
226.9727968
226.468747
227.788355
226.3616122
225.7043897
220.5679435
222.8711263
221.6126152
223.3216087
223.5746017
223.7331526
223.4704788
223.4704788
223.4704788
224.0420794
225.9109146
225.9109146
225.9109146
226.8632956
222.1069842
222.8801618
222.7678639
221.8940054
221.7548162
220.4296148
221.5056956
221.8617359
221.0175654
220.4892058
220.8205062
219.4430282
219.0689169
219.7140921
219.9612766
220.0208676
220.05787
219.8808179
220.4446739
221.1339508
222.1158045
223.8805167
225.4513967
226.2129573
226.4356169
225.693203
223.8056515
224.1713726
224.1249045
225.3210279
225.7738768
226.7753074
225.2128175
225.6278034
225.534437
223.312143
221.3628492
220.3112933
221.8950811
223.0253746
224.8802263
221.3817806
220.6628158
222.1934665
222.3018921
222.1125776
221.349296
221.7171685
219.0403046
215.4902277
212.5810234
209.6259963
203.4767175
200.5322319
203.3616229
199.5673734
192.1395764
195.057386
204.9393871
206.3740897
205.6015575
207.1330687
212.8632741
216.1181925
212.8841417
211.5453871
214.2788301
212.8359525
216.2961051
217.9655146
216.034722
213.0138651
213.0138651
213.0138651
212.6799832
214.8820549
213.8201727
210.1973819
207.1724375
208.456334
208.1650478
208.6596319
209.527897
209.4605613
209.4605613
209.2645778
206.2617918
202.7379608
203.3173061
203.1510106
202.8945755
205.8965009
206.6911915
205.025224
204.6840277
203.2312541
202.1241946
202.8472469
202.0377123
203.8454505
206.7296998
208.4500952
206.8518937
207.4837308
207.289038
209.1884217
205.8029193
205.5322856
205.5322856
210.6700227
214.5088042
212.0746071
213.2096335
211.6219734
209.9321265
211.2997085
209.3697764
207.4914755
208.2291566
208.4300881
209.7940129
209.6464337
210.5665451
208.5882087
208.2700313
208.7534286
210.2206159
211.0301505
211.8969097
211.7712737
211.5572192
213.4596147
210.8324459
210.5816042
212.1795906
211.0191788
212.4984134
214.4046812
215.2318565
215.6414642
216.752396
218.2350727
218.7709617
218.8907892
218.5891768
216.4228167
214.7555584
215.9630837
216.5981477
217.6111954
218.400938
217.3962804
216.7224929
217.3104435
216.9331053
217.8181505
215.5104499
215.6109157
214.9121731
215.1877548
214.462121
213.5017802
211.0718857
211.0908172
211.4875171
211.4896684
213.8903052
215.2589629
215.5792916
215.1894758
214.9530479
213.9440877
213.787473
212.5842503
211.9765078
212.0817064
209.3506298
203.3181667
199.9812837
189.9960201
191.7383588
191.7136188
184.6029236
184.8858197
184.2813041
182.56306
175.8927361
171.459335
179.6033001
180.3457141
182.9507245
187.8059957
192.8589715
192.5866168
194.3425086
191.4546022
196.4436843
195.6961072
193.9890499
193.6332247
195.3015586
197.6363656
195.3800811
190.5086751
189.8927576
189.1441049
188.261211
186.3854916
188.6170362
191.0445642
191.2921789
188.1912937
190.9795949
189.0563318
186.9646219
188.4406295
188.9102585
190.1797412
192.8710187
193.0512978
195.5145374
197.8601009
193.5729883
190.9899212
194.7996601
196.6170792
196.0979702
194.0972603
197.1308099
195.7085848
195.0016673
194.2887261
192.6670754
190.7238052
189.021911
189.4676606
190.8070606
195.6946013
193.1478912
192.8142244
194.5871116
196.2588876
195.8559489
195.0249013
193.6444115
192.8125034
191.932191
192.2538105
194.1970807
195.2970409
197.4937343
195.887573
199.226177
200.9495843
200.9495843
200.9495843
205.2539073
207.1750191
207.1750191
207.1750191
203.2929964
203.3674315
200.3887401
198.5061366
198.2886401
198.6053116
196.894597
196.5613605
193.6594706
196.3047103
195.0819108
199.4395861
200.4704895
200.0434563
200.489421
202.7571074
205.7177278
204.5609732
206.1933804
204.9105597
200.8095346
202.6990222
202.9821334
204.3282025
200.5834328
199.8715673
200.7807071
201.0298278
203.4274528
203.2019964
204.1498596
205.8769241
204.4820205
202.9593297
196.7158239
195.6274807
195.6711521
194.2364495
196.0162208
196.6409586
197.9541127
199.5669431
200.4014328
202.6058709
202.3677219
200.9003195
200.056149
199.0289027
200.1004658
199.3543946
198.7057773
197.455226
196.6570934
198.8851958
200.689492
199.5871653
200.0841159
201.0973786
201.713081
202.5381049
202.0228683
202.5548851
202.5548851
202.5548851
201.4510525
203.0688309
204.7053255
202.9616961
201.5682984
201.0345607
202.822722
202.3272774
204.3809094
205.3474889
208.0277948
208.3003646
207.6381942
209.3439608
210.07024
211.5514107
211.064141
207.7154259
204.94412
201.5072015
204.3858573
204.3858573
202.2003507
203.0709822
204.0657438
201.5149462
205.9989028
206.8486667
206.2731937
207.7872794
209.5455377
208.0194047
207.2352555
205.0570633
203.9521551
204.4981553
201.4603031
202.7211806
199.3229856
198.9338152
198.6541461
201.7113599
199.8655437
198.7563329
197.0217389
192.4377467
191.4524509
193.1115342
192.9146902
193.3856099
193.5523358
187.718868
182.5428378
178.7279357
186.2837351
184.88625
181.7982725
177.5466563
178.6248884
173.6261254
177.8644035
176.2319963
177.5049211
183.5307152
183.1703723
177.9504555
173.0338722
177.1604978
184.3434767
184.3811245
182.4378543
175.1978659
167.0721869
167.8698893
161.9376768
159.8685555
162.6734218
165.9612551
157.5191197
148.9270386
143.1475685
140.7307969
148.2325987
148.5974593
158.9884583
159.378274
159.6801015
151.6193918
148.9132703
144.6098078
148.305958
149.7382942
154.6680005
156.7384126
154.6895135
153.9073004
150.7330558
157.0626136
156.7050674
162.3283531
158.5711059
160.0389385
166.1423946
166.220702
165.05986
171.1433089
163.7195994
158.8253897
160.696161
158.7272903
153.6994848
154.5701163
152.8071251
156.7302376
154.5507546
158.5902525
162.9834242
158.5853045
154.4505039
152.9271677
151.6800585
143.5051147
140.9145181
139.6327729
133.8341562
130.3111857
134.0645605
139.8550023
139.0076048
132.9953639
135.3886863
139.1353921
136.5617907
132.1767939
131.2788409
127.8711801
125.8199146
129.3321286
136.8799682
136.99872
145.6364086
145.2524014
146.8095131
146.8529693
146.7312057
148.0366151
143.6359138
144.0889778
142.9246937
144.6257274
140.1536029
142.5198189
144.0831693
143.4509019
147.1780309
149.2079985
148.3517807
146.1867114
144.2836705
143.8140415
143.2949326
142.4858283
146.9181538
148.0013338
149.7778782
149.7195779
149.8804952
153.8124281
151.6785526
151.4722428
147.0356148
150.5336302
149.5085353
149.4029064
149.0679488
146.2529715
144.0197059
141.8604451
143.4326159
139.7084987
141.9701615
144.1051126
142.420859
139.7644325
143.6636656
143.9302118
141.9589747
140.879667
142.3376037
145.0409285
145.4060043
145.4060043
145.4060043
141.5203244
142.8894124
145.6297396
145.6297396
149.3039466
147.0345391
147.3860617
146.326546
142.9464218
144.1582497
142.5770435
144.3036776
144.2871126
144.5431175
143.2897695
140.5763335
139.3967752
137.6744436
134.7404993
134.5029957
134.0391752
129.8632848
129.9962352
128.5339959
130.9692687
134.4659933
134.5075134
131.1420181
131.455893
128.3874923
126.5528628
124.6984414
128.4784924
125.7226758
124.6229307
127.1634021
129.4343154
131.3543515
128.8917573
127.4600665
126.9551561
122.9956866
119.0443921
115.570041
115.7096604
118.5982123
118.8479783
116.0235352
114.3145417
112.1980918
108.5613175
105.427087
103.2863274
100.4550002
111.0187486
119.0893543
123.2153345
119.327073
120.7230523
120.7568277
125.2493896
119.5198296
120.7878064
122.0250196
119.6172836
119.2700636
115.8510009
116.8438263
121.927996
124.410167
126.9723665
132.5326191
129.8185378
130.4875924
128.6826508
129.8015425
131.6019663
135.4872159
135.2920929
135.1055751
135.1055751
135.1055751
135.2669227
137.1217744
133.2143664
131.6624178
133.2601891
132.6518012
133.1446642
133.1446642
132.6348059
134.200953
136.5908333
137.5666634
134.5098798
136.5116654
137.0651952
136.1181925
136.8593157
137.0959588
139.093872
133.7728441
135.0307098
132.664709
134.5666742
134.6167995
134.5726978
134.533329
134.9390644
133.6431207
135.5655233
137.1116633
137.2089021
138.5153872
137.6378715
140.0759409
138.3219852
139.4587327
141.1434165
141.164069
137.8844106
139.5325223
139.7171039
140.4683382
137.9893941
139.761851
138.2189379
136.7816537
137.7899685
137.0090462
137.9138834
137.716394
134.8368776
137.3171125
136.9115923
135.57671
139.7904633
140.4545699
139.4968107
138.3019781
140.2403003
141.8991685
141.2152699
139.7738983
140.4793099
140.6886314
139.2334915
139.8713522
139.2601676
140.6765842
140.0890639
141.2776577
140.9403337
141.8871212
143.7430486
143.3256962
143.0731335
144.0106705
142.1706627
143.1408995
143.4805899
143.9104198
144.6721955
144.2699022
145.9160777
147.4695322
148.3993245
150.4260652
148.925963
150.1573677
150.0325922
149.6231996
147.9800359
148.5499156
147.006142
144.9135715
147.2500995
146.8170426
149.5141287
149.2488733
148.7897856
150.0988523
148.927684
147.0915486
147.9266837
147.7939484
148.7583766
149.8925425
150.2879516
150.6005357
149.5771618
148.9775942
147.9714307
147.913991
147.5562296
147.123603
146.5087612
144.9572429
146.6707541
146.6544043
148.4223434
148.2698162
148.3173599
148.0400572
149.0165327
148.7482655
150.2965568
149.7002162
151.7443824
151.3143373
150.9574365
151.5970183
151.4621317
149.9964504
148.352211
147.9417428
149.2820033
150.1765142
149.2647929
150.5261007
152.1610894
153.0758226
152.8064797
153.2141513
154.0441232
155.251003
154.9868233
154.5436553
154.1069412
153.99744
155.0679273
152.510891
151.8063399
151.5268859
150.9722805
151.6923209
153.6753902
153.6358063
152.9497564
153.4081986
152.7625932
154.1803005
154.5881872
155.7434358
155.6446911
154.9969344
153.8094162
154.2908774
153.6396786
153.666785
153.2046855
153.4294965
153.0758226
153.0562458
154.5567782
155.1019179
155.6201663
156.6433251
156.2795401
156.2795401
156.2795401
157.3995074
157.9246399
158.3376897
158.3376897
160.3132294
161.2378586
162.0344854
161.8423742
163.4468145
163.2648144
163.4044338
164.0108856
165.7241817
166.7419622
168.5731496
168.6368281
167.7664117
168.7697785
169.0343885
168.7119085
168.664795
169.1116203
169.6860176
168.3698517
167.9815418
169.5670507
168.7022277
168.0144567
168.5499156
169.1830434
170.4082094
170.2939753
170.8959093
171.6835006
171.0041197
172.0554605
173.4417589
174.5838846
175.8391687
174.7306033
175.9095163
174.8048232
174.6335797
174.4087687
175.1283789
175.2241118
175.7273011
175.0070455
176.8481289
177.3227059
177.4887863
175.0360881
174.8594663
169.5948025
170.3004292
166.5606075
166.7873547
169.5399443
166.9809717
166.3758108
163.2424409
164.2088053
163.7236869
165.400626
166.4569148
166.9588133
167.0885368
167.4871729
169.9422376
172.0012478
172.4351652
172.8630589
173.0618391
174.018953
174.018953
174.018953
176.3236417
174.515043
174.5808728
176.0758118
175.2430432
176.2236062
175.8535825
176.5467316
177.2994719
176.6007293
175.765164
173.6562436
172.5119666
172.1477514
173.0706595
172.9411512
173.5785816
170.9795949
169.9676229
165.2190562
167.614745
166.670539
168.5165704
168.8315209
166.7832672
168.2138823
170.3458216
170.592791
170.7625286
171.8142997
169.4736842
170.6332354
172.1909925
169.9091075
170.0547506
169.0909678
170.2933299
172.2342337
173.4432648
174.5313929
174.5742037
174.1878301
174.2590382
172.8189573
171.9100326
172.6511558
173.0558155
173.6930309
174.6462723
174.2127852
173.4841395
173.2059763
173.9100971
173.4135769
173.895038
174.1577119
174.6501447
174.6316435
173.8268418
173.2780449
172.099132
173.3352695
172.8559596
173.6771112
173.1068013
174.548173
174.1557757
173.293104
173.4920993
171.9354179
172.7935719
173.9554896
171.2138716
170.6403347
169.976013
172.2600493
172.3661084
175.2002323
174.2233266
174.620887
176.3944195
175.7533318
177.2807555
175.054159
173.0005271
174.6615466
173.6689363
174.0761776
173.0074112
174.283563
174.888724
174.6957523
175.8419654
175.8112018
177.4341433
177.2762378
178.6132714
180.05787
180.9898136
181.0306883
180.6828229
182.6893414
183.1168049
185.0312476
185.4572052
185.5217443
185.6936332
185.1568836
185.5023826
186.0942055
186.4128131
187.6670216
187.7427474
188.826788
188.1377263
189.2824336
188.492691
186.6735508
187.8565512
187.4813644
188.1762346
189.9332021
190.0943345
192.3559973
194.8678563
195.2374498
195.9252208
195.7208472
194.7880431
194.7701873
192.7516215
194.2340831
193.8046834
193.6280616
194.1841729
195.3977218
194.4451257
195.0096271
195.2632655
192.7346263
192.7989502
194.7818043
196.4955307
196.5368357
198.0390891
199.5131606
200.3945486
199.3918272
200.1815698
199.6865554
199.8001441
200.806953
202.2009961
201.761055
201.0143384
199.6887067
200.459733
200.0070993
201.1268515
200.3667968
200.142201
201.0911399
201.4704142
201.9964073
201.1870879
200.2725698
202.8732776
204.0072284
203.2981596
203.2224338
204.1958975
203.7699399
203.1979089
203.270838
204.4751363
204.8096636
204.9774651
204.8204201
203.6541999
204.0805877
204.8075123
206.0817279
205.7297751
205.3158648
205.7611841
205.4597868
205.1183753
205.1276259
205.0854604
207.8324567
209.1514193
207.8647262
209.4091452
209.7539987
209.8740413
208.4180408
208.1573031
207.2746243
207.0521798
208.3558682
208.0738327
208.0105844
207.4835157
208.6510267
208.0518894
210.2746136
210.6855121
210.4082094
208.6211236
209.5022965
210.4551077
211.6103564
212.6922456
214.3601493
214.748244
215.3080125
215.6298472
215.2275539
217.7157486
216.9307389
218.7322383
218.2546495
217.6720772
217.8119118
216.1328213
215.247561
213.3864705
213.0977659
214.6735939
216.8922306
217.3132402
215.9654501
215.5958566
217.736186
219.915669
220.2620285
219.2401605
216.8935214
217.1056396
215.8813342
217.0084008
215.4966816
215.603171
217.0411006
217.3717556
216.7381974
215.6169393
219.389891
219.389891
219.389891
218.8707821
218.9110114
218.9267159
219.7695957
218.986307
220.1783429
221.994256
222.2943625
222.7728119
222.8659632
222.1635634
223.6828122
221.8742134
220.0342057
214.3534803
216.1807953
214.6370217
214.7215679
216.0351523
217.0832661
216.9214883
213.0936784
211.8781933
212.8684372
213.491454
213.4523003
214.9539084
216.7218475
217.1495262
216.2887906
215.2469156
214.7097357
214.9029225
213.5153334
212.9658911
212.5427302
215.0814805
216.3047103
216.2823367
216.821883
216.2081169
216.5611454
215.5418589
213.9163359
214.7090903
214.5257995
216.1878946
216.1728355
216.7085095
215.2307808
216.036443
215.2636957
216.836727
217.997569
218.0483397
218.5095787
218.5797111
220.0587305
219.0093259
217.6722923
219.4490518
220.8779459
220.5449245
218.6935149
216.0792539
216.815214
218.7797821
219.1893898
220.2674067
220.3799198
219.4296901
219.8494089
217.6755193
219.0215883
221.112868
220.1781277
221.3968397
223.5610485
223.3626986
222.7013887
225.1639829
225.0047866
226.3876429
224.9152925
225.0286661
225.9343638
227.1958867
228.2192606
227.8733314
228.4309486
229.6655803
230.9419471
229.7613132
229.021911
229.374079
232.5281014
233.8429765
232.869728
231.5925006
231.0996375
231.3466069
230.9518431
229.1077479
230.4757602
230.4916798
228.5094711
227.6799294
227.5183667
225.3489948
225.5297041
225.769359
226.860714
226.9925888
226.4633687
227.6121635
228.8457194
229.6401949
228.5925113
229.1733626
230.057117
228.9784547
230.1229469
230.0695946
230.8034034
231.389848
232.0756828
231.1917132
231.1955855
232.0487915
234.5021352
233.7201373
235.4121355
233.9563501
234.4694354
236.148741
237.6600299
236.7468026
235.1027784
234.478686
234.6189508
234.9835963
234.1514731
232.2469263
233.2261985
231.9558553
231.730399
228.3025159
229.5507008
228.469672
230.4002496
230.3021502
230.2941904
227.9682038
227.2285865
230.1059516
230.5181408
231.0071316
233.0558155
232.8740306
234.7738445
235.1438683
234.5655985
236.421741
238.7401981
238.8142029
238.7662289
237.6778857
237.6423892
238.8770209
239.808104
240.6389364
240.5972012
239.8132671
241.2217238
240.4022933
240.2906408
239.2543591
242.3337313
244.0610109
242.847462
243.7979068
244.2785074
243.8966515
243.3657104
244.2113868
243.7662827
244.1492142
242.4486108
245.3982596
245.916508
245.8113094
248.0574828
248.4154592
248.4849463
248.4849463
250.4344552
250.6321598
251.1826777
249.6313746
251.3255241
252.5485387
254.4313574
254.921854
255.2193789
255.3757785
255.2400314
257.6600299
258.4342831
257.7938408
258.7556875
255.6216722
253.7904848
255.5048566
254.0398206
253.4228275
253.7717685
256.0657007
259.0351415
261.2892747
260.8514849
259.5770542
262.4735659
261.5523788
261.4572913
262.8749987
262.6248023
262.0973033
264.9221767
264.1167296
264.0754246
263.4283133
263.669259
264.7502877
265.4017017
266.458851
268.4825798
271.1243775
271.1166328
270.4441361
271.5042972
267.6926221
269.3213721
267.270752
265.0777157
266.7367991
263.6737767
261.7423387
263.0468876
265.9001581
267.9249626
267.8115891
268.158809
267.7199436
269.5889939
269.9897813
269.3200813
270.7915712
270.8479353
272.0356686
270.16124
268.5501307
268.6273624
270.7524175
268.7958093
269.5902847
269.321157
269.7744361
270.0861596
269.4401239
268.2164639
264.5448385
264.5878645
264.9796164
264.9796164
264.9796164
264.7769639
266.7884303
267.8756978
269.3927953
269.6195424
272.4254843
272.5453118
272.7531275
271.5593705
271.5593705
271.6437015
270.7266019
271.1908527
273.5686857
274.8700076
275.5728377
274.3988727
273.8208181
268.2590597
262.4436628
263.3913109
254.6690761
253.5583594
256.4331429
247.2279411
253.3974421
252.798735
255.4231071
259.8220874
259.1586262
252.2755386
254.9732701
254.9551992
254.0976906
251.3917842
245.6663117
246.1492788
239.5570471
241.8712016
240.0722837
235.133542
234.6791872
241.2212936
239.4561511
240.6886314
241.7001732
242.1041875
244.71264
244.8128906
244.8888315
242.9287812
243.3360225
247.2909742
251.6284273
254.1783644
254.0815558
251.7045833
254.3715512
253.9785085
256.0719395
253.9427969
255.0158658
248.8971355
246.248884
245.4982951
244.6939237
249.6195424
251.3395076
250.1894221
254.5927049
253.6495746
254.2545204
257.6473372
259.244248
259.0426711
257.3065711
260.6785203
259.4481913
262.2982349
259.2018673
260.2964493
260.9986339
261.7948304
263.454344
265.8745576
269.8490862
269.7339916
269.6911807
270.30172
269.6924715
269.57415
267.8105134
268.0404875
268.482795
270.1638216
270.3873417
272.0404014
269.4459324
270.272032
270.6827154
270.6220487
267.080577
265.6542644
266.6182624
266.3669904
270.5430959
272.3848247
273.136059
274.4724472
274.4668538
273.2737423
276.9957082
278.5330278
275.624684
277.0555143
278.3194037
280.2704185
280.4691987
281.4433078
281.4491164
280.7297213
283.1654243
285.4399948
284.5500016
285.2711177
287.2948466
286.9203051
290.554713
290.6244151
290.4835049
285.4944228
289.3306227
288.9917928
289.4343154
290.6134435
289.9106134
290.0659374
289.7479751
287.8064259
286.2024159
287.3647638
288.5017264
286.3078297
289.2146676
290.4368217
290.8404057
291.6118623
290.2490131
289.3209418
291.6512311
291.32703
294.1078017
292.9452386
290.3451762
289.0305162
289.9344929
289.352566
287.9832629
286.0387019
282.4253767
281.0167049
284.2905547
282.1850764
280.4810309
282.263814
284.1167296
284.3714436
287.3116267
288.102445
290.6855121
292.0928932
293.6827046
295.2703648
295.917261
297.3842331
296.2477008
297.1714694
297.4672733
296.0411759
296.0411759
296.0411759
297.3437887
298.0035927
297.5784956
297.5784956
302.6101735
304.0416492
300.5036196
298.2834769
299.8754397
301.7834285
300.1863027
303.7897318
303.9831338
305.1665645
303.9461314
303.9728076
304.4983704
305.2360515
304.0134671
303.0270956
304.6760679
303.2329751
300.1622081
301.4112535
302.6762184
302.6069466
305.0148978
307.2535416
307.1188701
309.7262469
310.5224434
307.8178278
308.9414523
308.2108705
311.2170985
312.2305764
311.8121484
310.9425925
312.4779761
311.2383964
310.4587649
310.6519518
309.413878
310.4656491
302.1250551
295.9755612
292.1613045
292.6524466
289.2454312
291.4821388
294.7587854
299.1734702
299.9657943
298.48699
293.9341917
286.2680306
290.966472
290.1207956
297.3532544
297.8919402
298.543139
305.964482
307.614745
303.7363796
305.5292738
303.4422967
307.4032721
306.3007304
307.4161799
310.7326256
311.907451
311.6884486
311.6884486
311.6884486
314.7833102
314.0809104
312.1778696
312.6423355
314.0720901
313.2573924
311.6729592
309.0784902
315.0470597
314.0882249
314.1759979
314.7568492
315.8058236
314.0251917
311.0579023
311.0579023
314.9663859
315.6862112
316.2726559
318.0819
316.4234621
317.8377274
315.8137834
313.8261964
312.312541
312.7412953
312.9740661
314.1159766
318.0068196
316.8223133
317.7807179
318.7012596
314.6815537
311.2375359
312.906085
311.2386116
310.2950509
312.2899523
313.5125367
312.6554584
312.1841083
306.1137823
302.376112
301.8572182
306.0939903
304.2767864
305.9360848
309.7219443
311.8375337
310.9096776
309.9938688
311.8377489
310.6754009
308.9941592
309.7286134
306.4074349
304.0627319
306.9923736
309.356008
306.863941
308.975658
310.0605591
308.4120172
309.679994
310.1117601
308.3511353
306.3562339
309.0819323
309.942883
308.282724
305.2207773
303.328708
305.5679972
304.1481386
306.0793615
301.9376768
299.1168909
292.1092431
290.3456065
289.8118687
292.9353426
288.5512063
288.6673766
286.1299171
282.8250885
285.79582
287.4032721
279.8207966
272.2940398
277.8441813
273.8625534
272.5339099
264.2477438
269.7802446
272.4900233
272.2109996
276.15541
276.7377672
279.2963094
279.7457162
275.7623673
276.8776017
280.5662224
283.3364527
285.256704
288.0824379
284.5764626
284.8126755
278.0556542
275.1505373
279.1528177
278.8867017
280.5300806
278.007465
274.0335818
278.4235266
285.9328579
284.6926329
285.0045715
279.7392623
273.3705508
275.8135683
279.8423096
278.2268977
278.966515
281.9125066
281.8995988
288.7125539
292.2146568
291.5023611
294.1271634
296.8440414
298.8101154
297.9035572
294.6034614
291.5529166
292.1643164
288.7080362
287.2726882
282.1110717
284.9877914
279.7022599
283.0236536
283.6987318
283.7852141
282.1310788
285.7609689
279.4843332
272.7619478
268.9909323
269.7090365
266.7553003
255.4000882
249.7408758
251.1575075
253.9767875
256.9634386
255.3727667
250.6923962
244.1939613
245.1990491
235.4887218
237.0656254
244.4809449
245.5974701
247.8139555
253.5497542
255.5524003
258.0358622
256.3475212
252.1385008
256.191767
257.6729377
259.5434939
261.6410124
259.163359
257.9771317
253.1334775
254.7665301
249.2215517
250.0781998
248.1377263
249.473254
252.175288
254.5677498
254.5677498
254.5677498
254.7641636
255.1062205
254.2534448
254.2534448
253.6867921
252.0825669
250.0566868
248.6092915
248.3747997
246.147988
244.6506825
245.2341153
245.5959642
237.752751
230.4273559
228.3911495
221.6371401
209.6851571
215.8183011
210.4008949
223.2497553
215.9850269
221.351017
228.7811804
229.518001
225.9563071
231.1626706
229.8335969
220.9594802
221.3535986
218.5237773
215.5704712
211.9063754
220.2069552
221.9449912
224.0074435
217.9603515
222.2386438
224.9834888
224.0631622
224.2531221
219.4875601
224.5943184
229.9706347
228.2059225
227.0248583
225.6587821
224.246453
221.3363882
225.6447987
220.7686598
220.1895296
216.1622941
221.6666129
226.5915863
222.8037906
221.3546742
212.9181322
220.6602343
220.4666172
220.3065604
220.3065604
220.3065604
226.3966784
225.6065055
226.9966762
226.8172577
227.2348253
233.7491798
235.5003388
230.7061646
232.8406854
236.5495283
236.2094076
234.6230383
234.3031398
232.266288
231.1022191
231.0615595
235.2086224
234.827627
240.5305108
238.9490895
237.4124152
237.6662687
236.3223509
237.9560489
240.7555369
239.1592716
241.2925016
241.2925016
242.647391
242.6007078
237.8312735
238.5091484
236.5518948
235.032646
235.0087666
233.3391418
234.0621941
232.7081653
233.1240117
234.4094141
231.4210419
228.1525703
226.9727968
222.6682586
221.5338776
220.2880592
223.0776512
223.1073392
224.196758
220.7036906
221.565932
221.9196059
224.5334366
218.3105833
213.7149741
211.3257392
207.4620026
211.4412641
211.3864059
209.9674078
211.2573279
205.947917
200.7359601
195.8589607
193.2115697
193.4587542
196.7212021
181.465036
181.2692676
179.1199028
174.9844569
175.0991212
175.6005895
171.5176353
172.9364183
169.6698829
175.1965751
171.6852216
167.285596
168.0884615
158.812697
161.6319769
168.4858068
172.1309712
174.5206364
170.0695946
175.3260834
173.8341562
170.0347435
166.8219906
165.3180161
167.4878183
165.6835221
165.954586
163.5814859
171.1420181
176.9662353
170.3593748
172.6102811
175.6132821
178.1920466
172.0698743
172.262846
174.3719815
173.8135037
168.4722536
167.3185109
164.7018835
168.5974593
166.6369787
167.4064991
168.0411329
171.6335904
175.1090172
175.4061118
180.6230168
178.4459002
172.4474276
168.8728258
177.4545807
176.1997268
173.7749954
170.8459991
173.1898416
165.3834156
157.7942711
151.2618456
152.1694795
168.9287597
163.527058
158.523347
156.2313509
155.9581357
147.1457614
131.6217583
136.8754504
141.2105371
144.7010229
145.3081201
137.2581669
132.9531984
125.1033162
122.9505093
117.6398077
124.509342
106.326546
100.0903546
92.50873966
94.65939527
97.93991416
96.99312659
90.80447901
90.46199189
87.81201932
84.64121678
85.20012478
90.83717878
93.40647757
96.19499392
99.88296923
102.824228
100.9919649
98.50936354
98.92090742
100.7316575
98.29100649
94.92916841
93.95785601
93.4310024
92.17421235
90.62118816
85.68502802
82.82401282
79.62524337
80.83470479
82.56219949
81.48676412
85.2031366
86.1565932
82.19905988
82.50562027
84.40005593
85.80571601
84.61432551
88.67856336
88.50753493
89.44162983
88.37953252
87.50481354
87.70294836
87.28559596
86.62923403
87.66766702
86.21467833
85.84185786
86.20069487
85.53615799
85.53615799
85.53615799
86.81682748
86.72173997
86.97666914
86.97666914
91.43373455
91.99328794
93.17521271
93.90923661
92.21637785
93.0693687
93.75090086
94.02820356
90.82491637
88.09427001
88.23238353
86.85318446
84.61346499
85.48603268
86.12625986
87.49427216
90.90214807
89.70494907
93.28148698
92.02491207
92.90759087
90.64850969
90.93828993
91.72631149
91.13707014
93.24362408
94.45975454
92.08493336
92.22627384
90.0246324
89.60577409
89.21832478
86.5825508
85.77452214
88.21173104
86.07721019
85.8706853
84.05262082
83.93602031
83.93343875
85.14031861
80.63506405
77.87903234
78.68727613
77.77835146
75.58165801
77.38100616
80.50082287
83.23856852
84.26237267
83.6972259
85.82615337
85.40837071
85.19022879
84.0209967
84.30733486
86.37258382
85.87412738
86.52597158
88.6095066
86.56813708
84.42673207
86.98269278
88.42126776
91.42598987
90.02785935
90.12359224
87.95013284
87.77351103
89.77701765
89.77701765
89.77701765
90.37572472
91.7521271
92.89253176
95.32952553
92.79185087
94.33239752
95.01500532
94.8104166
96.77433928
95.7509654
95.48484946
96.92148827
96.78853787
96.78853787
98.39620511
97.00969161
100.32248
103.0836749
105.509697
104.1459873
102.0674003
100.7232674
98.89509181
99.79067841
102.4742113
103.3299988
104.8533351
102.5591877
102.6998828
103.4616584
102.6665376
103.7903772
102.7132208
103.1221831
103.5821313
103.1406843
102.5251971
102.5813461
103.0858262
101.7928943
102.5596179
102.9610507
102.0435208
102.5798402
99.64223864
98.92693106
98.1395549
98.76945583
99.49939226
97.09488313
98.64597115
101.0821044
101.2785182
100.9579743
102.2403649
101.9054073
104.5867889
103.2953629
103.4898405
101.7728872
101.2415158
100.0666903
100.3325911
100.479525
101.6584379
103.606441
106.2419998
106.3140684
105.6555552
106.6627943
106.5644799
107.7171469
108.4744049
108.269601
108.1499887
106.8381254
107.2991492
108.8158164
109.5410199
109.57415
109.7619585
109.1780955
111.9126142
112.9374939
115.4777502
114.2297805
114.5223574
113.6166597
113.6945368
112.1774393
113.8907354
113.8064044
115.9673863
118.318328
120.1787731
121.0517711
120.6925038
119.4006475
120.2605226
119.3328816
117.4547958
115.4835587
117.0122732
118.2094722
120.2280379
122.0220078
123.2065141
123.5610485
124.193531
123.4057246
124.6777889
126.3495649
126.7690686
126.7761679
126.5767423
125.3601816
126.0240731
125.0695408
124.4605075
125.8554111
125.9038153
125.6940635
123.9938903
122.0852561
123.8652425
128.158809
127.2371917
129.4618521
129.3805329
130.0065615
128.5666957
131.763529
131.6572547
131.6546732
133.303
131.5778717
131.7781578
131.1325524
130.4267106
127.6168963
124.9047511
121.4153409
124.7115643
122.1398991
122.7510837
120.2377188
122.4516226
123.7223961
124.3591812
127.0450805
125.5148601
125.9862102
126.5421063
128.3048824
130.0674433
129.5700625
129.4754053
127.5168608
127.551927
129.3450364
128.4182559
128.8011875
124.5669969
126.3009455
124.5321458
128.0536104
129.9239515
130.3653985
130.9503372
130.6282875
129.3551475
127.5456883
128.2831542
128.8072112
129.8581217
130.2051266
131.1833231
129.2794217
126.9887164
128.229802
128.5365775
128.6652253
128.7499866
128.7499866
130.1821076
130.857401
129.9654716
129.9869846
129.9869846
132.9495412
133.5783665
133.7564942
133.1435886
132.8415459
132.5496144
131.4408338
132.4250541
132.5315435
130.5325546
131.4657889
130.9836824
129.2845849
127.3959577
127.5854873
127.2587047
128.5565846
129.1858401
128.9270386
130.6007508
132.110749
132.5739241
131.6639238
127.5897899
124.2014909
125.200555
125.8341132
127.2378371
128.319081
128.9659772
128.2416341
129.6307292
131.9040089
132.1292502
132.4560328
131.480848
130.4669399
131.5744296
129.5319845
131.2454957
133.2612647
133.6876526
135.3176934
133.9100971
134.6882227
133.6878677
134.4616907
136.0454785
135.0367335
135.3957856
134.3132509
135.9667409
137.8194413
137.7497392
137.2540794
137.1904009
137.9663752
137.8101907
138.2043091
137.2403111
137.5019093
136.8722235
136.3171878
137.7381221
137.7381221
137.7381221
139.0411651
139.1807846
138.0442523
139.8042316
140.3164564
139.4632504
139.5826476
139.0758011
137.7372616
136.7676702
137.7899685
136.8799682
135.7298826
136.1517528
136.942571
132.2583282
129.5354265
132.606839
132.4898082
133.0650661
129.68989
128.4201921
127.0437897
121.982639
133.2031796
132.1049405
134.3293857
134.5318231
130.0147364
130.1442447
132.8931771
130.1038003
127.5725795
127.8029839
128.7045941
124.7793303
127.7208042
132.0922478
131.3065927
131.3608054
131.7347016
132.0920327
132.8927469
130.1141265
129.9545
128.9360741
130.9905665
132.997085
132.7946476
134.8196672
135.4717265
135.7632278
136.3053557
136.1749868
137.2558004
136.5805071
134.1407166
132.4160186
131.9435929
133.2231867
128.9298353
129.415384
126.8469457
126.39926
126.037196
129.493261
130.3144126
132.7544182
133.2339432
133.9864683
136.4432541
136.5301666
135.2213151
132.5734938
131.7650349
130.953349
133.3929244
135.5212064
135.6165091
137.097895
138.1092216
136.7704669
135.6343649
134.3437994
137.4324223
138.0375832
138.2602429
137.0531479
134.1093076
135.1113836
134.910237
132.0502974
134.4526552
134.1514731
133.4142223
135.2116342
134.8091258
132.6027515
131.6802736
132.5227231
131.0236966
130.2152377
131.6419805
132.4467822
132.1251627
132.4469973
136.7648736
136.9494552
137.1658761
137.8299827
136.9528973
138.3551153
138.9430658
138.1126636
139.7480827
139.8268203
140.1228393
139.0377231
137.936257
139.7422741
139.2012219
137.332817
137.7848054
139.5660826
139.159917
139.4522788
139.6581583
138.7079286
137.8187959
136.5015543
138.5461508
139.2999667
138.4061011
140.3226951
140.9065582
140.6791657
143.6950746
142.5938236
141.971022
142.3053342
141.9697312
141.9378919
143.5025332
143.6690439
144.011531
142.9601902
141.8307572
141.6392914
141.9434853
142.6415825
142.5361687
139.9535319
142.3251261
140.7458561
140.5584777
141.7666484
140.9119365
138.8563684
138.4648316
139.6099691
137.3080771
138.9964181
141.6993127
141.2464638
140.4020782
137.6697108
138.0246754
138.4467607
137.137694
134.124797
132.8421913
136.1104478
138.5799262
138.1754816
137.8076092
138.5592737
138.0976045
137.8037368
138.2533587
138.3880302
138.2251767
137.8218077
137.5920488
136.9965687
137.6935902
138.9622124
138.6296213
138.9542526
138.5807867
137.3362591
137.1637248
137.7045618
136.7304527
135.9200577
138.3376897
138.8965977
138.286919
138.9379027
137.9110867
135.8888638
137.1996515
138.9835103
138.8585197
137.4152118
137.1731905
138.4973163
136.8885734
135.0162961
136.2941689
136.8507105
137.4724365
137.9487345
137.7684555
135.7057881
135.437736
136.9580604
137.6888573
137.8882829
137.7269354
139.9806383
139.9632128
139.1519571
138.3428528
139.0060989
139.0816096
139.3853733
140.1292932
140.5498725
139.776695
137.9889638
137.9366872
137.1047791
136.3077221
137.2297697
138.0448977
139.13195
137.5561221
138.3273635
139.3133047
138.0476943
138.270354
138.3314509
138.0728646
137.2770983
136.3995826
132.0629901
130.1743629
132.0326567
131.8300042
134.7824497
133.6945368
134.8306388
136.2819065
136.5546914
136.0575258
136.479611
136.9774221
135.5091592
138.2361483
139.3229856
139.3376144
139.9969882
139.7190401
139.7915389
140.1495154
138.7724676
140.3332365
139.426248
140.9928254
139.6172836
141.1208278
141.8864758
141.9155184
141.9155184
141.9155184
143.5335119
142.7981972
143.5423322
143.6899115
143.5941786
142.6004926
139.8735035
138.9901793
139.8498392
139.5957705
141.2473243
140.416707
141.2763669
142.2562845
142.3608377
141.147504
141.0182108
141.6922134
142.3160907
139.4092527
139.5690944
139.5163875
138.4166425
138.3258576
138.4717158
140.7094991
139.5602741
137.0245356
137.1774931
136.567169
136.6678499
135.5711166
136.4499231
134.1706197
134.2994826
135.1922725
133.8595416
133.0394656
134.1443738
133.241903
134.5694709
132.9781535
131.4868717
131.0998526
130.865576
130.3565781
132.6956877
133.4243334
133.8984801
135.3643766
133.8623382
133.1698345
134.6514355
132.5810234
129.5782374
127.7905063
128.4354663
128.1813977
128.3266105
126.3048178
127.1421042
129.7819656
131.9676875
133.5964374
132.9874041
132.2503684
130.5695569
130.9421623
128.9550055
127.0797165
125.2922005
122.4694784
119.44604
117.6716469
113.608915
115.7918401
111.9014274
114.6211021
121.3198232
121.5971259
121.4646057
121.9245539
117.3739069
115.3090882
116.1668119
115.9493153
117.3110889
116.8266159
116.1113083
117.1282283
118.134822
120.7004636
120.9235535
119.1579808
113.2487872
114.0043241
116.2997623
117.5554767
114.1809459
110.4574742
111.242699
112.1780847
113.7534824
115.5919843
113.5202814
115.4082631
114.5427948
109.0903224
110.6667957
112.8852173
117.0144245
116.3513935
117.3108738
116.4236772
115.6870718
112.8901653
115.3129605
116.620091
115.5442254
117.2187981
116.8644788
118.1303043
117.764368
118.9878129
117.4061764
116.5243581
116.6022352
115.4355847
117.109512
118.2260372
116.6863511
116.6439704
120.3646455
119.5092882
118.012413
114.9143244
114.5210666
116.6824787
114.9603623
115.0322157
116.9096561
116.9406348
116.8470533
120.1378984
118.4256779
117.4208052
117.8846257
116.7347553
116.1532587
113.2496477
113.5901987
112.7761464
112.2432691
112.7819549
116.8623275
116.8186561
119.1706735
118.382867
119.5650069
121.476653
119.7814278
120.1759764
118.8714275
119.2259619
117.6294814
118.2705691
116.5484527
117.2416019
116.5925543
118.0192972
119.6592339
118.8565835
119.4965956
120.4980262
120.4980262
121.1593361
120.9672249
122.237353
122.8336937
124.8774296
124.7872901
123.069046
123.1576796
122.4232254
123.3448428
125.1712973
125.2855314
125.2274463
123.928921
125.1549475
126.0759194
126.5208085
127.7917971
127.8141706
127.8997924
126.6595674
127.2208418
129.2157432
128.0368303
126.7004421
126.4810094
129.298138
130.1655426
132.9482505
132.370411
132.4867964
131.9616638
132.1757183
130.7597319
132.6847161
131.943808
132.031366
133.4893027
134.1904117
135.0672819
134.2194542
133.309669
133.0822765
133.0553852
132.8594017
133.8554541
135.143438
136.4060366
136.1011972
135.9725494
132.5560683
134.467069
137.6034507
138.5517442
139.4012929
141.4058752
142.2689772
142.5409016
143.7574623
144.092635
143.0038616
143.2065141
142.2401497
142.5142255
143.75359
143.2486796
141.794185
140.2624587
142.3593318
143.7953252
143.6636656
139.5144514
138.6993234
138.6993234
138.6993234
137.3384104
138.6375811
140.2465391
138.3962051
139.5327374
141.5138705
141.2230146
139.8580141
139.6699904
136.9662353
138.2578765
140.4605935
139.7220519
139.0697774
137.9476588
137.9476588
139.6149171
140.4842579
138.4923683
140.7712414
138.8548625
138.1223445
139.0532124
139.7293663
137.2243915
135.7350458
135.555197
134.7590005
132.4831392
133.2193144
135.5521852
132.8215388
135.0190928
135.4913034
134.5619413
136.514247
135.0963245
134.8026719
131.2994934
130.8257769
131.280777
134.0518679
133.8343713
134.5916293
134.521712
135.7240741
136.2345779
137.2101929
137.1959943
136.9135285
138.7698861
137.2166468
137.539557
136.5187647
137.1701787
138.3351082
140.3153807
141.2094614
146.7690686
149.5274667
150.3961621
150.3587294
149.5831854
148.4324545
147.5400949
150.3626018
149.1342089
148.4634333
149.0728968
149.3316983
149.4304431
151.2612002
154.0271279
151.4657889
148.2898233
148.4247098
148.3050975
153.0005271
154.5393527
156.4750933
152.4340895
154.7957878
152.5939312
155.8766014
156.4600342
157.5210559
157.1120935
157.6279755
156.6958168
155.9583508
156.512526
156.9649446
157.3371196
158.1197629
158.0846967
157.754472
156.4763841
154.7731991
156.3087977
157.779212
157.4597438
157.7219874
156.6258995
157.5193348
160.5972012
159.3208343
159.6585885
163.5834221
161.9327288
159.3737563
159.8608108
159.1878839
158.7599901
160.1398346
160.2091065
160.3145202
160.9661493
162.2577904
162.7609797
162.0936461
162.9386772
161.7388966
160.7039057
158.8783117
160.6034399
162.260372
162.6779395
162.520034
165.0463068
163.5627696
161.8085988
160.0686265
160.5808513
160.064539
160.4175675
161.9538116
162.0734239
160.2088913
159.1080706
158.6883518
157.7972829
158.4314864
157.8218077
158.5754085
158.1720395
159.3526735
156.7840201
157.1848075
158.4773092
156.9122377
158.8329192
156.5484527
156.7909043
157.736186
157.6744436
159.3526735
157.2043844
156.4948853
155.4657029
159.3694537
160.8385771
160.0922908
161.5833575
162.0149085
161.7931094
161.7152323
161.2367829
163.355169
163.7621952
164.5913066
164.2408597
163.1325094
163.8030699
164.7388858
165.3418955
165.7921628
164.7214603
164.459647
165.309626
164.3598266
165.4503211
166.8781396
166.7533641
165.6736261
165.0751342
165.0751342
165.0751342
165.9124205
164.334011
164.5850678
164.5850678
167.9415276
166.9052459
168.0176837
166.8495273
165.3339357
164.3667108
164.9585337
165.3997655
164.5766777
166.602773
167.6224897
167.6059247
168.911119
168.8949842
170.0594835
169.1684146
169.9220153
171.2934697
171.733841
172.6479288
172.3708413
164.678004
169.2845849
165.8440092
166.0260092
164.5760324
164.2780772
164.4661009
163.9093442
165.9898674
167.2552626
172.7967989
172.3495434
170.3350651
172.553917
173.6173051
171.1514839
173.9204234
174.1600783
171.5950821
173.9509719
176.3064313
176.0949584
175.6016651
178.0922263
178.1815053
179.0770919
181.7739628
182.1857218
181.0588704
181.4654662
182.6019986
180.5335226
181.5072015
179.9629976
180.9631375
180.5014683
181.4867641
181.4327665
182.8188497
181.8496886
183.8637366
183.8637366
183.8637366
186.6311702
183.7327224
182.0779416
178.9275765
180.5186787
179.8418794
184.7924532
184.383706
182.3995611
181.2342014
180.0503404
177.246765
177.5991481
179.6538557
181.4153409
184.5147203
184.2210677
183.3013865
177.2900061
179.7633569
178.6208009
178.6208009
179.7145224
181.3047641
181.8473222
182.7407575
184.6242215
184.0061527
184.6138953
184.7208149
186.0875364
186.4801489
186.0380565
185.6467349
185.248529
184.8660277
185.4412856
183.0103155
183.3809847
184.841718
185.5974701
181.6390762
181.1651446
178.5042004
176.982155
177.9536825
174.8775372
175.0162961
178.4536448
177.4851291
175.1449439
174.0882249
174.0688631
175.9518969
177.1714694
175.8103413
175.6311379
168.537438
167.6308798
163.7314316
166.6707541
170.7257414
172.1759334
170.3193606
171.621328
170.5867673
168.0940549
173.7138985
170.5009304
173.8629836
175.5810126
176.360429
177.9952026
176.5394172
177.3657319
175.0642701
175.3910527
175.123646
174.4829886
173.4645627
171.8579711
174.0314305
171.7938623
171.8515172
171.8190326
173.152624
180.0806738
183.3327955
185.2315338
185.6542644
184.9675691
185.0602902
188.4047027
188.3870621
189.4024761
190.5319092
189.6229845
187.902374
188.3098304
186.3521465
184.2393537
183.5989114
184.2868975
185.3502856
184.6074414
180.4829671
179.0962385
180.6785203
178.6263943
182.2558542
181.9424097
181.6790904
182.4333366
183.7555262
182.4139749
184.6973657
185.2283068
184.4744909
186.2962126
188.0873858
187.6128088
189.1385115
190.8638549
188.3750148
186.8691041
186.1219573
186.4483096
187.3260404
186.4031323
185.6224252
185.4541934
184.2111717
183.3962589
184.6065808
183.3528026
181.7520195
181.4757925
184.7735218
184.7541601
184.8462358
187.6790689
188.5826153
189.2802823
191.5350608
191.7736401
193.1502576
191.4670797
191.6467133
191.7923564
191.6301483
192.7845364
190.5058784
193.7904848
191.8689427
192.706014
192.4196758
194.5520453
193.4727376
192.1434488
195.3488872
194.2336528
192.5988792
194.8074048
194.5395678
194.4072628
193.4533759
193.261695
192.2312218
190.9795949
192.6993449
191.1594437
192.1617348
191.3399378
191.5187109
190.8913916
188.1656932
187.2440759
185.645229
187.8851636
187.7713597
186.930201
186.0137468
184.6857487
183.7626254
187.2466574
185.7388105
187.7664117
191.034238
192.537352
193.2459905
193.9094517
193.9094517
193.9094517
196.4223864
195.2398163
196.1801499
196.1801499
192.7387137
194.7334
192.8041133
195.193133
196.623318
196.7833747
196.2515731
196.0020222
194.7633031
195.5885422
196.4243226
195.3430787
196.1622941
196.653221
196.5914787
195.085568
189.5425258
188.9999677
190.2053417
188.5531425
188.3066034
188.193445
184.9219616
184.8671034
184.5216044
187.4553336
189.0216959
189.3486936
192.5379974
194.0038939
193.445201
194.6645584
195.5835942
194.8717287
195.588327
195.1830219
195.5971474
