100
100.7428992
100.8470286
98.83482119
98.83482119
97.43668893
97.0654451
95.68459914
95.80560323
96.96090416
98.36603325
98.14871978
98.37344166
98.80889174
97.91947055
96.06942507
96.94114839
97.52764779
98.77678862
99.09082303
98.65743084
98.74509707
99.79091811
100.0222252
101.2503756
101.9994485
101.7047583
101.1861693
101.7302761
102.0245548
101.0277116
101.8858528
101.6051563
100.4708458
99.89792853
98.81630016
98.87968325
98.34380801
99.29990493
98.61133405
97.2955175
98.01948413
98.48662576
100.2629987
99.01056522
98.84305276
96.09988188
93.94238724
92.45988138
93.33119312
93.08589232
94.24119325
93.10194389
94.23172694
93.54397922
93.77693267
93.52175398
93.11634913
92.14584697
92.90315146
93.75018007
93.22541744
92.71752954
94.83921685
94.20620907
94.32227422
96.00521882
96.87941161
96.12375343
96.56537719
96.81520536
96.48306149
96.65468973
96.65468973
96.65468973
97.3337943
96.52915828
95.92907679
95.73316541
96.35711846
96.46330572
96.62834871
97.15228817
98.74468549
99.4019764
99.4019764
99.92303482
101.6850025
102.6122889
102.6139352
104.8072372
105.3945598
106.1242885
105.8016109
104.3643787
104.504727
104.274243
104.1791684
103.9997201
103.393465
105.1480242
105.930435
106.4407924
104.5368301
103.7033836
103.0572053
103.4292723
103.472488
104.431466
104.6018595
104.9084855
104.7940667
104.2618956
104.795713
104.1129042
103.2452967
103.9630896
104.0157717
103.710792
103.4054007
103.8548445
103.3609503
103.0753148
103.7231394
104.405125
104.373845
104.3936008
103.6725152
103.435446
103.3868797
103.3918186
104.2199146
104.2960567
103.928517
106.7807562
107.6080291
108.7007701
108.4353019
107.6376627
107.1116654
107.8064099
106.5811406
106.4687797
105.3595756
105.7633341
107.0812086
107.7002227
108.1467854
108.6904806
108.0990423
108.5023892
108.8859804
111.2216885
111.1233213
112.0267361
112.2975548
111.714348
111.192878
111.9189026
112.8807616
112.4568357
112.4568357
113.4372158
113.1347055
113.2898706
113.317858
112.691847
112.5712545
113.2363654
113.4079937
112.6231134
111.9876362
111.8863879
110.5388798
111.2492643
111.2352706
111.2558496
112.2148275
111.9855783
112.712426
113.4372158
113.6936292
114.1150856
113.9060037
113.5043031
112.7301238
113.1194771
113.0124667
112.6082966
110.3005758
108.9308425
109.5440945
108.1410233
107.463565
108.5147366
108.0031445
107.256541
107.3870114
106.6790963
105.359164
103.875835
104.0622801
104.9796886
104.9796886
106.9293361
106.4189787
106.0979475
106.7157268
106.0835422
104.4137681
101.923718
102.1780736
103.9272823
103.0576169
102.3250071
103.4654912
104.0548716
104.0548716
104.5755185
104.2182683
103.9643244
105.0797022
105.4221355
105.5711269
105.0043833
105.2377483
105.8258941
105.8106656
107.122778
106.5807291
108.0620002
108.4521766
110.5944429
111.1937012
112.592245
112.7548186
112.1423897
112.424321
112.4383147
113.4524442
113.0725572
113.3668358
113.3668358
113.0659719
113.0659719
113.5010104
113.5038915
112.9725436
113.517062
114.3538011
114.0134257
112.7976227
115.1283919
115.8976322
116.1437561
116.1437561
115.9091564
113.0807887
114.6489029
115.7758049
115.7758049
117.7884239
118.9342586
119.0886005
118.3395276
118.5366737
118.2489803
117.0253574
116.8347965
117.6678314
117.6435483
118.6074652
119.2235983
119.8973523
120.068569
119.6108937
118.9145028
119.8417892
120.5361222
119.6240642
118.1604909
119.1725625
120.3583203
120.8830829
120.1167237
118.4774064
118.8700523
119.1581573
117.9571711
118.8725218
119.1532183
120.6246116
120.5554664
122.5368054
122.8170904
122.5462717
122.314553
124.2160458
124.9610029
124.6457338
124.1571901
124.4123688
126.0483934
126.4241646
126.4933098
119.8977639
118.105751
120.385896
121.6428568
122.1363395
120.3134582
120.0570448
119.8874744
120.3657287
119.9450954
121.0822869
121.9898175
123.1381216
123.8225767
123.1496458
124.7823779
124.036186
124.4671087
123.9592208
124.7198179
125.0379681
125.4734182
125.9767787
125.9767787
125.9767787
124.6568464
125.8150284
126.8538526
126.0549787
127.0847481
128.0375524
128.1972449
128.5470866
129.1623965
130.9009042
131.9096832
131.5660151
131.8570012
132.6957982
133.8523339
133.5662868
132.6357077
132.6357077
131.7438171
131.8179012
131.8693485
130.8581001
129.5813835
129.982261
131.324007
131.4791721
131.6240477
131.8923969
131.3865669
132.6636951
133.7173361
134.2083493
133.3642017
133.6975803
133.7547897
134.2046451
134.7541024
134.4182543
133.4596879
132.9238127
132.1570419
133.0209452
133.2847671
134.6512078
133.7901855
135.0356221
136.7140394
137.7619183
137.257323
137.0297201
136.5584627
137.2141073
136.675351
136.1287747
137.1844736
137.9397202
137.9158487
137.4450028
136.5234785
137.4544691
138.1253421
137.3758576
136.6243152
137.2585577
135.4607827
135.5793174
136.0225874
134.9035054
133.9478201
132.600312
130.9066663
128.590714
129.1689818
130.3810806
131.1071051
129.2191944
130.1896965
127.9313652
129.2541786
127.7366885
126.8818399
126.9802072
128.2984932
130.2444365
132.8851243
133.0402894
132.416748
131.47341
131.4281363
130.2135681
129.7567159
130.1913429
129.9707368
129.9707368
131.0066799
129.5801487
129.9645631
129.1216503
131.1885976
131.5775393
130.6683624
131.8701717
132.1035367
130.8305243
130.0723967
130.1435997
129.5566888
128.3857479
127.9264262
128.2153543
129.0204019
129.5579235
129.5340519
130.4864447
132.2356534
133.0851515
132.3788827
131.9887063
132.1183535
132.660814
132.5093531
133.9391769
135.2364724
136.5819226
135.7702898
136.5588743
136.8947223
138.0841843
137.7080015
138.2628094
138.4928817
138.8097972
138.1895484
137.7125289
137.4754596
138.1669116
140.4474682
139.3769524
139.6230764
142.0802002
142.8568489
142.8716657
142.4584409
143.0865097
142.9725024
142.3497841
141.3434746
140.0655233
139.5140081
139.5140081
139.9013035
141.9970613
143.9327151
144.1035202
143.8471068
143.9298341
145.3695358
145.8700153
146.848749
146.6273198
146.3655558
147.1002235
147.1413813
147.1652529
148.2880391
149.9594595
150.5192063
149.7977092
151.5679084
153.3821465
153.9542407
156.3780266
155.2729383
154.9317397
154.9317397
154.8547745
156.7924862
154.2802109
153.8040145
153.3912013
156.8258241
156.0092523
158.3914688
161.699737
163.3390543
164.4116279
164.4116279
164.4116279
167.7705203
168.0433968
168.8904254
169.3822618
169.3822618
165.1796334
168.898657
168.898657
169.443587
172.556767
173.3297114
174.4800734
177.5265777
177.6274144
177.0306256
178.8572111
181.5061305
181.8234575
182.6877724
180.8019196
180.5627925
176.3770389
174.0475044
177.0804266
175.078097
174.5389292
177.0861887
175.7341532
175.8218194
178.7526701
180.0746603
181.5588125
181.4456284
180.6479892
180.8595406
181.634543
183.0902962
183.0701289
183.1981298
182.4087222
180.8352575
178.9703952
176.0658855
177.4084546
176.5688345
177.9566772
176.4227241
175.269481
177.2969169
176.9104446
179.6663744
183.2997897
187.2571172
186.8134356
184.4962485
185.4683969
185.5231369
181.8613227
180.4310873
181.3048686
178.6168492
178.7835385
178.3731947
181.4139369
184.2204908
184.2204908
184.2204908
181.2139097
177.9867225
177.2656369
176.167957
178.230377
182.6161577
183.4076233
185.1062078
183.7270082
182.2457371
182.5005042
187.0093469
187.2052583
188.7252178
188.8824408
190.4530245
192.6763717
194.7099812
193.1348702
191.2580721
191.6972264
194.716978
197.2662954
197.2662954
197.4247532
201.8924381
200.7346677
201.05858
201.6644236
203.4675491
207.9479929
209.6136512
208.946894
208.7127058
207.1153696
206.2860388
208.8789836
214.0126025
212.8877584
213.773887
218.7626303
221.7955525
217.1290751
213.4800199
209.5716702
209.905872
213.6158408
213.9175279
217.3233402
220.5920969
217.2175645
217.1146699
218.8634671
222.5861948
223.2397815
221.6399758
218.7371124
221.4951002
223.4603876
226.6060823
227.8037758
227.616096
230.7584981
230.9572905
230.6588961
228.8825231
232.0953051
236.528829
238.9382097
238.8818235
240.365564
238.2998514
239.2695304
236.7296793
237.2614388
239.5288249
236.4238765
238.6698605
234.9417822
228.543794
225.1680269
232.0203978
232.0027
225.1198722
227.7194022
227.4580499
223.7270905
229.6155445
227.5333687
224.9005009
221.1711879
222.0363259
228.2709174
229.1866797
226.7464306
226.7497232
227.9939251
224.7720884
224.3592751
224.3592751
219.2635214
223.4546255
227.034124
224.6568464
221.8095462
222.9862492
220.2076825
219.4824812
218.9429017
218.155552
220.4883791
224.0892796
223.8583841
224.1349648
226.5138887
227.7617948
227.5308993
225.849601
224.1864121
223.3768372
227.3448658
230.5724646
230.8976116
233.7313298
234.4042607
238.6513395
238.0767759
241.7702816
239.3143925
241.9414982
242.3687167
244.4344294
246.5725798
243.7861932
243.5643524
238.8015656
239.8901908
235.5492721
228.3462363
230.1888734
231.4454226
230.5358341
228.1511481
228.8969284
225.4096235
226.0730881
231.7499907
230.9153095
225.016566
223.2583026
213.5446377
204.3944239
216.1170035
218.1855972
214.9822815
217.2772434
217.7505587
219.6384694
218.2625624
212.8717069
211.5661798
210.0836739
207.3927735
210.5491692
212.6893776
219.5866105
220.3225129
220.3114003
227.4917993
229.594554
224.6107496
226.8785473
230.7716686
233.0135368
233.3781954
240.2268621
240.5141439
238.9044603
242.1699243
242.700449
242.700449
245.1674507
241.4714756
235.8530171
237.4960386
239.7823573
243.8594542
243.7837237
243.4392325
237.8355908
238.1516832
238.4068618
238.4068618
238.4068618
237.4367712
245.0291603
246.6693008
244.2899653
244.2899653
250.4340096
255.1260048
255.1260048
253.2883066
251.1378088
250.7546292
248.7749365
252.4849054
254.5407401
255.7388452
260.2015912
260.30037
262.753378
263.4600584
264.3268427
261.2350648
264.3136722
266.4777521
268.1660472
267.5182226
267.9796022
272.7279836
273.4902271
275.5600555
273.9540761
276.8264826
272.3476851
273.6371606
276.5046282
273.3111904
275.3176357
276.5046282
281.5777451
283.110052
283.9385596
287.8629608
287.8851861
292.3882667
298.4442332
296.7958612
300.0749073
307.3738409
308.2443295
301.5121395
302.8028498
311.3426926
312.8581248
312.7099565
313.6862208
317.7217482
321.4399486
320.8991345
323.1146617
323.0364617
323.0364617
332.3813522
337.7117057
342.535406
349.6931682
345.0699066
347.1385003
346.8553343
346.2741854
352.3486729
354.9980038
361.060144
369.2818366
366.1023925
361.2161322
361.2161322
361.2161322
361.2161322
361.0519124
355.7989357
355.4227529
357.8930472
360.0427219
358.8800125
354.7424136
343.8310552
340.9002046
329.6995065
341.9620772
333.9478201
345.84779
345.84779
353.8085419
345.4374462
344.0615392
336.6786436
337.5145596
345.7490112
340.1461927
337.5153827
340.8516383
341.072656
339.3057493
343.9911593
349.186515
348.9206353
351.4954706
359.1928122
358.7087958
345.1279392
347.9394321
345.6415892
345.6415892
348.4065737
349.7104545
349.1070804
354.9696049
355.3626624
347.2282244
349.9347648
343.8919689
336.9918549
331.1392082
334.0404252
341.5414439
336.890195
336.7333835
335.2595208
340.6297975
341.9102183
349.8347512
349.2202645
353.9550639
350.690423
357.4806455
359.4418172
364.482831
367.8857623
368.243424
371.3191503
369.0011401
369.1279063
372.4555187
374.6228912
371.8369161
374.4784271
380.8463701
379.202937
375.1472422
368.2125556
369.9477707
367.6606288
360.8683484
360.4719983
363.237806
368.5068343
365.3240975
363.4345405
366.5695341
358.6688727
352.7133314
356.3887277
350.3776233
337.4178386
343.4075409
341.4628324
343.7545016
343.4890335
350.0286047
353.3776192
345.6481744
324.7539789
318.7169451
324.6436759
312.2572201
293.7872221
286.9364975
283.4648327
282.3601559
292.0869912
286.8994555
285.6778904
288.6700663
298.0639346
290.9749061
269.7292225
262.3928352
268.5488153
267.1375125
274.1187075
262.0800356
261.1305239
246.9076047
257.7045442
274.8295036
270.6737952
272.5555322
276.0691781
276.1095128
263.1768923
245.553923
246.0461709
245.7708248
259.2129795
253.9764659
247.1438508
253.3722687
253.3722687
264.9055221
272.9255413
276.4836377
290.036507
290.2632868
296.7579959
291.9404693
283.6780303
289.3055436
291.4276424
300.2942786
294.5107772
294.6358971
303.3008598
311.2607885
308.9320772
314.8188849
314.3011191
317.5855157
313.8603185
308.2406253
308.7361658
310.1231855
304.7829541
312.1485634
309.6161207
309.4819461
318.8280713
324.9416587
324.9729387
326.2418353
326.7262632
334.1980598
338.3463598
330.6123877
320.5826306
316.7911692
319.7841682
321.8362988
324.112328
324.112328
328.4697099
323.8657925
316.2170171
316.7755292
317.3998938
320.2982298
318.6910157
320.2356699
328.7450559
331.1972408
337.4174271
337.4174271
337.4174271
339.9535739
339.2559483
335.815975
335.815975
335.815975
358.491894
367.7849255
367.7849255
362.0310577
359.9110167
353.7431009
345.507003
321.2642046
320.999148
330.4514605
347.4842263
344.2903769
348.5498031
343.2811863
332.5212889
333.6593035
331.5664267
332.0549704
339.4909597
341.0138002
344.8225479
342.9313446
343.0218919
339.9214708
338.2677483
332.8736001
327.8827989
333.0900904
334.471348
336.3790144
341.5636691
338.1492137
338.1714389
336.9593402
340.0358896
343.7261027
349.9800384
353.3306992
347.6097577
345.7181428
340.7886668
340.2219231
336.1530578
340.3388114
346.2556643
341.1796664
343.4322357
344.3335926
353.1183247
349.8104681
350.6315672
353.4389444
349.9421732
347.4517115
348.9877226
345.2629369
337.4005523
337.0511222
342.4127556
335.0693716
338.2916198
335.734894
338.1837863
338.1837863
338.1837863
338.1837863
347.6352756
347.8925122
350.2652624
350.0364247
348.0229825
350.9756469
349.9796269
346.9413542
339.5173007
341.7723395
334.9730622
338.9287434
339.814872
343.6067449
343.25608
349.2791202
347.0467183
346.9207752
346.3618516
350.4887495
347.9270847
347.9534258
350.3130055
353.3261719
354.0637206
354.1843131
354.8798808
357.5621381
353.5904053
346.1910465
346.8977269
353.6628431
352.8652039
355.022287
353.1615405
351.492178
350.1652488
346.5223672
347.8941585
349.7544934
349.4709158
350.2166961
355.5742138
356.5936938
357.4436035
355.447036
355.9853807
350.5718884
354.1789626
350.8719291
353.7640914
354.0678364
354.6292295
359.7537937
361.2605827
361.3280816
361.2675795
359.5179592
357.5415591
357.4197319
357.9177419
355.0601522
360.5596645
361.4280952
366.3888512
363.2320439
360.6440381
357.478176
357.9193882
357.0065071
350.1788309
346.295999
350.9982837
350.6253936
353.4628159
349.1980392
347.2327518
343.6627196
338.9830718
336.5341795
332.8814201
332.8719538
323.0652722
326.7661864
326.5521655
327.8083032
327.6292665
319.1997267
317.2480213
324.1329069
320.0113596
324.6873032
326.3793025
331.4874036
328.7454675
333.4238806
332.2056082
332.1187651
337.7203489
337.4622891
342.0505665
344.7904448
344.5628419
348.900468
346.2935296
338.9534381
342.9424572
335.7809908
344.1191602
345.3139727
341.6558627
342.4370388
347.3447011
347.3648685
343.6981154
338.824614
337.3100051
334.371746
336.924356
336.7132162
333.2049208
334.1108052
336.6555952
333.2016282
336.5086617
334.3894438
331.5709541
330.9955673
329.4521478
333.0394663
334.8253055
333.5292447
337.055238
338.9995349
340.1877621
340.1877621
332.6192446
331.4046764
325.6676833
322.8808851
326.9670367
327.002844
322.5466833
326.7065075
323.7427305
328.5767203
327.5177287
333.9523474
338.8760614
338.8760614
342.2896937
346.1774644
352.3445571
356.6965884
360.0752366
357.3686962
360.7049517
365.7805381
364.7684665
367.8441928
370.1292768
371.0462738
374.4924208
377.6986175
371.5389333
374.1932032
375.4328777
382.9384237
383.833607
381.2287265
383.8064429
388.8622735
391.999325
396.8378422
396.8378422
405.5624838
405.5624838
404.6808826
400.1333514
401.472628
401.9895706
398.9105516
400.9034149
408.3513399
410.4417472
405.9468981
405.7007742
408.7530405
408.7530405
405.7225878
402.6085847
404.6693584
407.2804126
407.2804126
405.3332346
393.5789634
383.623702
383.623702
392.7652727
394.2988142
388.8165883
383.5302737
386.3154256
393.8263221
396.063663
387.1435215
390.2311837
389.0553038
385.1852309
384.263295
381.1307708
386.8043808
393.935802
387.9403376
384.4682611
391.2918215
396.9086337
405.5143291
407.4701503
405.3624566
414.7073471
418.3111287
415.215235
421.4769907
424.4979771
419.4166286
421.8733408
421.3012467
420.7538472
417.8501607
414.0866867
420.6460137
422.4367918
430.7066392
425.1408628
429.3373174
431.3248301
440.6606659
445.7835838
449.0408162
442.0736149
443.6351439
441.293262
436.9362918
434.4639395
440.4980923
432.5488647
437.8401182
436.4246997
438.5348628
440.8890919
439.0246412
435.3545955
436.8486255
435.2076619
436.3658439
431.8775801
426.1257702
430.7716686
425.8059737
425.6429886
416.8718386
421.9729428
427.0295966
427.2901258
420.7583746
422.6808579
425.393572
418.0888763
412.3646421
413.0017657
414.2916528
420.7884198
420.7884198
420.7884198
419.0639058
420.5081348
413.1803908
419.3026213
419.3026213
432.3653006
428.1597912
424.6671359
423.5550507
414.5867546
407.8623846
399.4657711
405.0805253
407.0622759
404.2125062
414.0002552
403.0572053
405.6106385
393.8341421
385.9017891
387.1142995
385.3021192
394.6581223
391.9878008
395.550013
399.0208547
399.3295386
405.7970836
413.7718291
408.3546325
401.1046768
398.013722
401.6265583
403.5128227
401.0013706
401.4923837
404.4866175
404.3647903
398.6566077
394.323509
392.9179683
385.6062757
389.8159009
390.4670182
389.7006589
391.7840694
394.8062906
387.6209526
396.6501624
402.5707195
409.8029774
405.8394761
406.0477349
411.9559446
410.7022764
412.7906259
412.4621862
411.9588257
417.0335889
413.6417703
406.8482551
409.8675952
414.0348278
409.9939498
408.330761
404.1643515
405.2377483
405.4340713
399.6295793
399.1743735
399.5452057
403.0448579
397.3704248
401.7891319
406.2613441
412.6885544
416.6874514
422.796923
421.8375335
426.8468557
427.1168513
431.8759338
424.062527
420.7229788
421.7687999
414.8209428
409.9515572
405.6073459
408.7876131
411.949771
409.1078212
409.1378665
407.4771471
416.8652533
421.7037705
419.9397449
421.5856474
423.9719797
417.4900295
423.8349241
426.2628258
422.0025765
430.3547395
430.9589368
420.3945392
416.0639099
410.2577716
407.049517
416.0902509
420.4735623
413.36272
413.359839
416.7409566
414.253376
422.1630921
427.133726
423.2303152
426.1644585
423.7867694
413.4470936
418.1794235
406.823972
406.823972
398.8529306
400.9034149
398.2594344
384.6254841
397.3235048
400.4300996
396.8209675
409.7404174
404.6722394
398.2281544
401.2207419
397.0337536
399.2155313
399.2155313
404.6105027
404.68541
408.4665819
407.1787527
404.3413303
395.5426046
385.7495051
385.3473929
399.4456037
399.6061193
393.2410574
384.1694551
373.5581375
373.3046052
362.0355851
365.0713883
376.6071113
372.2773051
366.2941881
370.3544103
360.1213333
364.4429079
354.7296546
369.8930307
369.8930307
370.5186301
370.5186301
382.135434
381.7522544
380.1413361
373.207061
358.4408582
354.9193923
363.8642285
350.0026753
354.0151543
356.5603559
356.5603559
356.5603559
359.6941148
359.9278914
361.6647528
361.6647528
360.6152276
366.4057259
382.5568904
383.6162936
384.2517708
382.8165965
382.1909971
386.087411
394.6556528
394.4869056
387.6279495
398.796956
399.4328448
394.0448703
396.2838575
399.3077249
398.8381138
399.6061193
398.4113069
393.1093523
394.8758473
398.2421481
399.8888738
389.8447114
390.4275066
393.5098182
391.8244041
398.1297872
394.7692485
400.5675668
398.0902756
386.865706
390.2554668
388.1074385
391.278651
383.4434306
380.2709833
373.3935061
370.8367803
376.0864644
379.808369
379.9083826
377.8179753
381.0529825
384.8172797
392.0762902
393.7308359
389.787502
386.7105409
377.9093457
378.359201
373.6342796
377.546745
370.0280285
368.5171237
366.5781773
354.5201612
340.6495532
350.6673746
360.8271905
369.941597
366.5929941
369.516848
373.1811316
373.6803763
361.6384118
367.9314475
374.5562155
375.0451707
379.3000696
385.2284467
385.0428247
387.0546206
387.0546206
387.0546206
381.9111237
391.9565208
391.5873349
381.2690612
370.2469883
375.7786037
372.9049624
380.2252981
384.732083
389.5940601
389.5940601
383.9784827
378.1966275
380.080834
381.7493734
384.3336749
384.3085687
390.1505143
386.3981528
383.3574107
386.57472
383.4442537
385.8709207
388.3313372
386.406796
384.7090346
384.3888265
383.9558459
378.0686266
381.4312232
379.0354246
377.103475
379.9643573
375.5242481
382.0531183
383.3207802
380.6117703
379.1481971
382.9795816
382.8709249
376.7367585
379.8820416
378.5316524
374.4813082
360.3946215
361.1564533
360.020085
355.3519614
355.4758465
356.8562809
350.4109612
348.6765692
351.4991748
353.1841773
360.8699947
358.6985064
353.4570538
350.2175193
338.7591731
338.9859528
336.7737182
328.9105105
324.6716632
331.0688283
330.5691719
333.4115333
327.5222561
333.2588376
331.2499228
334.4083764
333.8371055
325.5602613
328.8911663
328.0733598
335.4414385
338.0631938
340.7372195
341.8480699
339.3436146
342.0933707
339.8667309
334.9660654
328.947141
325.0264439
331.1305651
335.8995254
335.8995254
330.7963633
325.1412743
324.3119436
324.6465569
329.0323377
333.6193804
339.0332844
338.3249577
332.3027407
334.6985393
327.6469644
331.2610354
324.9914597
330.7494433
324.1333185
315.8894006
308.5744155
306.8046278
295.3631563
294.6404244
294.6782896
277.5656776
285.2021056
284.0151132
279.9281384
272.0192454
262.7854812
277.2849811
280.2232402
281.7382608
288.4749781
292.7706232
287.6526442
293.0583166
290.2571131
298.7611486
286.6866694
287.61766
290.8600756
300.7095614
300.9058843
300.9058843
299.3007281
305.0047949
315.3934485
310.5705713
302.4460112
309.6375228
316.779645
323.1216585
314.790486
317.1196088
310.2009738
301.2940029
308.6760754
308.7538637
305.6571469
315.4181432
319.2964477
322.9459145
332.2521165
326.3718941
320.1702289
332.3492491
335.3076755
336.5222438
337.4161923
342.3349673
336.6325468
332.6599909
334.8705791
336.3740755
336.8848444
332.393288
329.2121975
326.8579684
331.2425144
328.6195245
336.743673
349.6799977
349.6799977
344.6850807
338.6624521
341.5447365
337.5890553
329.3648932
327.6975886
337.8088382
335.2656945
328.7343549
324.9869324
327.0641692
327.0641692
327.0641692
327.0641692
333.53583
332.5900225
332.5900225
332.5900225
331.9409632
338.5628501
334.3351155
322.3034404
322.6220022
317.6274967
312.1485634
314.455461
306.5338091
313.3841221
306.6700416
313.4742578
314.5361304
310.2968716
315.9445521
317.7361535
323.268592
322.0437343
325.3268962
321.2703783
314.9855742
316.3104455
320.9937975
314.4772747
307.1359485
301.3248713
308.7316385
307.1466495
306.6918553
305.3217104
308.168599
314.190816
309.7803405
306.5037639
301.6257352
302.146382
302.5484942
299.7073677
304.2388473
307.3919503
317.7818387
319.2799845
323.1294785
329.8493211
327.2300354
327.7605601
330.2613112
329.0874892
326.3142731
323.1356522
322.3046751
324.2427984
326.9600398
329.7579507
332.9044685
329.7925233
327.2604922
328.1173987
320.7703104
318.5436705
319.5829063
323.0936712
323.0936712
323.0936712
321.2390983
323.5101886
320.8040598
321.0061449
313.3503727
315.8453617
318.4119654
313.5565735
315.3000202
318.8943354
329.0413925
331.0630662
328.7792169
331.8273675
329.4669646
329.1821523
327.623916
321.0242543
321.6737252
320.0006585
320.5962127
320.5962127
316.7508345
315.7688081
312.6173513
311.242679
318.603761
316.5219968
310.3779526
314.2315623
318.6408031
321.3020698
317.7040503
318.186832
314.8472838
312.4597168
308.3003042
309.9803677
311.7555059
313.9031226
311.0352435
311.4962114
307.5467039
310.5940313
308.6028144
298.826178
296.8189096
294.9421115
290.9349829
291.0518712
293.516815
286.349175
282.4618158
275.8308742
284.2978676
285.3671486
279.4984504
273.5305618
267.8396655
256.7875473
261.6985023
258.0914281
258.3342594
266.7489824
266.0402441
258.3058605
253.8620471
257.5489676
274.6031354
277.1244655
270.842954
265.4467479
257.1201027
260.483934
247.7476365
248.1625077
258.5301708
261.8557253
248.2761033
241.5435018
237.9969296
231.9434326
245.0801961
244.6640902
258.5840876
243.1803496
239.0843201
231.8154317
234.6433878
228.163907
237.0033791
233.9054275
247.6258093
247.9962299
240.2029905
242.0192866
234.7187067
234.7187067
243.8294089
254.7407673
250.6579083
252.8931913
258.8993567
255.2873435
252.6013821
260.2674437
250.651323
246.725687
249.2305539
245.2415349
237.1663642
238.1335737
234.9269654
242.6329502
237.2577346
243.6606617
252.0753847
241.8213173
237.3919092
234.8117234
234.8298329
227.6000445
224.2604963
221.077348
213.5767409
206.0958896
208.1834159
218.3786276
215.763046
207.2939947
205.0480106
214.9625258
212.6511008
210.1334749
208.852231
208.2698473
205.1089243
208.3645104
216.5524536
213.7409607
226.0525092
225.2153585
231.5022205
230.7836044
231.9891179
232.4978289
225.944264
233.0921483
234.55531
237.7512172
231.4433647
232.9946042
237.0169612
237.0169612
246.4754473
246.8590385
244.5142756
236.2913482
234.2458029
233.9268296
236.7868888
236.2971103
242.3522536
241.8139089
245.8630184
243.3194631
241.9579614
251.6012463
253.5554211
254.9440871
250.3850317
259.637317
259.7809579
259.419592
262.1508271
255.9767376
252.5923274
249.0852667
249.0852667
243.4108336
245.0793729
246.7273333
241.8139089
236.7873003
244.5278577
242.8362699
238.1924294
238.6529858
240.6627237
242.2909284
242.2909284
242.2909284
242.2909284
236.0242337
234.5647763
234.5647763
234.5647763
244.4628283
242.4106977
242.4106977
247.624163
249.1556467
251.3839328
251.8004503
256.0240691
258.2317763
257.3814551
259.2829479
252.3704865
249.8800249
248.1460445
244.3200105
246.6087987
244.6389839
234.6849572
231.8067886
230.9614063
233.9461738
230.7218676
233.5086658
227.2802479
232.8875938
227.8774484
224.7243453
223.9579861
229.7324328
226.2142595
225.0128618
231.538851
236.0867937
239.4712039
234.2519766
232.1084756
234.7252919
230.7523244
224.4601119
223.5669865
227.9124326
232.5673857
231.790737
226.9015957
227.2189227
224.5243181
220.1998625
214.4620463
216.1079488
209.6613943
219.0433269
228.7203612
235.4900048
236.5033111
239.7160931
237.1116242
244.1850128
233.9445274
238.732832
239.0851432
234.2001177
234.5997605
227.8313516
231.3935637
240.7829047
243.478744
247.3014854
252.978388
250.2117572
253.2471488
250.7003009
252.2062667
254.1925447
256.8941461
254.5720201
257.7782168
257.7782168
257.7782168
258.1704511
258.1457564
255.8804282
254.3040824
259.1327217
257.0135039
253.7793198
253.7793198
252.1873341
253.5348422
256.5253718
250.1948824
244.5290924
248.2308297
248.6666914
247.6221051
246.7540859
248.5222273
251.7843987
243.3211095
243.743389
239.4230492
244.6912544
245.9276363
245.5102956
246.4585726
250.7356966
251.2966781
251.9148691
255.5577506
254.3061403
257.1056975
254.9008713
259.9414735
257.7761589
258.8211568
262.6150876
265.457449
265.9357032
270.3301271
270.9894759
272.8403446
268.5323521
275.1814032
268.9789148
266.9876979
269.8020719
270.0259706
270.8334877
266.1451967
261.1449291
264.7544728
263.2546807
263.3118901
269.1007421
270.1704347
268.0623295
264.8009812
270.1128137
273.3062515
271.3504303
268.5208279
268.8373318
267.04038
263.8251285
265.3315059
265.5768067
270.4486618
267.2041882
271.0384538
268.1635778
270.7334741
273.935555
271.317504
269.2591998
271.2360115
268.6101405
267.6178246
269.0348895
270.3111945
272.3690872
271.6920405
276.5433166
276.5433166
279.0000288
279.9120868
279.3194137
280.7364786
280.2932085
278.5625208
277.0429729
277.5772018
278.7604901
276.1733075
279.2288665
279.4861031
282.6828335
282.093453
280.6269987
282.7433355
280.0121004
275.9222446
275.7036964
271.7521309
273.2045916
276.3902094
276.8133121
279.0255467
275.3764915
269.7119362
269.5884626
267.3778744
266.998399
263.513152
262.0738619
259.3644404
261.3070911
261.6659876
268.3948849
267.2832113
267.1757893
268.361547
272.3871966
270.2955545
273.8528278
272.931715
272.7395078
272.4859755
270.7771014
270.279503
271.2129631
268.3384986
267.1144641
266.7148214
270.2992587
273.0095033
272.4419366
276.152317
276.4457725
279.9124984
279.019373
278.7983553
280.2063655
281.6588261
279.965592
278.589685
280.824968
281.2558907
282.4091338
276.1066318
275.7493816
275.8230542
274.9727329
276.2914305
280.4574284
280.6636292
279.7161754
280.6986134
281.0031815
286.000568
284.988908
286.3792202
285.770084
285.0444711
285.0444711
286.7093062
285.5173748
288.4589265
288.6914684
290.3110299
290.9971313
291.6902295
294.8758473
295.9274305
295.9953409
299.2258208
299.2258208
299.2258208
299.2258208
301.9224833
301.0310042
301.0310042
301.0310042
306.6136554
308.2455642
308.2455642
308.6596122
309.7325974
308.8036647
308.9180835
309.3255463
310.4483325
309.468364
310.0421045
311.2673738
310.0017698
312.7107797
315.0493688
315.5975914
312.0370256
312.995592
315.2485729
310.9249404
307.4261114
308.438183
308.4451798
305.2727325
307.6265501
310.9883235
315.6194051
317.1801109
318.2761445
319.7500072
317.7040503
318.7371124
319.9479765
320.6299621
323.3978277
319.1762667
319.0058732
315.7877407
316.3153844
315.5613725
319.1235847
321.0073796
323.1463532
320.0772121
322.5438022
322.8384925
323.6867558
320.3620245
320.64766
313.6446513
310.2392506
296.821379
301.4010133
307.1499422
302.0163232
304.4022439
298.3705606
300.0971325
299.5369742
305.5690691
307.0750349
309.515284
308.7686805
308.9991645
311.8756868
318.9750048
319.5969
319.547099
320.1335984
323.7357337
323.7357337
323.7357337
325.7203653
322.1754395
320.6159684
323.6830516
321.8214819
323.1982121
319.5310474
319.9981891
321.5490169
322.7685241
322.6849737
317.6377862
314.782666
312.7791017
315.1250993
314.1336066
317.5612326
312.9844794
309.353122
301.2347356
305.0500685
301.6989962
303.1247042
299.339828
295.3236448
297.534233
304.5376533
301.3754954
300.7643013
304.0746274
302.4176123
305.5838859
307.1746369
306.4086892
306.7844604
302.411027
304.7253331
304.5940395
308.7489248
312.7803364
312.4296715
311.3221137
312.3671116
310.9162973
307.1273054
309.7091375
311.5390156
312.9075142
313.029753
313.8220417
310.9912046
312.8009154
314.885149
313.1626929
315.5942988
313.4808431
311.5262567
311.850169
309.8252026
311.0755782
309.5325703
311.3324032
312.34324
310.6693502
310.7245017
311.6826565
309.9313899
308.0850486
309.2382916
308.0677623
308.2933073
309.9075183
305.7349352
302.6324563
298.2874217
302.3966218
301.1219631
303.6564636
305.6303943
303.5498648
304.3442114
301.3956628
302.3019587
296.3241922
294.2774122
295.0458293
293.1196418
293.7617043
291.9293567
291.9293567
295.3573942
297.0637988
297.9593937
296.8934053
300.0037042
300.076142
299.7954455
301.8924381
303.5646816
303.3877029
302.7929719
305.4805797
307.3458536
310.2931674
311.9584141
312.1436244
311.4138957
309.1810822
309.8540131
312.2374643
311.2221001
309.8416657
310.377541
310.6055555
309.2893274
309.8630678
307.9582824
306.8461972
306.4374997
304.6903489
306.4539629
308.713529
307.9710413
315.5761894
319.3145571
319.4417349
320.3068729
321.0435985
320.5427074
319.680862
319.680862
319.9088765
318.3411739
318.7255882
319.0005227
322.3639424
320.003128
322.4915318
323.5813917
318.0234353
318.181893
322.3318393
326.5558697
325.860302
325.860302
329.3278511
330.1534776
330.3979553
331.7796244
331.8804611
330.4922068
329.3986426
330.4889141
329.9958431
329.576033
327.1456618
334.00256
334.4124922
333.9507011
333.0818589
332.9756716
335.2163051
338.564908
337.8796297
336.7494351
335.8451971
338.8291414
340.5536554
339.5469344
339.5469344
340.8137731
340.8137731
339.2337231
341.1228685
343.5795808
343.6824754
342.6362428
343.4371746
342.1485222
343.0214803
345.1460486
348.2995633
349.5861578
349.5861578
349.359378
350.4278359
351.3304276
350.386678
350.386678
352.2453667
352.0284648
348.3559496
348.3559496
349.2935255
348.5646199
346.0774508
345.0834887
347.7472249
347.5677767
350.3817391
350.5854705
350.1804772
347.2018834
346.0420551
344.7801553
347.1718382
348.3892874
350.9727658
351.5987768
354.6675063
355.811283
357.6732643
357.8321336
362.187046
363.8527043
364.6696877
363.7526907
363.6707866
369.3485123
369.0464137
370.5914795
367.9153959
368.1656357
367.3725238
363.2806101
359.1240786
359.2245037
359.1072039
362.229027
360.2341059
363.3106554
362.2924101
361.3577152
365.8299275
366.3011849
364.1963723
361.6194792
358.3379636
358.4355077
357.2328752
359.506435
353.3656834
354.5983611
355.7162084
354.0624859
356.9369503
355.1704552
357.4814687
357.4814687
357.4814687
358.3309668
356.2969457
355.3400256
356.3463351
353.1981709
356.7537978
360.1398544
360.4201394
360.2324596
358.1848564
356.7883704
359.4516951
359.1491849
351.0805994
346.2898254
346.9722226
345.9029416
346.0157141
349.2305539
349.3552622
348.5522725
345.1106529
345.226718
345.6555829
350.1306762
352.0383427
353.0129606
354.6358147
355.5894422
353.9727617
351.0377953
351.0579626
353.4401791
353.8999123
353.7188178
353.5517169
359.0866249
360.6703791
359.291591
360.4431878
359.514255
358.5663897
361.1165302
359.7151053
362.7019307
361.0572629
365.8105833
365.5747488
363.8424148
361.8721884
365.3212165
363.4304247
363.7144139
366.0554726
366.9728811
368.3825375
366.3357575
368.476789
370.5412669
369.6604889
371.7714751
372.2604304
373.890693
370.3951565
368.2207872
370.2848535
373.5297386
374.4282145
376.2510958
375.9370614
375.7370342
376.6330407
369.4588154
374.9484498
377.968613
378.0163561
380.6027156
381.6057325
381.150115
381.6316619
385.0790437
383.1734351
384.0118205
383.7949187
383.8344302
385.0634037
386.8249598
388.6042137
388.1288405
386.0894689
387.9028839
389.1894784
386.1693152
384.9432227
387.3830603
388.602979
391.7470274
391.6046212
390.3505414
390.1015364
388.3301024
386.5965337
384.4287496
388.2461404
389.8817535
387.2048467
386.1306268
382.4416485
379.2099339
380.4977631
379.6408566
382.7030008
387.4275107
387.722201
392.0993386
397.4321616
398.582112
399.9419674
401.6491952
401.7858392
399.2501039
400.4070512
400.8116329
402.5690732
402.411027
404.5244827
400.7910539
402.3616376
406.1024748
410.5841534
408.6847185
413.6421819
412.9861257
414.3826116
416.6718114
417.9497627
414.2525528
411.8361753
411.0735203
413.2318381
413.5257051
410.2343117
404.8508645
407.8236962
408.1118012
404.2725967
399.9090411
399.263686
398.6529035
404.4244692
401.8261739
401.3331028
395.633975
396.0360872
401.4800364
398.1791766
398.163125
400.0547399
397.5272362
397.8313927
398.6615466
399.2142966
398.8146538
401.2446135
400.7869381
399.1867208
396.9456758
398.8142423
402.0764137
402.2356946
401.7911898
405.9777665
406.4045735
406.9589697
405.734112
405.7954372
403.5618006
408.1192096
406.7630584
401.9529401
401.8348171
400.8490865
400.4424469
400.2440661
401.9879243
401.8294666
400.9754411
400.2811081
403.1609231
402.201122
403.4704301
407.866912
408.5196755
409.4568398
409.4568398
411.1830002
411.1031539
411.6682512
410.0198792
411.6007524
413.019052
415.9379669
416.8685459
416.8685459
418.3839781
414.7493281
418.6165199
418.3629876
414.0652846
416.100952
412.6605671
408.8234205
413.2569444
409.6272333
408.5575407
406.5087028
412.9853025
415.7609881
419.05979
419.2729877
422.5454486
426.6801664
422.9858376
424.0044944
423.9225903
423.7443768
425.0466113
430.6630118
429.4789004
432.5694436
432.8061012
431.7923833
434.550371
436.0427548
437.5437817
441.6105891
447.0364288
446.5849272
448.213955
449.621142
445.9062342
451.8601292
447.3698074
444.6513313
445.0637329
443.1638865
440.8417604
443.4688661
446.4132989
449.2745928
449.2350813
449.1408298
449.3363296
449.5676368
451.2633403
451.3164339
452.10543
450.2887223
452.2597719
447.5344388
444.9797709
445.9774373
448.3909337
447.9242037
450.287076
449.5878041
450.3833854
449.7479082
446.1313676
445.6831586
440.0741665
437.2741977
437.5046817
437.5046817
437.5046817
436.4032976
441.4908197
443.7627332
448.5975462
447.7459902
449.1486498
449.1186046
448.2188939
448.9934847
448.9934847
449.9261217
447.7311734
449.128894
452.9932048
454.0040417
454.7304778
454.13657
452.1013142
440.5273144
436.5164817
437.2783135
424.169949
423.0903785
424.0094334
412.8869353
419.919166
415.4658863
421.3189445
429.9419263
428.3713426
420.1982162
427.0905102
427.2580227
427.3275795
424.4880992
418.1226257
422.6252948
412.9433215
417.8382249
415.5914178
407.1096075
409.0180971
415.8149049
412.6210555
415.6202283
417.2616034
419.6619294
423.2241416
424.4621698
423.292052
421.022608
420.14965
428.0239703
434.4697016
433.8597423
435.732013
432.7472455
437.438006
437.4972733
438.1907831
434.0128495
433.7510855
427.4424099
422.225652
420.1204279
419.4557286
429.5636856
430.100384
426.3093342
434.8343602
436.678232
437.5660069
442.558866
446.9956825
444.5208609
439.8720814
445.8984142
443.7133438
448.6757461
443.0029592
444.6241671
447.7727428
444.0380792
442.6551754
447.4068495
450.8422955
453.0557648
454.8716492
454.1596184
453.5422506
454.4987591
451.7547651
453.5360769
453.067289
455.999786
457.0995238
458.0082892
457.1978911
458.9034725
462.0380546
459.6986422
455.5375833
452.2284919
454.5234538
453.6451452
457.7362358
459.4920298
459.8426947
462.1677018
462.4265847
460.5082172
467.8767075
469.9881054
466.0756399
466.5106784
475.0912675
487.9407492
486.6525084
486.6603284
485.9371849
484.098252
489.2051184
494.4811435
495.6063992
495.3092395
498.477571
499.0974083
505.2455683
507.2174411
507.4302272
498.6603119
504.098499
506.4992365
509.7663469
512.1971297
510.9064194
513.333498
513.3915305
517.230735
516.5092379
517.9744574
518.6062305
516.6236567
519.4339149
526.0393387
529.5266435
530.8478106
531.5771278
526.8880136
529.7554812
530.8280548
532.9970737
535.4900048
532.6912708
536.0394621
534.8742833
537.4812217
537.0803442
529.5344635
517.4694506
515.5230957
524.337873
519.8804776
512.6679755
519.447497
526.3978236
525.6137665
527.949063
528.0062725
532.8143328
532.270226
537.0305432
537.8767487
538.9719592
536.5066038
531.2030029
533.3646133
531.4310174
528.3828668
528.3828668
528.3828668
533.1962777
531.764396
531.2030029
531.2030029
540.0605844
541.1895443
542.2699379
539.2065589
539.600028
539.0122939
531.4643552
539.5374681
540.9347772
542.7152659
540.4338861
538.1253421
537.1988789
542.516885
540.572588
540.5470702
547.0537151
546.8170575
542.107776
545.7395449
547.7628649
547.4047916
547.9060942
550.0104953
549.2461939
553.0434174
558.4359193
557.6415727
559.4961456
555.2235489
557.4608898
560.5897097
559.511374
557.7070137
559.8924957
558.882482
555.3140962
555.3429066
554.3053172
557.9942955
541.6747953
534.8224244
527.4514646
522.9064029
514.8452259
517.6661851
520.5793379
531.8956895
534.1482588
529.6031971
523.2019163
508.1961748
521.3551635
522.1820247
532.9641474
535.6994983
535.2685756
542.5658629
544.0150308
540.2861294
543.2350895
541.0961159
545.6889207
546.5721682
549.7166282
558.342491
558.8059284
559.5858697
559.5858697
559.5858697
560.7354085
560.4855803
556.3319299
559.2607226
561.2889816
559.2245037
555.4725539
553.6821873
563.9502484
560.2695016
546.5153704
548.0530278
547.9427247
540.0412402
538.6855005
538.6855005
539.7646594
540.1066812
548.5670894
549.8960764
545.9811415
548.151395
546.6569534
552.6054979
550.4064338
555.8372125
559.0129524
560.2522153
564.2099544
563.3176522
564.165504
569.9037318
565.2026818
563.7078286
566.2081682
569.0706968
567.166323
574.2759305
580.9953615
577.910992
574.587907
561.0424461
553.5006812
556.4175382
560.4658246
553.4381212
555.4746118
565.4413974
571.7212626
566.296246
562.5562319
564.4354995
558.0897817
554.5707853
556.8867377
553.1644215
550.813485
555.7306136
558.0774344
554.9103376
557.2744447
561.5511572
558.4013467
563.8860421
561.2091354
555.7400799
553.871925
560.4798182
563.8329485
567.5795478
569.5098511
565.6245498
571.705211
561.0342145
565.7344413
560.6547391
561.8174485
546.971811
549.5079579
546.2239728
557.5736623
550.2150498
553.5299032
548.1579803
543.8545152
553.159071
566.2085798
560.2044722
545.2711685
555.942165
549.3663749
547.9711237
528.5561414
538.6451658
539.3810682
538.3887524
542.5374639
540.6186848
542.1674548
541.6040038
534.5849436
536.421407
541.3656999
547.5130367
550.1817119
552.1930962
539.0419275
538.0393222
526.3443184
521.0641774
529.7381949
530.4325279
534.1877704
526.2681763
520.2529562
533.5679331
550.0697626
547.4644705
547.9884099
549.5067231
543.1922854
550.5315537
552.9882659
552.5096001
553.1450773
560.3534636
559.5512971
556.8295283
563.9811168
560.9757704
562.7204517
562.3796647
572.5127281
579.575004
577.5644429
581.1620508
587.0002922
589.8360683
590.4077508
583.1170488
586.4388991
578.6493639
584.2097898
592.7994337
598.5627678
601.1511851
604.9829812
599.3982722
602.3464092
601.9224833
604.2392588
601.134722
605.5917059
596.7831022
598.6685435
601.3071734
600.4391543
596.9930073
597.7511349
589.7591031
595.6726634
582.8330596
580.227356
583.2495771
580.8570711
579.7285228
589.0223775
592.4821066
595.3911437
594.1033144
593.8275568
596.9234505
592.8648747
597.9643326
599.2603934
601.4701585
600.4650837
586.9830059
589.7636305
580.0631361
578.644425
575.2110369
574.2520589
580.7883375
580.7883375
580.7883375
580.7883375
580.334778
578.1110192
578.1110192
578.1110192
571.5331712
566.2007598
557.8189631
561.8516095
561.3029753
557.1365659
553.7525672
551.2855655
549.5573473
531.3392354
525.9220388
523.9192977
518.1938288
477.9369215
486.5162759
464.3963995
497.4494479
498.8940885
493.5958381
501.2096293
500.010701
500.3848259
510.4335157
510.235958
483.9295048
492.4619393
487.5197043
488.7762536
483.6335799
499.9304432
499.9073948
500.8787202
490.9736713
500.2926323
498.47469
491.1152543
495.0174304
489.7508715
495.6911844
506.5058218
507.1482959
500.0843736
496.4723604
485.0815131
476.2296937
487.557158
481.1538192
476.865171
474.9352793
490.1678006
493.3414826
490.5254623
488.3531508
474.7595352
489.5611338
487.7374294
488.372495
488.372495
488.372495
506.5375133
505.2081147
510.450802
506.9643203
500.421868
517.6287315
523.6694695
519.8870629
523.8937798
527.3967247
521.2901341
515.2753255
511.9670573
502.8966897
498.6068067
507.6397206
516.4380348
513.9397531
527.477394
520.270654
515.2802644
517.1270172
517.2710697
521.2502109
525.4894698
519.9965427
523.5369412
523.5369412
534.0375442
534.3400544
531.3742195
532.3986385
534.4203122
529.820099
534.0638852
532.2582902
538.2257673
538.2891504
535.9727864
539.6395395
530.417711
524.9235493
524.4642277
514.2048097
514.111793
509.0530813
511.1578939
512.5300967
514.7814312
503.4214523
507.9389382
504.0725695
499.9596653
487.2785193
483.6697988
482.1617751
475.1884001
485.5832274
491.2663037
484.3163886
486.5936526
477.2364148
474.7113806
468.4315154
468.1981504
461.0926587
470.6416921
456.7669684
456.3611519
455.1362942
445.8033395
449.9392922
455.4569139
446.4927336
453.5274338
447.6414493
456.0146028
446.1219013
433.2650113
435.2912124
424.3461046
429.2278375
442.0810233
452.134652
448.1217614
440.1511316
453.0063754
444.4204357
440.915433
436.5185396
444.6575049
449.8178765
452.2153214
440.4396482
435.7649393
447.7916754
448.5934304
445.3604811
448.371178
457.8749377
456.379673
444.9451983
441.2837957
444.073475
443.9384772
430.9412389
432.3570691
425.6956706
436.5230669
429.8065169
433.129602
435.263225
442.7605395
444.2442801
443.8096532
452.1684015
450.8196586
436.751493
423.73738
440.3087662
433.5893352
426.7447843
424.7457474
435.286685
414.94277
415.7206534
405.5250301
404.8278161
441.0372602
431.9570147
425.4174435
422.4845349
435.4451428
433.965518
417.3484465
419.0025806
427.3831426
421.4160771
438.5007017
412.3099022
418.2172888
396.2521659
381.1834529
344.5603724
381.5118926
392.352871
372.5090239
355.8240419
368.8896023
379.9820552
373.7417015
341.8925204
333.9325917
314.9151942
301.737273
297.3021028
327.1703565
334.1499051
345.7074418
349.4272885
368.508069
369.6617236
346.5956282
354.5477369
351.5390979
336.5996205
324.8976198
329.2076702
332.4340343
319.1746204
320.2393741
307.0684496
298.7125824
298.0734009
322.7010252
326.5760371
325.4326719
333.3860154
336.0822663
320.6591842
333.3061692
334.8738718
332.8633107
320.5834537
341.7439405
343.0741623
345.978672
347.1796581
338.7155457
340.4128956
346.1836381
347.3866821
349.416999
349.7940049
343.2013401
342.2654105
342.2654105
342.2654105
342.2654105
340.0778707
346.7948322
346.7948322
346.7948322
357.9210345
363.7819128
366.5662415
360.6683212
356.6484337
353.2220425
346.568464
340.4005482
325.4923508
322.6648063
322.9767829
317.4776822
308.5229681
306.8001004
304.208802
304.7059889
312.634226
311.8098343
326.9332872
318.2382793
317.1883424
308.3978483
313.5833261
318.6992472
316.4940095
320.0940869
321.1448468
313.8286269
312.3230727
306.294682
308.8402952
301.1145547
291.5828075
292.596937
292.976824
282.4926842
280.1479213
277.7031449
279.5457819
292.1281491
284.9152354
271.3150346
269.1435462
274.3537188
261.7038528
258.2811658
253.1236752
266.6357983
268.8632613
274.3648314
278.3291558
286.7957377
287.1562805
287.6621105
288.8857335
288.9668144
298.5228447
300.1526956
302.9040981
303.1666852
297.0979598
284.4217527
292.7516906
298.2260965
313.1482876
312.340359
312.1650265
312.9639004
315.2979623
327.7679685
327.7679685
327.7679685
333.5181321
328.7434096
335.0994168
341.4624208
329.3294974
324.7321653
332.9769063
330.1547124
334.8257171
330.6169151
326.2887553
335.3311355
341.0858265
341.0858265
341.3648767
343.9742846
347.5002778
347.6295135
354.5065791
351.3263118
348.9358637
338.6361111
337.9619454
337.0638811
344.3545831
351.2991476
352.4754391
346.6672429
350.0541226
351.6004231
353.7789082
357.8189631
355.1078953
354.6642137
362.2730659
363.049303
355.5058917
355.3264435
358.0004692
353.63074
357.5460865
362.4710352
365.2603028
366.0011442
358.7548926
358.4079319
351.4497854
355.7396684
363.7493981
354.9745439
354.8555977
365.0096515
367.0547852
367.9886569
374.3504262
372.2526104
376.7449901
366.5901131
369.5757037
364.2626365
362.8496874
356.6006906
359.9822198
356.1887005
364.5305741
367.0646631
377.8986447
381.3945927
383.0149773
387.0731416
385.7766693
387.4633181
395.8640474
398.6681319
405.2850799
409.2510506
409.2197706
417.411418
417.3253981
418.0851721
416.9265785
409.9931266
412.9791289
420.1953352
418.8741681
415.7399976
419.5829063
423.5204781
417.8094144
405.9481329
410.196858
409.6288796
417.4653348
428.0227356
433.5498236
438.7929225
437.1482547
436.4621533
439.5201818
436.3045187
428.8314874
421.7963756
422.7002021
431.3157754
437.4281281
436.3884807
439.681109
434.8039034
438.8349035
440.2799557
444.123276
449.8026481
450.5735347
450.7451629
449.1609972
452.6083789
454.2863846
448.2674602
446.3445653
455.7948199
454.1258689
450.2220466
440.9520634
433.3403302
443.1231402
453.6270358
449.6935798
453.1175016
450.3582791
450.3586907
444.9184457
455.6849284
455.4174024
448.2777497
456.8027757
453.161952
456.9883976
455.2778772
451.943268
447.8855153
448.7712323
440.9549445
450.997049
440.7047048
442.7333753
433.2728313
438.8785308
445.1304087
446.5215441
455.6334811
455.4326308
454.8333724
456.4912107
458.0066429
462.6200266
461.6454086
464.582433
457.5160413
452.2441319
461.2893932
459.752559
462.2405512
450.2220466
454.7300662
449.4322274
457.8827577
458.1811522
459.5957476
465.0129441
463.8177201
455.7581894
444.6451576
446.7355649
446.9314763
450.5406084
451.3905181
456.1281985
449.4371664
447.3891516
454.6024769
457.1015817
460.1748386
460.1748386
460.1748386
462.0289998
462.3422111
458.4914824
458.4914824
458.4914824
465.9780958
468.6698194
469.3941976
466.7917865
466.2427408
462.5245404
458.7334906
458.0638523
459.2035132
453.3125898
454.4534855
460.5090403
448.1324624
437.5030354
435.0253327
429.890479
433.8338128
420.804883
412.2930274
417.3517391
418.8058461
424.4465298
414.0410015
388.3626171
383.3310697
387.8502019
390.7789947
399.2957891
391.9663987
389.6059959
392.3232373
396.113464
400.4193985
403.4296839
406.8968214
402.3200682
391.6906411
389.224051
384.6452399
393.0533776
396.9230389
399.9539032
405.524207
408.7571563
419.4470854
421.677841
418.5975873
423.2331963
419.9714365
420.9357649
416.1721551
419.8533134
423.4393971
419.4351496
415.95443
410.7475501
415.7988533
410.2363695
418.8774607
418.2144077
418.7860903
414.5118473
410.2762927
417.5706989
417.5706989
417.5706989
420.6637115
422.1474521
417.9761038
430.6259698
433.7593171
433.9457622
435.3624155
436.2859977
426.1648701
424.1065659
427.7440969
418.4568275
409.0427918
412.6482197
413.310038
395.4067836
383.1195183
394.0028893
396.7732243
393.2995016
371.3421987
362.5319488
351.00775
339.7486078
392.8512926
378.1509423
381.1604045
376.5885902
350.8073113
349.9643985
364.0617862
354.9654891
351.334955
356.8846798
352.3873612
341.343063
341.9509645
352.3803644
356.3446888
353.4665201
351.2337066
349.7429692
350.1372614
335.8365539
331.1848934
326.4607951
333.7177477
347.0903456
361.9009989
362.5685793
369.0353011
366.8629896
370.2708598
379.2889569
382.6194504
380.3471253
375.2233842
363.4905152
361.8643684
367.6910856
346.9878625
352.3499076
349.3840727
352.2025625
352.3268592
365.6591224
381.5781567
385.5655295
387.2250141
384.4950137
392.4096688
393.1924912
388.2514909
381.5872114
379.1695992
384.4740232
382.9622953
393.0039882
396.3023785
401.1289599
407.4499829
407.6882869
408.6229817
402.245984
414.9975099
416.1684509
415.0855878
415.016031
407.4936102
413.6327156
410.372602
396.8501895
395.8574621
392.8595241
391.7363263
395.5672993
396.3735816
390.5497454
384.941988
390.2925089
383.7714587
377.4154515
381.6308388
386.8747608
386.451658
388.4309392
402.4200817
401.789955
404.62285
405.298662
399.52545
403.5836142
408.4270703
407.4927871
410.3721905
412.1786086
410.0803813
408.6826606
403.0843695
409.1814938
409.6136512
401.483329
399.1801356
408.0360707
403.4766038
402.5312079
398.4409405
399.8143781
396.4863541
394.260949
405.0159075
406.3140262
407.9554014
406.6803311
406.0102812
403.9544465
412.814909
412.0020414
412.6321682
413.9331679
414.3533896
414.0780435
412.9560805
414.3908432
411.6822449
409.0736602
405.1015158
407.1001412
409.3560031
402.3538176
406.5148765
398.4104837
399.3653459
392.3228257
386.4109118
390.9024682
383.8167323
380.3775821
384.0381616
388.8215272
379.3552211
383.0178584
388.1844036
385.7243988
374.6656953
362.36279
364.0547893
363.2386291
356.2578457
347.5648956
344.9151531
361.1605691
371.8295077
374.2508242
368.6253689
369.3044734
375.5304218
380.2656328
377.0236287
377.5376903
378.1739907
372.127079
372.2143336
367.1251651
370.7680467
378.9564015
377.7550038
375.3731988
375.3731988
367.5902489
367.7174266
370.3930987
365.8801401
365.8801401
366.9811127
367.611651
364.3791132
360.5156256
354.8222598
349.398478
354.4728296
375.6436059
387.3620697
387.874485
383.4590706
395.6199813
394.6276655
397.8655538
406.1366358
405.6217511
399.1558524
398.8982043
405.692131
401.8825602
404.1594126
410.8352163
412.1358045
406.4926513
405.4785218
408.0031445
409.3946915
408.0438907
401.939358
402.6168163
400.9408685
403.3148535
412.7371207
415.3827475
413.4853704
403.8116287
399.3900406
396.8440159
396.7896875
403.5416332
404.4524565
400.930579
396.0887693
392.7755621
389.7093021
388.9939786
391.8441599
391.7540242
387.2410657
385.7943671
387.3163845
384.3670128
374.962855
383.8315491
383.3417707
392.8891578
393.010985
394.6433055
398.8977927
397.1074261
398.4783942
396.9711936
396.5830751
390.3641235
396.4591899
396.9703705
393.7538843
400.1765672
401.0873905
403.7544193
402.4554775
399.103582
398.7385118
392.2697321
389.8887503
381.9251174
382.9651763
388.5581169
390.2550552
390.2550552
390.2550552
392.9278462
396.8617137
401.7273951
402.285084
401.3586207
399.7472908
395.6858339
392.1158017
390.6353538
382.4239506
385.1313141
387.3517803
385.7219293
380.7796944
381.2842896
379.5490746
380.9360942
381.9370532
376.3881515
371.1034832
372.2587841
376.2251664
375.5053155
377.6212407
377.3915799
386.0997584
380.6850313
377.9694362
379.1391424
374.1825022
374.6607564
371.4183408
372.7213984
366.141904
365.8739664
372.7296299
364.778756
364.5499183
374.1656274
370.5721353
377.5796713
377.2623443
365.9180053
361.2321838
363.6016414
366.0221347
373.4371334
381.3945927
386.9122144
385.728103
380.5278083
375.6226154
375.5456502
365.0487515
355.0700301
353.2961266
355.4182255
353.6216852
349.3503233
344.2352254
347.8896311
359.2039248
370.3935102
371.11048
363.1653681
362.3150469
354.1406858
355.0375154
353.8315903
341.8114394
334.6302173
332.0216326
319.4141591
319.578379
312.8099701
311.3739726
293.3414826
303.3300819
318.6716715
321.0650006
320.3373298
322.3219614
307.6446596
301.0725736
306.454786
306.2518778
309.0255055
306.294682
302.2068841
309.591426
311.064054
321.4251318
323.0171176
311.722168
297.128005
292.2392753
299.8798191
304.1898694
290.5229928
280.122815
287.8740734
295.5924056
306.8120362
308.7830858
302.4414838
307.7446731
302.0397832
288.2132141
295.311709
303.1917915
315.1699614
313.1338824
317.4579264
316.0791383
308.3686262
304.2347315
313.6779892
322.0367375
325.5232192
328.4981088
326.148407
332.9818453
329.3899995
330.0538756
325.802681
323.9205324
325.8006231
316.0939551
325.2593974
328.8142011
325.7932147
323.8505641
340.975935
339.434985
329.3278511
315.728885
314.9637605
319.6923862
315.3967411
309.4963514
310.9669214
304.5685217
303.7153194
312.7523491
305.6546774
300.5737405
303.3881144
302.1365041
303.860195
293.5040561
289.0939922
283.0417299
282.6161577
284.1394099
297.6083172
297.8227496
309.2345874
307.927414
313.5800335
319.0301564
319.6541094
316.9179354
310.3487305
317.1558277
307.2112674
304.8784403
299.4542469
301.8298781
300.1070104
301.8294666
309.4539588
306.5860796
309.7140764
312.642046
312.642046
312.198776
305.8719908
310.9183552
314.2011055
319.6866241
320.3142814
313.9648594
304.2195031
302.499928
301.724514
309.7428869
308.1146822
307.9150667
308.9806435
308.6736059
312.0526656
307.3787798
314.6575461
313.2318381
315.3728696
314.3274601
313.3450222
319.2594056
317.445579
312.3350085
312.0608972
318.9717122
322.015747
325.3013784
324.8354715
325.2713331
324.956064
327.026304
322.8660682
322.5203423
321.9243766
320.9826849
313.9739142
317.7797808
323.7583705
321.9675923
317.3945433
312.8400153
312.7457638
313.1083645
312.662625
310.6862249
313.9673289
314.4455831
310.4450399
299.7172456
299.4571279
305.2447452
303.9894307
299.839896
307.1956274
307.8047636
309.0131582
311.5027967
315.6239325
314.6423177
311.2747822
306.1954916
303.3399597
300.9832611
297.8807822
292.22487
289.4142003
293.1616228
294.3119848
285.8877955
280.062313
280.0166278
280.0166278
280.0166278
271.6714616
277.0779571
274.3812946
264.0358567
262.2092712
268.55787
257.8642367
251.2596361
256.5990443
249.9837426
255.8878366
260.3225952
256.589578
260.8029074
255.6063169
255.6063169
248.5983693
249.2029782
251.1402783
258.4910708
256.8114188
249.2671844
258.4350961
256.4035445
249.5219515
245.3366095
242.3641894
239.6798742
240.137138
238.1907831
243.1412496
234.8965086
238.525808
238.6212942
233.148123
227.3382805
221.8293019
222.4524318
222.3026172
229.6019624
230.495911
236.2781777
237.0087296
241.5665502
240.3585672
240.8800372
244.1475591
247.1265645
247.2204044
239.2106747
245.714027
249.6598303
249.0926751
252.9508123
243.1017381
239.673289
244.904452
247.0261394
261.4564941
262.3837805
265.8361012
264.0169241
255.842563
247.6159314
245.511942
246.5380072
249.9170669
243.5219598
244.5212724
239.2407199
240.3248178
241.2817378
242.6510596
227.8659242
225.5833097
217.2628382
218.9128565
232.9880189
242.4559714
249.2103866
247.0224351
246.4285273
233.1028494
247.9451942
258.9952545
264.857779
262.8468064
261.2478238
259.1759375
260.2563311
262.3578511
262.687937
272.9461203
278.0830319
274.6525248
277.394461
269.9420086
267.9915379
268.9208823
272.087979
269.8296476
268.6006742
264.157684
273.1770158
273.7281195
275.8197615
275.9498203
289.6002338
291.2556026
290.0809575
293.0262134
295.7553906
293.0982397
300.9001222
300.4354501
296.4546626
297.6437129
294.4029436
302.5382048
299.1509135
300.4226911
288.3535624
288.0806859
282.863928
285.2934761
288.4478139
286.3792202
285.8474608
291.7486737
289.2676783
283.6681525
280.5442714
283.3047286
280.154095
281.4999568
291.5330065
298.4878605
297.1424103
289.9685966
288.2494331
283.6381072
285.146131
284.4707306
284.2542403
282.2395634
286.2977277
287.1114184
288.5959822
291.3453267
285.5889895
286.260274
279.3083011
278.2888211
278.6279618
275.9860393
281.5201241
280.856248
281.7736565
277.5158766
283.9620195
284.5349368
285.6655431
288.2502562
289.7158873
288.4329971
287.9744986
286.8932818
292.0277239
290.9888997
289.2931962
290.0072849
289.0721785
290.3023867
287.9650323
285.8474608
290.0509123
292.4804603
293.7514148
293.8555442
293.6752728
298.1310219
301.438467
301.5339532
302.9304391
303.0123432
303.0123432
303.0123432
302.6118773
297.4445089
299.2352871
299.2352871
309.3675273
307.8483909
309.3461252
308.6723711
309.8622447
316.2186634
316.9870806
318.918207
318.4580622
316.6504093
316.3668317
317.8267007
316.6993872
318.4922232
317.2035709
316.4100475
318.6679673
321.0024407
319.214132
318.0357826
315.0399025
307.1758716
301.9714611
289.8142546
296.5608498
294.9001305
293.2929163
299.7723971
296.1838439
301.8656855
304.4491639
302.0348442
298.1989324
296.5818403
300.9544506
298.4409405
292.7743274
299.0220894
301.3787881
291.0090671
296.8781769
300.2276029
298.624093
301.1380146
307.4730313
304.9508781
306.2275947
315.5185684
312.5103409
311.3418695
310.3133347
316.8574333
315.602942
310.9237057
303.5832027
307.4483366
304.9586981
304.0392317
296.3925142
289.8710524
286.8965744
287.4324497
287.4324497
287.4324497
292.717118
286.7426441
284.9374606
283.51628
283.1018204
286.4607128
296.7221886
297.4762005
292.1989406
291.3642593
289.2154079
284.2822276
284.7707713
288.4173571
292.3429931
302.5563142
306.1670927
304.6520721
301.8780328
307.846333
306.4539629
306.4539629
306.0246865
311.2229233
309.3963378
311.1969938
312.6140587
311.6591965
310.2614758
306.7762289
307.2417242
311.1266139
309.9141036
311.3151169
308.6966543
306.690209
306.6897974
302.5982952
299.5583762
303.2535283
309.0197434
306.7465952
306.3226693
302.4525964
300.4523248
302.9839443
300.1432293
297.2160828
298.9426548
297.2333691
292.2553269
293.1850827
291.3004647
291.304992
293.8201484
295.4022563
292.4158425
282.4424716
278.0204719
272.3061156
274.1697432
282.3881432
282.4449411
279.5869398
284.6522367
284.0426889
279.755687
288.9577597
283.7068408
289.263151
289.2701478
287.8571987
289.0919343
282.381558
284.2250182
281.8695543
282.6511419
287.916466
287.2814004
288.1440689
292.735639
297.2485975
301.2944145
304.1256632
304.5092543
307.3804261
307.1808106
310.990793
312.1967181
311.2097528
310.0696802
311.9304268
315.8585322
318.2851992
317.4805632
318.9408438
320.4653307
318.5342042
322.2301794
315.5198031
310.0128824
308.299481
314.2307392
316.6022546
315.0724172
305.4015566
305.5929406
306.6848584
301.5854005
306.5840217
306.915754
308.6073417
311.0558224
314.9518247
313.9595089
320.136891
323.2517173
325.3178415
325.5314508
327.6062181
327.1436039
330.3831385
333.7465582
334.3910901
332.0236905
334.2149345
337.0877527
338.4163281
337.0140801
335.8451971
341.8735878
342.3559578
340.5898743
346.3025843
345.0044656
342.4259262
347.0273741
355.5474612
355.6478863
357.0752407
361.5062951
366.4810448
367.7515877
370.8285487
371.6484132
370.6927278
363.0262546
366.4592311
362.3496195
358.552396
363.3719806
360.2052954
365.2364313
362.6422518
363.6835455
360.2880227
361.7820527
358.5491034
358.3474299
359.9501167
356.7509168
355.7804146
356.9624682
356.4027214
359.8780904
354.1073479
351.5510337
353.001848
356.1504237
356.4101298
357.1143406
360.9815325
363.1530208
361.9577967
358.4556751
353.489157
351.0645479
345.2012002
345.7469533
348.884828
347.1961213
343.9224257
340.829413
340.7421584
347.0018562
343.4507567
347.4311326
355.5223549
356.8291167
359.6410212
361.9701441
361.9701441
361.9701441
364.9014064
364.9100495
365.5566394
365.5566394
359.2607226
360.5432013
363.7666844
374.8677804
377.5948997
376.8120774
378.7399112
382.2947149
382.9260764
390.3974614
387.043508
387.3040372
386.8002651
383.2903234
380.1532718
378.6699428
364.6692761
360.3291805
364.3737627
364.7775212
367.4721258
365.7657213
358.1605732
359.2459058
360.4279594
367.4680101
371.5002449
367.8824696
372.1056769
371.4965407
371.9525697
372.9370655
372.8210004
370.1659073
370.5717237
370.7470562
370.9079834
