100
100.024254
99.84119376
101.510103
103.5301183
105.20076
104.020974
103.1605329
101.6071191
100.8332996
100.8332996
100.0346486
99.41617052
99.20019403
99.20019403
98.87565183
98.45351597
98.28373766
97.86102433
97.33494257
97.17267147
96.69105546
94.82984633
93.58827028
93.58827028
91.90145928
91.19404967
90.82504172
90.1205195
85.1565252
82.11264271
82.11264271
83.85489152
83.87683566
83.79945371
82.43660744
80.58001813
79.11264848
78.79734591
79.61678611
80.71110546
81.64892849
82.01678149
83.16769361
84.41331201
86.77577137
87.93130331
90.45430134
90.84640838
86.65045881
87.74997546
88.30839594
88.59944447
88.59944447
88.63005076
86.92302806
86.79482811
85.78713034
85.57923854
85.35575485
84.64141551
84.47798946
83.94902031
83.62794297
82.57635693
81.53747539
81.88049686
81.64084381
82.13747423
82.11264271
81.76095907
81.75633926
81.82794643
81.82794643
81.82794643
81.33478088
80.17058677
78.32265963
78.47395866
76.91015032
76.44759105
74.8485566
73.88532457
72.61718457
72.07204606
72.07204606
71.36232654
71.21795723
70.8916826
70.33383959
68.25954137
65.364648
63.58832803
62.74983109
63.53751003
63.53751003
64.1952566
67.48918674
69.15694099
70.5313368
71.10188431
70.45626476
69.15578603
69.74596777
69.84702628
69.65992366
70.74731329
71.0614609
72.22450005
72.88282409
74.56617023
76.97020795
78.40754878
79.80619864
80.87799638
80.87799638
80.46279025
79.7184221
79.44065555
79.39618981
79.93208868
80.12150121
80.66375233
80.69147124
80.95999815
80.97559004
80.72380996
80.30918131
79.7565356
79.64623745
79.2720322
80.17289668
79.80619864
80.82082614
82.18944718
82.56018756
82.51514434
82.51514434
82.67164067
82.51745425
82.21139132
81.75229692
81.46298082
81.63737895
81.73208521
81.2250602
80.94382879
80.89705313
81.0881981
80.38598578
80.28954708
80.40792992
80.72669735
80.84103784
81.80715725
80.98020986
80.87337657
81.12804403
81.12804403
81.15865032
81.13670619
80.93458915
80.87568648
80.36981642
80.36923894
80.59445506
80.56038391
80.44200107
79.97539947
80.10937419
79.62313836
79.30610336
78.01775165
77.25605918
77.35249788
76.77040083
76.20505062
75.42892121
74.20062714
74.20062714
73.54057066
72.76732865
71.78330744
71.80813896
72.49129453
72.62700168
72.58426837
72.46357562
72.01198843
71.67300929
71.08051765
71.08051765
71.16482933
71.02565731
71.73248945
71.43393372
72.10322983
71.9213245
72.35731981
72.46530806
72.23604959
70.82700515
71.1833086
71.23816894
71.53037242
71.62565616
71.81911103
71.86011192
71.90688757
71.90688757
70.92633123
70.76752499
71.25607073
71.83470292
72.53980262
72.53980262
73.3442284
73.14615371
73.13287174
72.52883055
72.52883055
72.57271882
73.01737629
73.67858772
73.83104171
73.81487235
72.97522045
72.57445125
72.08013074
72.30072704
71.85375967
71.44663822
71.38600311
70.9956285
71.00948795
70.82873758
69.48206067
69.46127149
70.32633238
70.06242529
70.31767023
70.88821773
70.88821773
70.82180785
72.1673298
71.94500107
72.50111164
73.10399787
74.34499645
74.41256128
73.6029382
72.21006312
72.12113162
71.44894813
71.50323099
71.50323099
71.50323099
71.81275878
72.11304694
72.68936922
72.68936922
72.42315222
72.48147742
71.99177672
71.99177672
71.98773438
72.82276646
72.73094758
73.18080235
73.75654715
73.75654715
73.78368858
73.68320754
73.60467064
73.74326517
74.99581329
74.46973153
74.01525695
74.33691177
74.62738282
75.62006618
76.48685951
76.28878481
75.36366629
76.61621441
76.61621441
75.93248136
75.65702472
74.63142516
75.28917172
75.42661131
75.76501296
75.81294357
76.49783157
76.03469483
75.45837255
75.16328169
75.07723758
77.21332586
75.83604266
76.2004308
76.10861192
77.15962048
77.72785808
78.47280371
78.47280371
78.61832797
79.30956822
80.24219395
81.38213401
82.3944516
82.55152541
82.89627931
83.23814584
83.30686563
83.15152425
82.35980296
81.51899611
79.93728597
80.28896961
79.10514128
78.82102248
78.21524886
77.76423914
77.72554817
77.55403743
77.42237262
77.42237262
77.27742584
77.27742584
76.78714767
76.2662632
76.15712001
76.15712001
76.15712001
75.0893646
74.84278182
74.64066479
74.56212789
73.8287318
73.55558507
73.42623017
73.20621135
72.94923398
72.45606842
72.93248714
72.54846478
72.54846478
72.54846478
72.54846478
72.57387378
72.59466296
72.24182437
72.29437479
72.88686644
72.36598197
72.08417308
72.50399903
72.70900345
72.51381614
72.45491347
72.38330629
72.11766676
72.20024601
72.0558767
71.95135332
71.81911103
71.56790844
70.30381077
70.30381077
70.89110512
69.91978841
69.89957671
69.88744969
69.73903804
69.36887513
69.03971311
68.52806828
67.85588478
66.97176714
66.26378005
65.16310844
64.86455272
64.68264739
64.03356298
64.07629629
63.84877026
63.68361177
63.35906957
63.00969584
63.07610572
63.22336242
63.22509485
62.92134183
62.54136181
62.13770522
61.5573406
61.3875623
61.18429031
60.63857432
60.27996096
58.42510409
57.99315112
57.61432606
58.03530696
57.78583679
57.68362332
57.82857011
58.02491237
57.7806395
57.7806395
57.7806395
58.17216906
58.39854014
58.43318877
58.69767334
58.72596973
59.12038668
59.45185861
59.77986568
59.3964208
59.16311999
59.56331172
59.60489008
59.56908649
59.48650724
58.66822201
58.44704823
58.47534461
58.59372744
58.59372744
58.61105176
58.61105176
58.61105176
58.45513291
58.50999324
58.80046429
58.77332286
59.01644078
58.92115703
58.84262013
58.88362101
58.97082008
59.16081009
59.378519
59.48304238
59.77755577
60.05994214
59.93289715
60.90710124
60.96253905
61.00353994
61.3696605
61.3696605
61.08323179
61.30844791
61.7831342
61.94771521
62.3640763
62.36869611
62.4426132
62.30286371
62.44723302
62.45185284
62.65627978
62.5465591
62.49054381
62.69092841
63.08823275
63.45319836
64.22297551
63.87244683
63.99544948
63.96888553
64.11960708
63.57677849
63.90709546
63.75983877
64.40026102
64.52672853
65.23298319
65.30170298
65.37619754
65.34039395
65.68572534
66.46243222
66.74828345
66.80891856
66.81815819
67.2391391
66.84298972
66.64029521
66.69457807
66.62585828
65.91556128
65.97619639
65.97619639
65.44722724
64.87783469
65.13365711
64.89400405
64.80103022
64.4083457
64.40603579
64.37831688
64.04222514
63.15348767
62.99583639
62.67880139
62.89189049
62.97331478
62.38544295
62.44434563
63.03568232
63.64203341
63.13096606
63.13096606
63.13096606
63.13096606
63.72403518
64.40430336
64.50189701
64.50189701
64.73115547
64.56888437
64.3956412
64.66878793
64.7432825
65.23702553
65.72383884
65.732501
65.732501
65.82085501
65.98023873
65.92075857
66.02239457
66.02239457
66.32788002
66.32788002
66.53923669
66.98389416
67.0208527
66.68591591
66.7292267
66.31228814
66.19332783
66.19332783
66.04780357
66.78812938
66.53288444
66.68822582
66.55598353
66.35733136
66.7165222
66.68533843
66.68822582
66.76041047
66.74655102
67.37253634
67.37253634
67.20275803
67.33269041
67.39852281
67.54577951
67.87725144
68.00314148
67.81719381
67.95636582
68.12383422
68.53037819
68.9207528
69.46762374
69.56463991
69.48032824
69.14250406
68.74924206
68.40102329
68.49630703
68.46050344
68.6441412
68.23759723
68.3323035
68.24914678
68.7457772
68.7457772
68.73249522
68.97099332
68.81507447
68.9715708
69.18812476
69.23085807
69.69745968
70.03008656
70.17387839
71.05510865
71.05510865
71.05510865
73.41930044
74.69090531
79.34652676
83.55633579
83.55633579
82.24777238
79.79753648
77.91322827
78.28627856
79.27376463
80.50263618
80.50263618
81.12053682
80.8294883
79.75942298
79.44816276
78.70494956
78.10668314
77.97155347
77.73132294
77.64065902
77.50552934
77.67877251
77.32131411
77.42987983
77.42987983
77.42987983
77.4685708
77.38368165
77.50899421
78.21871373
78.1459516
78.33305422
78.61197572
77.93055259
78.75980989
79.22294664
80.30340654
80.45124071
81.9682734
83.58058984
84.53920204
84.51032818
84.38443814
84.34343726
84.73727673
86.07413653
86.07413653
87.3659531
89.96691055
91.02658128
89.76190614
89.14285054
89.22716222
90.38731398
91.74669539
93.14361281
94.76516888
96.71588698
95.44139472
94.2650736
95.61637032
95.95072964
95.31434973
94.93841205
94.25467901
94.00751875
94.00751875
94.32744114
95.77113422
96.74476084
99.21463096
99.32435164
99.96823875
100.1761306
101.102404
101.383058
101.0094302
99.19730665
101.2964364
99.27873094
99.66679564
98.63137896
98.85428517
99.11068506
98.01578823
97.33494257
97.13571292
97.13571292
96.93301842
96.47912131
94.57922121
94.93898953
94.87835442
96.38961234
95.6931748
94.03061784
91.97422142
92.57999503
91.06180739
89.33399551
89.28721985
91.02658128
92.04120878
91.27489649
91.5232117
90.80944984
90.33072121
89.90916283
89.90916283
88.33553737
89.05565148
90.27701583
91.03408848
90.24525458
90.53803554
89.01753798
89.0221578
88.76113809
89.01060826
88.96325512
89.20926042
88.72244712
89.30223426
88.90897226
89.29645949
89.54015488
89.26469824
89.26527572
89.55863415
89.55863415
89.55863415
86.9524794
86.74343264
86.55633002
86.66951555
86.3767346
85.67567724
85.48972957
83.51879977
81.94632927
81.91168063
81.01370353
81.36249978
82.18829223
82.55787766
82.54979297
82.22178591
82.60176593
81.71360594
81.00042156
80.63718838
80.63718838
78.99542061
76.92227734
76.53940993
76.40947756
75.25048075
75.39600501
74.42180092
73.6739679
73.84490116
74.61641075
75.07608263
75.09340694
74.81217553
74.63142516
75.18233844
75.47800678
76.10630201
77.78156346
78.56231268
78.37232267
78.28743352
77.65682838
77.60023561
77.34730058
76.97598272
76.94075661
76.74268192
77.1896493
77.1896493
77.1896493
77.82545173
78.04200569
78.29840559
78.29840559
79.30263849
80.74228924
80.40908487
80.56211634
78.88165759
80.79830453
80.79830453
79.79233919
79.79233919
78.63622977
77.25836909
76.49090185
76.19119116
75.45779508
74.68513054
74.3894622
73.58041659
73.50476707
73.74037779
74.51304232
74.38830724
75.12574567
75.31284829
75.31284829
75.31284829
75.63450311
76.1421056
76.1421056
75.74191388
76.46318294
77.14056373
77.44604919
78.05240028
78.95961702
80.29070204
80.60600461
80.52400284
80.07126069
78.67376579
78.85624859
78.80947294
79.43199339
79.60292665
79.61851854
80.36173174
80.4743398
80.24450386
80.87337657
81.59984293
81.59984293
81.81812932
81.51206639
82.49377768
81.87067975
83.86586359
83.81620055
82.99214053
83.56095561
83.19137018
83.25547015
83.30455572
83.51187004
82.78886855
82.46432634
82.26278679
82.57289206
82.37712728
82.10860037
82.03641571
82.45970653
82.45970653
82.45970653
82.45970653
82.29166065
84.9994514
85.37769898
86.40560846
87.07432709
90.09395555
92.09664659
92.85545167
91.81888004
91.58384681
91.77845663
93.01599034
93.01599034
92.79597152
92.84736699
91.26219199
89.66604492
90.75689941
90.75689941
90.75689941
90.83947865
86.18212477
84.9030127
86.08799598
83.96634463
81.21639804
81.97058331
82.4019588
82.57635693
82.18540484
81.7170708
78.21062905
75.36308881
73.82411198
75.50572569
75.39715997
74.94268538
73.88243718
73.85067594
73.85067594
74.28147395
73.51054185
71.64067057
66.80949604
67.06878331
65.60718844
66.48668626
65.98543602
63.68072439
63.02528773
60.3221168
57.36832075
58.10402675
58.08381505
58.034152
58.20739517
58.63588328
60.91460844
61.17967049
61.17967049
63.4976641
63.4976641
65.09150127
64.66532307
63.75695138
62.97042739
62.30517362
62.19718538
61.90613685
61.51633972
60.85512829
60.17312767
61.03010389
61.88246028
62.16946647
62.23183401
63.06571113
62.26994751
61.3898722
61.12885249
61.26802451
61.16581104
61.16581104
59.98833496
59.58236847
58.81432375
57.57274769
55.1958514
54.87188668
53.67131151
53.30923328
51.71424117
50.97738022
48.61723077
46.93388463
49.32637281
49.83744016
48.28056154
46.93157472
44.82262787
42.64496122
42.52195857
42.01089122
42.36430729
43.48923294
43.66651845
44.63321534
45.89153823
46.62839918
47.66785819
47.72214105
46.91425041
45.76969053
45.91059497
46.39105603
46.68672438
47.44552946
48.4185786
48.53984882
47.37449976
46.80568469
46.90443329
46.11213453
46.11213453
45.61781402
46.22358764
45.9354265
45.59933475
45.61377168
45.62185636
45.33485017
45.44745823
46.24264438
46.55505957
47.65399874
46.99913956
46.40895783
46.56660911
46.94716661
47.08633862
47.49346007
47.44148712
47.45881144
47.85322839
47.85322839
49.07748012
49.35062685
49.25707554
49.49095382
50.29018231
50.19258866
49.86400411
50.63897856
52.24898508
54.03396721
57.38044778
55.5816062
55.18892168
56.36293289
57.47399909
59.39699827
58.36042664
58.70056073
58.90094533
58.61798149
58.32289062
58.32289062
58.0064331
57.14194968
56.29652301
55.93271235
56.28497346
56.27746626
57.18757038
56.54714813
56.73771562
56.32308696
57.27303701
57.62645308
58.24666363
58.68150398
59.77120352
59.77120352
59.99815207
61.31999746
61.60931355
63.08072554
63.08072554
60.74483014
60.08766104
60.34175103
60.5860239
60.48496538
60.2129736
60.5149942
60.96773635
59.11403443
59.11403443
59.38025143
59.98429262
59.92481246
60.30883482
60.44107711
60.65127882
59.71923057
58.09074477
57.13328752
57.77717463
57.71884943
57.25686765
57.45782973
57.45782973
57.14599202
57.11942807
57.10961095
57.12404788
57.37236309
57.57967742
57.79045661
57.96196735
57.68073594
57.62645308
57.32731987
56.78968857
56.23069061
54.59585256
55.41529275
56.1013357
56.1013357
55.814907
54.89902811
54.60278229
53.48074402
51.49306739
51.82858166
52.00875455
52.22646347
51.70731144
51.18180716
51.46419352
52.28305624
50.95139374
51.17660986
51.26727379
50.75620644
50.71693798
50.38546605
50.21626522
50.16948957
50.14465805
50.14465805
50.42646694
50.42646694
50.57083624
50.60606236
51.30192242
52.76062991
52.88998481
53.16601893
53.16601893
53.16601893
52.58276692
52.41125619
51.88286452
51.05707207
50.94792888
50.62916145
50.52001825
51.19162427
51.56178718
51.883442
51.883442
51.883442
51.84879336
51.33772601
51.31404944
51.52887097
51.73503035
51.66400065
51.52367368
51.59297095
51.90885099
52.38064989
52.93676047
53.33579724
53.05572078
54.23146442
54.66168496
54.89036595
53.84975197
52.95812713
52.24783013
53.98892399
53.98892399
52.90442174
53.02800187
52.17275809
52.20856168
51.9238654
50.73368482
50.25380124
50.08286798
50.11116437
50.21857513
50.3664093
49.82935548
49.51520786
49.08614228
48.88575768
48.95389999
48.79971357
48.83031986
49.07632517
49.07632517
49.07632517
49.54061686
49.94889326
50.15447516
50.25437872
50.15505264
50.18334902
49.58854747
49.98411938
50.14696796
49.98931667
50.11116437
51.26669631
52.21375897
52.58796422
54.09344737
54.97121276
57.94406556
60.72230852
60.51326176
60.63453198
60.63453198
60.97755346
61.28823621
60.70613916
61.10690836
61.87726299
61.6462721
61.46725415
61.80623329
61.46147938
61.30267314
60.50690952
60.64261666
59.85205033
58.75599854
56.91326869
56.80759036
57.47053422
56.67939042
56.81221018
56.76889939
56.76889939
56.76889939
57.04089116
56.97274885
56.33694642
56.25263474
56.66610844
56.51711931
56.68689762
56.84743629
56.93694526
57.27996674
56.53675354
56.53733102
56.44031484
56.59161388
57.38102525
57.32962978
57.2505154
57.30941808
56.9409876
56.46052654
56.11866002
56.43049773
55.9136556
56.10999786
55.98757269
55.92924749
55.76870882
55.58969088
55.10172261
55.19007663
54.88978847
54.96659294
54.32674817
53.66207187
52.77160198
52.87959022
52.73233353
52.76640468
52.78603891
52.81780016
52.32405712
52.06130498
51.03281803
49.70577535
52.18719502
51.90134379
51.81414473
52.91539381
53.34330444
53.45706746
53.86303395
54.63165615
55.40778555
55.46322336
54.99719924
54.35793194
53.64994485
53.35543146
53.43916566
53.91616186
53.91616186
54.47169495
55.29864235
55.72886289
56.05513753
56.14118163
56.21221133
56.61009315
56.78102641
57.28805142
57.53001438
58.45917525
59.93058724
60.62298244
61.37139293
64.41469795
65.18851744
63.87302431
63.79852974
64.020281
63.24646151
63.24126421
63.24126421
61.89920712
61.89920712
60.59179867
59.47784509
58.85590211
59.24627672
59.24627672
59.47611265
59.30979921
57.67438369
56.83935161
56.83935161
55.01856589
54.51154088
55.85244302
55.44994139
55.4597585
55.85186554
56.23184556
55.84724572
55.84724572
55.84724572
55.55966206
55.65321337
56.00778439
56.09151859
56.1013357
56.27573383
55.94310694
58.38294825
57.61721344
57.61721344
57.96716464
57.63511524
57.84300704
57.67380621
57.67958098
57.43588559
57.72924402
57.95965744
57.38910993
57.56581797
57.3671658
56.62857242
56.56504992
56.1521537
55.69941155
55.10461
54.65533271
53.71115744
53.38834766
53.51481518
53.417799
53.26707745
52.86977311
52.50134263
51.5866187
50.60894974
50.29018231
51.63743669
51.92964017
51.94061224
51.62184481
51.06977657
50.80355957
50.72733257
51.26554136
50.12155896
49.60356188
48.89384236
48.04264092
47.32425924
46.31771642
47.0233936
47.84514371
47.85900316
47.80645273
47.74524014
47.87228514
47.87228514
47.87228514
47.87228514
47.25265206
47.25265206
47.10250798
46.88999636
46.88999636
46.47998753
46.27960293
45.53927711
45.23898895
45.28980695
45.28980695
44.88153055
43.56661489
43.51695184
42.00165158
40.55969093
40.9004025
41.92311468
41.55295177
41.60954454
42.48673246
44.22955875
44.22955875
44.22955875
45.53234739
43.93966518
43.85419855
44.35891365
44.70020269
44.51194512
44.78682428
45.21877725
45.26613038
45.03629444
45.15294485
44.98836383
45.0120404
44.86593866
44.54601627
44.8168531
45.22166464
46.29346238
46.78431803
46.78431803
46.78431803
46.93446211
47.48364296
48.63397761
49.41010701
49.51982768
48.80953068
48.80086853
49.3113584
49.24379356
52.80105332
51.28113324
51.04494505
50.87054693
51.3227116
51.90942847
52.94831001
52.96563433
52.78546143
52.02145905
51.55485745
51.61607004
51.39489626
51.41106562
50.95774599
50.74927671
50.73657221
50.55293445
50.10134725
50.5794984
51.02473335
50.71462808
50.24513909
50.5922029
49.97141488
49.64052042
49.49326373
49.2859494
49.43609348
49.31366831
49.07632517
49.07632517
48.55775061
47.49172764
47.0412954
46.97546299
47.14639625
46.98932245
47.39586642
47.3329214
48.59644159
48.535229
48.07844451
47.18277732
46.83860089
46.74851444
46.52041093
46.12426155
46.27151825
46.23109484
46.37719658
46.16583991
45.83610041
45.83610041
45.55775639
45.41685194
45.34639972
45.6715194
45.90366525
47.55525013
47.80934012
47.42993757
47.3000052
47.43513487
48.04264092
49.40086737
49.59894206
48.80837573
48.90943425
49.26862508
48.99836574
49.89403293
49.60356188
47.51944655
47.51944655
47.19490434
46.77045857
47.24398991
47.86073559
48.01318958
48.16044627
47.99124545
47.82262209
47.16256562
47.01357649
46.33042092
45.94582109
45.43764112
46.06073906
44.99991338
45.04899894
45.12695837
45.06228092
44.81338823
45.05130885
44.63725768
44.34043438
43.81608505
43.55160048
42.97181334
41.84342282
41.44207615
41.74525169
40.75776563
39.92273355
39.33312929
37.00300866
37.26807071
36.34064227
35.97914152
36.27769725
35.92774605
36.75122858
36.30599364
36.64612773
36.87885105
36.930824
37.64631829
38.21224598
38.74641242
39.97355154
38.6101278
37.80743444
38.00608661
37.80743444
38.86248535
38.86248535
38.86248535
38.37278465
38.25902164
38.60146564
38.60146564
38.68635479
38.64419895
38.91734568
39.2441978
39.19511223
39.19511223
39.37470765
39.55488055
39.87538041
39.87538041
39.6980949
39.79106874
39.79164621
39.80377324
39.22514105
38.97047359
39.04958797
37.83399839
37.42976433
37.46903278
37.63534623
37.77394076
38.02341093
38.26190902
38.26190902
38.17066762
38.17066762
38.28154325
39.24593023
38.9271628
39.44400492
38.98260061
38.47153326
38.38260177
38.04131272
38.26883875
38.26421893
38.41840535
38.59857825
38.37740447
38.30002252
38.46980083
38.51137919
38.72735567
37.99684697
37.74679933
37.5775985
37.68789665
37.68789665
37.34487518
37.32639591
37.42167965
37.27557791
37.32293104
37.07172845
37.07403836
36.61090162
36.613789
36.67269168
35.94333793
35.60666871
35.28270398
35.17702565
35.54256873
35.63207771
35.31908505
35.47962372
35.34507152
35.08520677
35.11061576
35.18280042
35.11408063
35.11408063
35.11408063
35.40570663
34.96162664
35.88212535
35.08405181
34.95873925
35.05344552
34.85017353
34.69021234
34.90099153
34.8155249
34.69771954
34.69771954
34.85248344
34.67173307
34.55912501
34.55912501
34.55912501
34.70811413
34.66249343
34.77798888
34.71331143
34.87327262
34.65440875
34.76874924
34.78203122
34.7265934
35.15450403
35.20532203
35.31735261
35.2492103
35.68578309
36.03862168
36.0253397
35.27750668
35.05286804
35.06326263
35.06326263
34.84786362
34.91080864
35.19434996
34.98819059
34.93275278
34.77510149
34.65845109
34.21552605
34.40378363
34.20975128
34.5568151
35.43169311
35.29367605
35.43862283
35.2821265
35.40743906
34.99165545
35.28270398
34.8813573
35.07365722
35.36643818
35.36643818
35.04074102
34.83515912
34.91889332
34.19820174
34.34141609
34.52043403
34.34141609
34.28771071
34.30618998
34.30618998
34.46326379
34.52101151
33.95854868
34.09829817
34.19011705
34.12024231
34.09945313
34.22361073
34.00590182
33.85402531
33.85402531
33.57683623
32.18396115
32.5454619
32.2486386
31.54065151
30.81418515
29.54951001
28.59551762
28.13873313
28.32294837
28.94027153
29.31043444
28.65904012
28.8929184
29.57665144
29.71582345
29.58242621
31.88887028
32.41957186
33.32390121
31.78261447
31.64459741
32.70657804
33.17375712
33.42091738
33.42611468
34.07462161
33.86961719
33.66230286
33.91697032
33.24247692
32.31793587
31.27096964
31.54296142
31.44941011
31.47424163
31.80744599
32.33064036
31.90561712
31.972027
31.89637749
31.89637749
31.59320194
31.62611814
31.62785057
31.5435389
33.17895442
36.49482869
40.89000791
43.11329526
42.54967748
41.01936281
42.35564513
43.14043669
44.05285072
47.22839802
49.04976121
47.95313195
48.15813637
48.62993526
48.94697027
48.3729579
48.3729579
46.60760999
44.8624738
44.54139646
43.51868428
43.19529703
44.01820208
45.27363759
45.33023036
44.04245613
44.99529356
45.67613922
47.4166556
48.25399759
48.0432184
48.07671208
48.00741481
47.87690495
47.7411978
47.31559708
48.51905964
48.69865506
48.69865506
48.88633516
47.94735718
48.74485323
48.74485323
64.21258092
66.84645458
65.92537839
62.53038974
56.48420311
58.31134108
58.53309233
55.98699521
53.468617
55.43146211
55.53945036
55.53945036
55.53945036
55.53945036
57.40585677
58.96158044
59.17524702
59.17524702
58.1889159
58.1687042
57.36889823
56.28786085
55.69074939
55.53367558
54.838393
53.23878106
53.23878106
51.6651556
50.81222173
49.29692147
50.99874687
51.29961251
50.72271276
49.60644927
51.96833115
51.74253755
51.74253755
50.91154781
50.83127848
50.22146252
50.7521641
50.7521641
50.69961367
50.75505148
50.14003823
49.47189707
50.00664099
50.30346429
50.8890262
51.33310619
52.13984189
52.93502804
52.4031715
51.86149786
51.64552138
54.23781667
54.93136683
54.94638124
54.94638124
55.40489816
55.20624599
54.65360028
54.68478405
55.01856589
55.64108635
55.90499345
56.16832306
56.16832306
56.8572534
56.42299052
56.31731219
56.60489585
56.93001553
58.74560395
58.96042549
59.84800799
59.18737404
58.31653837
57.27707935
57.27707935
57.27707935
56.2942131
55.81894934
55.472463
56.28843833
56.37275
55.60355033
55.95638892
56.30287526
55.87496463
55.87496463
55.87496463
55.63588906
56.32886173
57.2961361
57.52077474
56.98776326
57.46244954
57.56870535
57.40239191
57.40239191
58.16292943
58.98063719
58.98063719
58.75311116
58.29055189
59.16138756
59.13886595
58.78891475
58.24031138
59.29247489
60.19738172
63.41104252
63.38736595
62.42182402
62.3005538
62.2751448
63.04723186
64.2004539
65.0932337
65.0932337
65.0932337
68.1648351
68.75501683
68.02046579
67.7565587
69.33538145
69.86954789
72.67377734
75.890903
74.47088649
75.40408969
73.39966622
72.96424838
73.97656597
73.78484353
73.61737513
72.50053417
71.46627244
72.1800343
71.71112279
71.71112279
71.44086344
70.35000895
69.34519857
70.63412775
71.14923744
71.46396253
71.60255707
71.50842828
70.78311688
70.82123037
70.84259703
71.3709887
72.48032246
71.86011192
70.31478284
71.00024832
70.7623277
70.47358908
71.04760145
71.43046885
71.43046885
71.7919696
71.77118042
71.09264467
70.4019819
68.93230234
69.22970312
68.98774016
66.81989063
64.00988641
61.06475252
64.03933775
62.38313304
65.54020108
65.22432103
65.19602465
68.04240993
70.46377197
71.09726449
71.62854354
73.73922283
74.27858657
74.27858657
74.0926389
75.72458956
75.41679419
74.93864304
74.54422609
77.24508711
75.97867954
75.66453193
77.80408507
79.20331241
78.56346764
80.15903723
80.25605341
78.45201453
78.61139825
79.37713306
80.24392638
81.49936189
82.42910023
83.09608644
83.09608644
82.66182356
83.13419993
85.81658168
85.83217357
86.12091218
86.27047879
85.11552432
82.7825163
83.95479508
83.3784728
81.78925546
81.99772474
82.19926429
82.17443277
81.78925546
80.7278523
80.95306843
80.12496607
78.46760641
75.24470598
72.59812782
75.96366513
76.20620557
75.51323289
77.08859078
78.81986753
79.75249326
81.19272148
80.66086495
80.3449849
80.3449849
81.15980527
81.84815814
80.35075967
79.05201337
78.04373813
78.26664434
77.43854199
77.69147701
77.57540409
77.03026558
77.03026558
75.66741931
76.91765752
77.97444086
77.86298775
77.76712653
77.71515358
77.82545173
77.7070689
76.66068015
76.61101711
76.66010268
76.29340463
76.29340463
76.02314529
75.88397327
75.69282831
76.02199033
75.98041197
76.01737052
75.8198733
76.68551167
76.68551167
76.90437554
78.09224621
78.88974227
78.88974227
79.38637269
79.67049149
79.83449503
79.71495724
79.71495724
79.91418688
79.4088943
79.35114658
79.79060676
80.13305075
81.31861151
81.31283674
81.54786998
81.54786998
81.54786998
81.0702963
81.0702963
80.9790549
80.62506136
79.32804749
80.0406544
80.53381995
79.28358174
78.07665433
76.36039199
77.08859078
77.83526884
79.03642149
79.03642149
79.63411043
77.818522
77.65567343
76.53479012
76.53479012
76.53479012
75.3607789
75.33248252
74.08282178
73.81775973
74.45818199
74.62391795
74.49167567
73.24201493
72.16155503
70.66704395
71.54885169
71.77522276
72.04259472
71.74172908
71.57830303
71.09841944
70.19351262
69.0628122
67.25704089
65.9074766
67.84491271
68.52113855
67.86570189
67.86570189
67.39679038
68.953669
69.16733558
68.77580601
68.86531498
70.5769575
72.53691523
71.76078583
72.30361443
71.51997782
72.72921515
75.41794915
77.05913944
75.07435019
76.91938995
77.01409622
77.98656788
78.24758759
78.24758759
78.43700012
78.43700012
78.74364053
78.74364053
78.74364053
78.27241911
79.09763408
79.3938799
80.04989403
80.72727483
81.4306421
81.09628278
81.09628278
80.74690905
83.12091796
84.9867469
85.88472399
86.37846703
86.68510744
86.88664699
86.62331738
86.62331738
86.62331738
86.62331738
87.1857802
87.68587548
87.89030242
87.59983138
86.2675914
86.2675914
86.92880283
87.83370966
88.55324629
88.83909752
88.6138814
89.67008726
92.4997257
95.99519539
96.83022747
99.76265686
101.2277166
99.42483268
102.778243
105.492386
105.3381995
109.76514
111.0731259
111.8255788
115.205553
121.3164171
124.3862861
133.7627839
130.4682763
125.338546
126.6286302
124.312369
120.4057355
117.1787927
116.310267
114.8954477
110.3836181
106.7628359
109.739731
113.8126779
112.6721604
114.1730237
117.9641618
118.1593491
117.9901482
118.8477019
120.2070833
119.4973638
119.8357655
121.8332592
122.8444219
122.9501002
123.3185307
122.5268094
123.2244019
122.5424013
121.9089087
120.6927417
120.6777273
122.0873492
122.0873492
122.1866753
124.3354681
124.7090958
125.7785837
128.0746332
127.1835858
128.0653935
129.0852183
127.6582721
127.4757893
126.632095
125.4615487
126.5760797
126.2838763
128.2293971
130.4469096
133.0571067
132.7752978
131.5429614
131.4268885
132.0343945
132.0343945
133.0299653
134.3997413
133.3949309
132.4750097
134.5781818
134.2143711
139.8903948
147.3473583
147.8203122
152.0844041
148.7529379
147.6054907
149.1664116
147.5535177
146.302702
145.9897094
150.7954749
154.0322348
154.5161607
154.1049969
154.1049969
155.8125971
153.4639972
153.8116385
153.480744
153.366981
151.5548574
150.5650615
150.0355148
152.352931
155.9829529
155.9829529
157.2245289
156.004897
153.7342565
156.1781402
156.4449347
155.4008558
148.420311
130.5883916
127.3741533
145.1887484
137.705221
131.0336265
135.9895361
138.9433322
130.2881034
135.2214914
132.2457512
139.6045436
136.8967528
137.2640284
134.228808
131.7485433
131.7485433
133.3776066
134.8357366
131.2091796
130.678478
126.2526925
122.6965877
126.2336357
126.2336357
126.8307472
126.3993717
121.7235385
122.1531816
120.6690651
116.7682064
113.5291366
110.6989207
113.5672501
112.9424197
115.2078629
115.3129638
115.3129638
116.2132508
114.2186444
113.8698482
113.5383762
113.5383762
113.8917923
118.2679148
119.0642559
119.0642559
121.8448088
123.6869611
125.6255522
128.5920528
129.5933983
129.5933983
125.7670341
117.3324017
117.297753
120.101405
121.0490451
120.6078525
127.6652018
132.7868474
131.9073496
129.9566315
130.9464274
130.9464274
124.0490394
124.0490394
124.0490394
127.8650089
108.9052764
104.4246306
109.373033
113.2444403
116.9593514
116.0838959
116.29583
116.29583
118.8788857
121.4677161
122.5787823
124.1812817
124.3042843
124.3822437
125.4338298
125.1398939
125.2605866
124.1327736
123.068483
121.9706988
119.6596349
121.851161
122.4182437
121.3389387
120.5812886
119.7554961
121.0022695
121.1945694
120.6211345
119.2311468
119.0711856
119.1837937
119.5528016
120.6147823
121.4503918
121.013819
122.2808041
123.0199749
123.7793575
124.7662661
124.7662661
108.7014269
110.9761098
113.7243239
113.7243239
113.7243239
113.7243239
114.7591631
114.7383739
115.3897683
114.7770649
114.7886145
115.1610873
114.6754289
115.1102693
113.8952572
113.6885203
112.3054624
114.9872666
114.9872666
115.498334
115.498334
115.498334
115.917005
115.917005
116.3004499
116.6694578
117.9566546
122.5770499
127.6686667
124.8881138
124.1708871
125.1179497
125.3610676
125.5862838
125.1156398
124.2136204
124.046152
123.8232458
124.8725219
125.1468236
124.414005
124.414005
123.069638
121.3631928
120.4860048
120.051742
119.7595385
118.6779236
120.3196914
120.86252
122.0717573
122.8311399
123.0661731
123.6632846
126.9647219
126.4594293
126.3300744
127.1010065
127.3481668
127.8286279
128.408415
130.856341
130.8569185
130.8569185
131.2334336
128.7652959
125.224783
128.7502815
128.7808878
129.8752072
131.2149544
132.2653854
132.5639412
131.1624039
130.2107214
130.2193836
130.5918564
131.1883904
133.8563352
133.5179336
133.1425734
134.1837648
133.9822253
134.3067675
135.0655725
134.6746205
133.8141794
133.7344875
133.430157
133.5156236
131.6596118
133.4867498
132.731987
131.3235201
131.9275613
131.4505651
130.7622122
127.8066837
128.4788672
129.3658723
130.2297782
129.2376723
127.4353659
129.4039857
128.8091842
127.2361362
128.5689537
128.4961915
128.3645267
130.0553801
130.195707
128.4113024
128.5822356
129.3762668
130.334879
130.2702016
130.9649067
130.7645221
129.7764586
131.0041752
131.5631731
130.6068708
129.3572101
130.3620205
130.4474871
130.4474871
129.7984027
129.7002316
131.3933948
130.4209232
130.5751096
130.8967644
130.4994601
131.2686597
130.7067744
130.6594213
131.2934913
131.5880046
132.1181287
132.1031143
133.0478671
134.9275555
135.5350615
137.717348
137.5342877
136.2759648
136.2759648
136.1362153
136.3152333
135.6274579
135.1135032
135.1077284
133.974718
133.6536407
129.7291054
129.6026379
130.6969573
130.6969573
130.6351672
128.5764609
128.2519187
128.2496088
129.2630813
132.3958953
131.8149532
132.4830944
135.0828969
134.5389133
134.5389133
134.5562376
133.7500794
132.7666357
132.4166845
133.8696172
136.258063
140.0468912
140.1999226
141.6788418
141.7146454
143.894622
143.2253258
143.8339868
143.4418798
144.287884
145.8822986
145.8430301
146.214348
144.5506361
144.5506361
144.5506361
131.1445021
130.3666403
132.0413243
131.9044622
131.9685621
133.0016689
136.4584476
138.1862595
135.6563317
136.3660513
137.514076
139.885775
139.695785
139.695785
140.1427524
141.6551652
145.0489989
147.6026033
147.6026033
147.6026033
150.1948986
150.220885
149.7687204
150.019923
150.2416742
150.7313749
155.0174109
159.0834281
159.0834281
159.8179792
160.0027719
156.8647606
157.19681
157.0766948
157.0928641
155.6688053
154.8089417
155.662453
155.9413745
158.2818897
158.4175969
158.4175969
157.3585036
156.4345401
155.9835303
155.5215486
155.9494592
157.1246254
156.5448382
155.8507106
155.8507106
153.8832457
153.9750645
153.9334862
154.1182789
153.6014368
154.4029752
154.610867
154.0622636
153.5973944
153.3444594
153.5148152
155.0174109
155.0174109
153.4847864
154.811829
155.6803548
155.4135603
157.5063378
158.6699544
158.7669706
158.5521491
157.4543649
158.2339591
158.4233717
159.2445443
159.2445443
159.2445443
161.8986296
161.306138
164.1288467
166.3579088
165.5130596
165.5130596
166.5900547
166.2291314
170.1796532
169.4722436
170.5036179
170.5036179
171.5217103
172.3203613
171.7873498
172.8551052
171.6949534
172.6662701
173.4117932
173.5890788
175.2839744
173.9222831
173.9915804
174.774062
175.814676
176.2131353
176.2131353
176.2131353
175.8862832
175.573868
176.7542315
176.8235287
176.1952335
171.7804201
173.3603978
173.6237274
171.1746464
168.0118036
168.7827357
167.7785028
167.5914002
167.2518436
168.9490492
168.4223899
168.3525152
168.9969798
170.0237343
170.0237343
172.3238261
174.1642461
174.5863819
174.4645342
173.2327753
172.4722378
172.6535656
172.6142972
172.5975503
172.2089082
172.9809952
174.5557756
174.9958133
175.4283437
175.2239168
174.4079415
172.6050575
173.0554898
173.1894645
172.7921602
172.4139126
172.4139126
172.2164154
172.1488505
173.0572222
171.6516426
172.1043848
173.6953346
174.6955251
176.1242038
177.7936905
177.9132283
178.5161145
177.1705925
177.0643367
177.0626043
177.2901303
176.8524026
176.5619315
175.9729048
175.5911923
175.1338303
175.1338303
176.3551947
176.6445108
176.5971577
178.0720345
181.7915654
182.8061929
181.4156277
179.7022527
179.0774224
179.3523015
179.2344962
181.5940682
180.7642334
185.023128
186.1948293
186.0423753
188.7287994
189.3715315
193.5518892
197.3418723
198.2231026
198.8808491
201.8051938
205.5247247
203.8535056
204.7029746
204.8490763
209.2200015
210.5863126
213.5285591
214.9479982
215.4538682
217.804778
217.3537683
216.9154631
216.2115184
217.3924593
216.9218154
216.5262435
214.8833207
214.8833207
213.594969
210.3974776
211.0800557
212.2916029
211.501614
212.009794
212.6686955
213.2300034
213.5597429
213.684478
213.684478
215.6155619
215.3424151
215.3424151
216.3408733
212.899109
213.1959323
210.436746
213.2825538
210.641173
210.641173
217.680043
212.1945867
198.4200223
188.6294733
192.060843
193.6922162
190.881057
189.1128217
196.8914401
195.8993342
195.8698828
194.4360069
193.1950083
189.4419837
180.1353607
183.4009944
185.0444946
188.9684524
192.7035752
190.4184978
189.4518009
189.4518009
188.1443924
185.9626834
182.5082146
183.1596089
179.7432536
179.441233
179.441233
169.2759013
164.4672484
168.5355755
168.4864899
170.1432721
171.8006318
174.0117921
171.1792663
170.7548205
165.4183534
164.1288467
164.1288467
164.1288467
164.1288467
159.0389624
154.9458038
153.8930628
157.3844901
163.7061334
164.8841869
164.4239376
167.6052597
178.9261233
177.8716499
178.6541316
179.0306467
178.3474912
178.1626984
178.1626984
177.7971553
178.4439298
179.113226
179.2570178
180.8699117
183.1555666
182.1692355
183.5199547
182.3020552
181.3948385
181.7222681
182.2223634
184.2042652
185.4493062
189.0799055
190.2931852
189.5228306
191.7322585
191.6358198
192.7919292
192.9438057
193.010793
191.8517962
192.5401491
190.9486219
191.4781685
191.4781685
190.8764372
192.9247489
192.8277328
192.8104084
192.4263861
192.0319691
191.1784578
191.8431341
190.7135886
191.5399585
192.1139709
192.3894275
192.1145484
192.7018427
193.5074235
194.1316764
194.166325
195.4893253
195.7913459
195.7913459
195.7913459
195.7913459
195.7913459
188.6710516
192.542459
191.0219615
188.9309164
188.5284148
185.6635502
184.4479606
177.1665502
182.4464245
185.3921359
185.3921359
186.9299578
187.329572
190.4150329
193.137838
190.6304319
190.982693
189.4829846
189.4829846
189.4829846
185.8136943
186.2831833
188.0571933
188.3557491
188.2916491
188.0323618
188.0063753
187.9255285
186.0325582
185.4198548
186.6510363
184.9226469
186.3622977
188.1097438
189.9207124
190.132069
190.2983825
189.2843325
189.7538215
189.5979026
190.0050241
188.5012733
185.8541177
178.6483568
181.8851167
177.8127472
173.0554898
175.8094787
179.4597123
179.3459493
181.1309314
182.5336236
182.7553749
183.7307339
183.5961817
183.1769332
183.0545081
183.2237089
182.5561452
182.4221705
182.4221705
181.5882934
181.7459447
180.9848297
180.456438
180.6481604
181.687042
183.0169721
184.2787598
184.8856884
183.7301564
183.6597042
185.7120583
185.0658613
185.1819342
183.9293861
185.0052262
182.88011
183.0579729
183.5927169
182.9153361
183.588097
183.588097
183.2623999
182.270294
179.2858917
180.2202498
180.0250625
179.505333
179.9164968
179.0751125
179.1449872
179.1086061
179.5861798
180.0354571
181.3041746
181.2932025
182.4804957
184.2319842
184.2649004
184.7909821
184.5571038
184.9393938
184.9393938
185.0658613
185.2997396
185.3418954
188.7905894
190.3919338
190.9336074
191.4966477
191.1957821
191.3678703
190.8406336
190.6766301
190.0697015
191.3216721
192.4437104
194.0462097
196.9110743
197.5601587
198.6036601
201.763038
204.2658243
204.2658243
206.3920955
206.8211611
206.2038379
206.8257809
208.7793864
208.3399262
207.1122096
206.8708241
207.4488788
208.9318404
211.8700445
211.8700445
211.8700445
214.0095977
213.2704268
210.7607108
210.5585937
211.5888131
213.0792818
215.7801429
218.4070868
223.0240173
230.7119717
236.2395838
234.7069592
234.3154296
248.6530344
251.1696801
251.553125
249.8986527
246.8258964
244.1995299
244.8694035
245.9002004
246.2466867
245.7130978
247.660351
247.7411978
251.9048087
253.5338719
253.5338719
251.4919124
253.4784341
254.0368546
252.3921994
252.5394561
251.2949927
248.8545739
250.1134743
251.1823846
250.7723758
250.7180929
251.6149151
252.2045193
252.9558172
252.9558172
253.6845935
253.9375285
254.203168
253.1613991
253.1613991
254.2638031
254.2638031
253.45649
254.0645735
248.7229091
248.6882605
250.7660235
255.4580261
257.3278973
257.3278973
263.9579135
266.2325963
272.0887929
274.4321955
277.5638545
275.2620303
274.4449
279.1461422
279.7305491
275.219297
276.5925378
277.23527
277.23527
279.2339187
279.2339187
277.6718428
275.9082273
275.6679968
275.6980256
273.1940843
273.6537562
271.5806129
270.8327799
270.8327799
269.8949569
267.4764822
268.409108
272.1956262
271.8468299
272.0795533
271.413722
270.6710863
269.9532821
270.5937043
270.6064088
265.0181617
264.0404927
259.8820791
259.7613864
255.4574486
253.8156808
246.8501504
241.6517004
245.1442827
247.9513995
258.363314
260.1373241
258.3182708
257.5906495
253.4027846
253.3132756
252.490948
253.6897908
253.860724
253.860724
253.860724
253.4847864
253.8624565
253.8624565
252.0255014
250.7683335
252.5908516
252.5908516
252.5908516
251.5161665
252.7381083
252.7381083
248.2684345
245.1679593
245.0755629
245.6772942
247.3358088
248.8516865
247.7908608
246.4464938
246.4464938
246.4464938
246.3154065
248.5132849
247.1001981
244.3594911
243.7594923
244.2630524
242.6218621
241.4218644
237.3038743
235.8249551
231.9824216
235.5806822
238.1510334
237.6255291
235.6597966
235.7158119
236.1916531
235.6649939
230.9781887
231.7514307
231.7514307
232.771833
231.6087938
231.8253478
232.9878095
233.5727939
235.1793356
235.2313085
238.5795215
239.0501654
238.3306288
236.9972339
237.9200425
238.604353
241.0794204
240.0584407
237.9743254
235.8636461
236.6114791
235.6569092
234.8212997
236.0963694
235.4195661
233.6819371
232.8497924
232.4392061
231.0353589
229.7377676
228.3258358
227.5502838
227.0484561
226.3837798
222.1762807
217.3352891
214.7839946
215.1847638
214.5010308
215.6421258
214.5893848
215.3522322
217.0621423
216.2288427
215.1553125
215.333753
214.8815883
214.9630126
215.4856295
214.4727344
214.0142175
213.7965086
213.2479052
213.2248061
213.0423233
212.4400146
212.6097929
212.5832289
212.6767802
213.6867879
214.8480946
214.750501
215.6276889
214.9855342
216.0810085
216.0810085
215.4036277
217.4305728
227.9435458
223.4917738
222.968002
220.9341272
220.4478913
221.8159349
221.6322971
222.8028435
225.3241091
227.8442197
226.6101509
225.7849359
223.3953351
221.2367252
221.0784965
222.7578003
221.3683901
220.2983247
220.2983247
219.8068916
218.5225822
218.0802347
219.0440442
219.1936108
218.8835055
219.2929369
218.3349021
216.9760982
216.8750397
217.3866845
220.2099707
222.1884077
222.751448
222.6036139
223.7106377
224.5543319
224.0172781
224.1125619
222.9708894
222.9708894
223.5604936
223.3641514
223.0280596
223.2827271
222.6457697
223.8076539
223.2752199
222.8883101
222.3662707
222.3662707
222.9472128
222.816703
222.2138167
223.8654016
224.2471141
223.7828224
223.2140073
221.8476962
220.4963994
220.7764759
218.3811003
219.1641595
218.7414461
218.5843723
217.7279736
217.3791773
216.0284581
216.2068985
215.4180646
216.245012
214.559356
214.6777388
215.9152725
215.6490555
214.1429949
214.243476
213.6042087
214.509693
214.4409732
214.7158523
214.7158523
216.2952526
216.2952526
215.497179
214.9145045
214.9838018
217.2180612
217.2180612
215.5982375
214.3485768
212.4411695
212.0375129
207.0099961
203.8835344
208.2469524
207.5880508
205.9953686
205.9953686
202.9122177
202.4565881
202.6263665
202.3428251
202.3428251
208.0852587
208.2475298
207.5268383
206.9476286
206.1622596
204.6567764
205.9924812
205.8377173
205.8377173
204.3940243
203.7605317
203.1443635
203.2280977
203.2667887
203.1131798
203.6069228
203.4717931
203.7189534
206.4019126
205.7458985
205.7458985
205.1320402
205.64253
207.03887
207.4893022
207.9917074
207.5199085
206.6721719
206.8939232
207.6625454
209.3770753
209.3770753
208.0015245
208.2556145
208.3872793
207.8831417
207.469668
207.6001779
206.2211622
206.6715945
206.4527306
206.4527306
206.4527306
206.2621631
204.6920025
205.8515768
205.3867076
205.4819914
205.0252069
206.2887271
206.4238567
205.7874768
204.9374303
203.3655373
203.1276167
202.0922
202.953796
202.953796
202.953796
203.4948922
205.111251
205.693348
205.693348
204.7589899
205.2024924
205.8371399
205.6604318
205.1083636
204.1266523
202.9266546
201.6717966
201.6717966
201.9928739
201.7312767
202.3907557
201.8739136
202.5114485
201.8051938
201.3143382
200.2471603
199.2533219
198.8785392
199.0454301
199.0454301
199.0454301
198.5372502
198.8410032
198.1803692
196.7586203
195.4003938
192.808676
191.7132017
195.5384109
194.8044373
194.0906755
192.2046348
194.0820133
193.2025155
192.9183967
192.491641
191.6121432
189.9986718
189.0989623
188.5301472
188.5301472
188.5301472
187.3463189
189.6966512
192.047561
192.3230177
192.313778
192.3166654
191.1530488
189.3767288
187.3255297
186.4575814
184.858547
184.7366993
183.8514267
181.5155313
181.9422869
183.5205322
184.6841488
186.2831833
184.8146587
180.8681793
180.8681793
180.5603839
178.084739
170.9973609
172.1465406
176.1051471
173.7808012
177.2774258
175.3590465
176.7236252
178.0882039
177.4062033
179.1478746
177.7832959
179.5145726
179.8714536
183.6804934
182.6416119
179.5353618
179.5353618
175.0749277
173.3540455
174.0360461
173.3436509
171.6123742
170.5838872
169.9013091
169.2089139
168.5159413
169.9013091
169.5548228
169.2193085
168.5263358
168.1908216
166.4693619
166.4589674
164.3812043
161.611046
160.2256781
157.4555198
155.0312704
152.6174156
147.077099
147.077099
143.2882709
137.4424688
142.9833629
142.3013623
142.637454
144.7152171
144.3791254
144.032639
143.0145467
141.649968
141.649968
142.3423632
141.649968
141.649968
131.9639423
129.917363
127.1472047
122.9916786
125.7410477
125.7410477
126.4132312
123.65289
122.257705
118.4480877
114.6390479
111.8683121
110.4939163
111.1863115
111.1863115
106.7154827
108.1008506
109.8217328
108.4467595
107.7543643
113.9772589
120.8827317
118.1119959
115.3626268
113.9876535
113.6417447
113.6417447
109.1397322
108.1112452
109.8321274
108.4571541
108.4675487
108.4571541
106.7362719
106.3897856
105.3612986
102.6015349
104.3120225
105.0153898
102.9376267
102.9376267
102.5911403
101.8883506
99.13840397
96.71415454
96.71415454
98.43561418
98.78210052
98.78210052
97.06064088
96.36824568
96.01136475
93.24120647
93.24120647
90.49125988
85.63294392
88.40310221
88.40310221
88.40310221
85.63294392
84.94054872
85.63294392
85.63294392
87.0183118
86.33573371
84.95094331
85.97943026
84.95094331
85.6537331
87.89896458
91.98115114
91.98115114
97.09182465
104.37439
112.6750478
115.4249944
108.1834299
109.9048895
110.2507984
112.6542586
111.6153771
111.2688907
110.9229819
106.4417585
104.3639954
100.8904699
100.8904699
95.02445616
96.0633377
96.0633377
100.2084693
101.5938372
104.0279037
104.37439
102.296627
103.6814174
103.3355085
103.7553344
103.7553344
103.7553344
103.0623618
97.5953848
96.21001692
96.21001692
95.17113538
91.78134402
89.3570946
90.12340688
91.50877477
89.08452534
89.08452534
90.05006728
91.78134402
92.05449075
90.05006728
90.05006728
90.66912287
91.78134402
92.54765631
94.20559344
93.8591071
101.0585158
99.59980828
102.7164529
102.7164529
100.2922035
99.67314789
100.7120294
100.3655431
102.0234802
101.750911
102.0234802
102.0234802
102.0234802
102.0234802
102.0234802
101.6775714
101.2577454
102.9786276
102.9786276
102.6321412
102.9786276
104.3639954
109.2015222
109.2119168
106.7882449
113.7139293
114.0604157
114.0604157
116.8311514
118.9089145
120.9866776
122.3720455
122.3720455
121.3325865
120.9866776
119.2657954
119.9477961
123.7568359
142.7933729
147.2953854
147.2953854
169.1124752
171.5367247
167.0347122
170.1513568
167.3811985
173.2680014
174.6533693
173.8853246
170.1519343
170.0300866
166.8718636
169.3913967
170.9627123
170.8362448
171.9617479
174.3721379
175.9382561
180.7971496
184.1863635
190.3682572
202.093355
204.37439
202.929542
201.7203047
200.1160729
198.35188
201.8040389
202.4178972
202.4883494
202.0096208
200.6866204
197.5919199
197.5919199
197.5538064
196.2689196
192.8542967
189.7347647
192.9761444
192.4136816
192.5349518
191.6658486
192.8167607
196.8313824
200.0023099
200.5520682
199.5611173
204.1844
206.1790064
208.4040262
205.872366
204.9189511
203.0588969
198.972668
200.1310873
200.1310873
200.9372455
200.8153979
198.9299347
196.9682445
192.0839421
192.2439033
190.8625777
191.9880809
195.4275353
194.8396634
195.8433189
195.2427426
196.0864368
196.0483233
196.3301322
198.4841223
198.5932655
197.9926891
197.5260875
197.7946144
197.9545756
197.9545756
200.3903746
205.9965236
208.7008495
210.5487766
213.4384727
214.0009355
214.4040146
217.81806
223.8399926
223.7643431
223.7643431
222.4869635
223.3179532
221.0675244
221.457899
218.9637749
219.0145928
220.126814
223.6881161
225.3252641
230.2805962
229.5327632
229.9612513
230.4907979
229.1348814
228.9044679
227.9845467
227.6270883
227.4671271
226.5015852
219.4049675
209.0912241
210.6833288
210.044639
216.1046851
214.9035324
211.7326049
214.7435712
211.7326049
211.0228854
211.0228854
211.1695646
205.6390652
204.3160648
208.2931505
204.7572574
203.1276167
202.9676555
210.7289495
215.9019906
213.6128708
213.3443439
213.5880393
212.0213436
210.5510865
210.5764955
205.2896915
205.251578
206.2298244
207.5020067
213.9275959
213.9275959
219.1098766
221.8332592
221.1114127
224.9499039
226.6730959
225.1144849
224.3285383
225.4436469
223.4721396
230.5115871
230.9343004
231.8415171
231.9056171
233.8569127
244.5298469
243.1566061
243.9286931
243.9286931
245.5577564
245.2285944
246.3437029
246.3437029
246.3437029
253.1920054
253.6487899
252.5977813
251.5762241
252.9904659
251.3481206
250.6897966
251.3821918
251.3821918
251.0189586
248.9169414
245.1783538
247.4155006
245.5577564
245.1650719
244.3288848
245.5577564
245.5577564
247.5731519
247.5731519
247.2942304
247.0360981
243.9997228
243.9997228
243.8351418
242.4913523
240.2114722
236.7656655
232.6984934
231.7982064
234.7000295
237.5215832
237.6359237
238.7804836
240.7225395
239.0293763
238.4721107
237.0278402
236.5340971
237.5856832
238.0286082
240.4020396
236.7639331
237.03246
237.5175409
236.9498808
235.649402
234.9575843
236.6039719
236.9706699
239.1425618
238.9571916
237.9610434
239.2199438
241.5731635
240.1537244
240.0711452
240.355264
248.8799829
258.6641797
258.6641797
256.3525383
255.2946
258.0549412
258.0549412
258.4840068
258.9124949
263.8250937
263.7840928
263.7840928
262.8705238
262.8705238
262.8705238
263.8250937
263.8250937
264.7588744
264.1502134
261.2443479
258.40085
258.7259697
257.5288594
257.5704378
257.5704378
258.5042185
258.808549
265.7284587
267.6583876
269.7321083
268.7567493
266.2799494
263.2557011
261.851854
263.0137382
263.9469414
263.8019946
261.2276011
261.9188413
258.6884337
257.7754422
256.4541743
255.2778532
253.0638055
256.1498438
256.1498438
256.1498438
258.4447383
260.3030601
265.1833201
270.3725306
273.747885
283.2219765
283.2906963
284.9249568
286.8872245
288.1432375
291.7351458
292.3824978
293.1060768
293.3272506
293.3272506
295.701837
294.5809536
291.3355316
292.2918339
292.2918339
290.121097
290.7193634
288.827548
288.8102237
287.7782718
284.3030139
284.5940624
280.5638488
284.0512338
284.7118677
286.6891498
286.7572921
288.1819284
293.2850947
296.7828743
300.5231944
305.5974868
309.2200015
310.3940127
311.5397275
315.5814907
320.8220966
329.4888749
324.7853228
328.8634671
331.0607679
338.3577702
338.9531493
336.3654738
333.8187992
325.8415287
336.9579654
335.8572938
329.8734747
331.6567244
335.0291915
334.5210115
335.9231262
337.2709581
337.7687435
338.1637379
338.1637379
338.058637
339.3244671
339.25286
338.3329387
339.7991534
340.5492963
341.4490059
346.6595829
342.5583396
339.94872
352.7115443
361.8876576
361.8876576
377.4200627
373.6606859
374.9525025
382.4764534
386.6152327
390.4843302
401.3460994
401.3460994
410.3154758
415.193426
414.6211461
414.8359676
427.0501885
440.6878909
469.3532832
465.0816842
452.6826705
442.8955863
436.0744253
434.7912709
436.6028169
420.2244077
424.9499039
423.2515433
419.4863917
419.6030422
424.0773358
417.4611791
418.5503012
418.5503012
416.5470326
410.043484
404.12261
406.8806412
415.8604122
419.2663729
417.69217
418.8107434
417.5402935
417.5402935
419.2409639
416.8929415
412.3066173
412.3828443
416.6221047
410.6590748
407.9501291
407.9501291
416.6746551
416.6746551
415.3089214
410.2259668
411.1043097
408.9451223
410.4644649
404.7659196
411.2787078
416.0446274
415.3343304
415.0912125
411.4080627
407.5424301
406.112019
405.477949
403.7420525
406.1276109
404.4823783
404.4714062
402.941669
404.7243412
404.7243412
403.1183771
405.9347335
409.4440627
411.9404967
414.026922
413.8011284
414.4507903
411.6246167
410.7930495
410.8340504
410.7127801
413.8681157
417.1735954
421.7316232
418.7951515
418.1298977
418.9325911
418.0663752
418.3938048
415.0323099
415.2679206
415.2679206
417.7187339
417.1100729
416.7416425
414.0055553
410.919517
412.7553171
410.2051777
409.8211553
409.7668724
410.8248107
408.7210612
408.7210612
409.740886
409.474669
408.1551335
411.73145
418.4503976
425.2311353
419.9166123
419.9166123
419.9166123
421.1466388
419.2467387
416.0036266
415.0842828
414.2989138
416.1947715
414.7730226
414.5177776
414.5177776
409.7703373
411.4964168
408.0996957
403.4180877
397.1484174
399.0050067
395.6891325
390.3682572
383.7561429
384.7742353
391.2194587
385.7028187
381.5259258
382.2443075
386.1203347
387.7066647
391.5786495
392.6192635
391.0254263
393.0829777
399.2735336
408.9555169
409.7738022
409.6144185
408.6558062
409.9470453
409.3493564
408.280446
411.6038275
411.6038275
411.6038275
411.6038275
409.2812141
404.8912322
405.9965236
405.0263618
405.0263618
399.5518777
398.2294548
396.0702674
395.383647
394.0254205
394.0254205
388.4446806
386.6926146
389.2340919
388.028897
392.9565102
390.5900085
388.6785588
391.2985731
392.1347601
395.0192589
395.0192589
395.0192589
398.9253149
397.2806597
395.9692089
395.7728667
396.3006808
396.1967349
395.2144462
394.7634365
392.010025
392.0787448
390.830239
392.3033834
391.7853864
390.451414
389.7815404
391.7357233
391.0820191
389.1405406
387.734961
387.734961
384.2856895
384.8192785
384.3925228
381.7303528
379.0710701
373.3332563
373.0543348
371.7763777
369.4000589
368.7324952
358.8125913
362.8249031
365.4293254
375.9134246
377.8733823
374.4021667
373.5249788
367.1403905
362.7313518
361.6543568
361.6543568
374.9686719
367.2200823
363.5005515
363.512101
359.010666
354.2655356
345.4832618
344.2324461
345.5381222
350.6384011
354.5773733
358.7762102
358.8790012
358.3402149
358.4666825
357.3099956
355.5631269
351.0391703
349.46208
348.9117442
354.5005688
356.0199114
367.926337
366.2886116
367.8304758
365.5298065
362.0424215
357.9769818
358.0630259
363.1113318
363.3053642
364.2062287
364.5752366
364.5752366
368.4674332
368.7729186
372.3082342
369.2458725
371.5332598
369.7396155
367.8651244
367.1467427
369.9873532
369.4104535
366.8539618
367.2478013
367.2478013
364.9575265
363.0674436
361.1398246
355.6953692
355.4020108
354.8158714
353.3704459
351.2447522
353.7232845
353.1469622
349.994514
348.154094
346.8391784
346.6220469
346.4742128
346.4742128
346.1745021
346.6024127
346.151403
344.3132929
340.1560343
339.3891446
336.1702865
334.8790474
333.6611479
330.360288
330.360288
332.3375701
332.1585521
330.6727032
329.6927244
337.7693209
336.5040683
336.410517
336.410517
333.4919471
331.8501793
331.8501793
332.5639412
325.1202596
316.5568497
308.5553252
308.7857386
309.5202897
310.7433864
308.0257786
306.9713052
302.6188593
297.6334983
302.3445576
302.5478296
299.3335913
297.6508226
295.902799
288.8292804
290.8429435
299.3156895
300.0606351
299.137249
302.5530268
307.3709194
305.9399308
303.2026887
299.1447562
294.8096346
292.9721021
294.7224356
298.7139582
298.0100135
298.0100135
300.3897971
303.0796861
301.9940289
299.6766127
300.7362835
299.086431
297.0508238
296.9411031
295.8669954
293.0581462
291.8581485
293.2192623
292.3559339
291.6849053
291.6849053
290.1366889
286.8144623
286.3143671
288.6953057
286.8468011
281.6801123
284.7136002
287.2238937
294.2177205
298.3466827
296.5068402
297.5578488
293.7713306
292.6221509
293.3936605
293.3936605
290.221578
285.4949269
285.4949269
283.4229386
280.7728955
281.1927215
285.8685546
286.4090733
286.4090733
290.793858
297.9643928
302.0927775
302.4150098
299.6783452
299.3486057
300.7686222
302.3416702
302.2204
306.0519614
310.222502
310.222502
308.8723602
311.9947796
313.8958347
313.7514653
314.4507903
314.9566603
315.7350996
319.961078
319.5666611
315.2823575
312.0704291
314.8561793
318.2881265
319.4026576
323.5177603
325.6723279
324.490232
326.860776
328.3258358
329.1516282
329.8555729
329.8555729
331.1872354
329.4496064
330.017844
330.017844
330.017844
331.6861758
331.0711625
331.1756859
334.3674026
331.5244821
332.3982052
331.3483516
331.2201516
328.7710707
328.6082221
328.1745367
328.1745367
327.1431624
327.3250677
327.9377711
327.9377711
325.4990847
325.7745413
321.5964936
319.9749375
320.2994797
321.2078514
323.5812828
324.9678056
325.1358515
325.352983
325.8357539
318.1177707
318.7229668
317.9093014
313.5025727
308.649454
306.1356956
305.7805471
306.1778514
306.1778514
293.8521774
296.2163692
297.9222369
298.5990402
300.2979783
299.6361893
301.7041353
306.3632216
308.5455081
309.5503185
311.3566673
314.3225903
315.828651
314.471002
310.603637
310.3628289
309.6225031
304.5193368
303.0080789
303.3655373
303.3655373
303.6254021
302.1418631
302.6708322
302.0644811
301.7659254
299.7516848
298.8820041
297.2610255
297.6941334
295.523974
293.8827837
297.0259923
297.4440858
296.1008737
295.5568902
294.850058
294.6196446
299.8423487
300.6993249
299.9647739
299.9647739
301.2542805
299.7239659
299.8053902
300.2933584
298.718578
299.1095301
299.1580382
298.808087
308.7793864
314.6933307
309.4891059
311.4808249
314.1834183
313.9599346
317.3785998
317.7643546
314.190348
317.4704187
318.5208498
318.3331697
318.4290309
318.4290309
319.2929369
321.5116044
320.1060248
321.5277738
324.0288277
329.3635623
328.0024485
335.0338113
343.1225349
353.8924853
355.7225106
352.402594
350.9502388
353.7065376
355.4089405
355.903261
357.2297262
358.7051805
361.4782262
365.6649362
363.7910225
360.3983438
356.2705365
354.2788176
350.7238677
344.3069407
347.1960593
342.6108901
336.3839531
337.4927093
334.4742359
333.3470003
330.9845409
332.2053278
333.92621
333.9077307
334.9275555
333.6368939
333.634584
333.3314084
333.3314084
331.3957047
330.730451
329.6811748
333.5537371
335.9670145
336.9510357
338.1775973
338.0823136
339.9106065
342.4006884
342.4006884
343.5094446
340.5158027
341.5119509
339.0663348
336.854597
331.9391108
333.8817442
332.9641329
333.4526786
333.4526786
329.8694324
332.3681764
329.4461416
327.8863756
329.7233307
329.6979217
331.6832884
331.0855995
332.9006104
333.9885775
338.3115721
342.7125261
342.5196487
340.9431358
342.9065584
341.5627689
342.7506396
343.7184914
342.5363955
342.5363955
344.3675758
344.3675758
345.8389878
346.9009684
346.9009684
347.3040475
347.7360005
348.5964416
351.8251168
353.2122171
353.2243441
352.3494661
351.7275231
351.7275231
353.5714079
354.8470552
355.2582189
355.0012416
354.4249193
354.0680384
353.9675573
354.0495591
354.0495591
355.3361784
354.6154868
358.173324
360.2614817
359.9687007
359.9687007
360.1719727
361.724809
362.904595
364.8836095
363.0027661
363.7182604
364.3101746
363.7182604
364.3529079
362.4125844
363.6154695
365.0909238
365.9877459
368.8087222
368.8087222
367.381776
368.0089162
364.9852455
367.0046833
365.9658018
366.2343287
366.7136348
366.2239341
365.2618571
367.7473191
371.9721425
370.7398061
372.54269
375.33306
376.6046649
380.4876218
386.8647029
385.8275537
384.6269786
381.8198618
381.8198618
382.1490238
382.6277524
382.6277524
380.9345892
381.3936836
382.167503
384.4156219
384.4300588
384.3867481
384.5305399
384.8377578
385.2177378
386.1099401
386.1099401
387.0518055
387.089919
387.0113821
386.5638372
386.5597949
386.8652803
388.5503589
388.5503589
388.2639302
389.2774027
389.5782684
389.5782684
389.7128206
394.2027061
403.4868075
408.573227
414.2914066
411.1909313
412.150121
413.7006474
415.8240311
416.1104598
421.6756079
431.5793425
446.8576576
449.3454296
446.9898999
445.7777752
445.7777752
439.3568059
438.6909746
439.9042543
437.6116697
436.2632603
433.9342946
433.2719283
430.3776124
423.1689641
411.6598428
420.3335508
422.1462519
420.7019813
411.1418457
409.9568625
408.5010423
408.4623514
409.6357851
413.798241
408.9462773
407.8346336
400.5526457
390.2342825
393.3070389
394.1963538
403.7992227
410.3304902
401.6943182
394.9874976
389.5701837
381.2008062
382.1120652
386.6868399
395.5817217
392.6163761
392.5222473
389.8138791
388.5838526
392.4754717
403.9360848
403.9360848
414.8625315
414.5766803
410.805754
411.3924709
410.7445414
409.4660068
406.0404119
415.1327909
416.7404875
418.1674337
419.899288
417.9139212
414.5466515
414.5466515
412.2939128
409.9747642
412.1258669
411.8896787
410.4407884
412.845981
412.845981
400.2771891
398.2000035
385.733425
385.2339072
377.3946537
351.3446557
359.6170171
358.8322255
355.7242431
357.5883396
356.5910364
352.5677525
351.1067351
345.327343
348.7298388
350.9519712
351.3331062
350.464003
350.8289686
351.42608
351.0056766
351.0056766
359.136556
361.0451183
363.3377029
364.6324069
365.8607009
362.1619593
361.4620569
362.5182627
367.1715743
364.1403963
367.2968868
370.2246964
370.8749358
367.7848551
368.9132456
369.1852374
368.4934196
370.7161295
370.7161295
371.0533762
371.0533762
366.7563681
364.9413572
364.7265357
371.9357614
374.4564496
369.2533797
372.0552992
371.3831157
377.1382538
378.1915723
378.0864714
376.6006225
376.0699209
373.8668453
369.5109345
368.6325917
357.932516
355.4228
355.117892
357.5946918
363.2274048
366.9844716
367.2795625
368.0528045
367.1126716
365.6637812
363.2250949
361.0353012
359.8393458
359.0707236
358.9298192
358.9742849
358.6601373
359.0470471
359.1013299
366.0732126
366.2799494
366.6322105
367.0693608
365.7284587
365.7284587
369.4104535
370.5948593
375.4231464
378.5068749
377.8254517
377.0920556
377.0920556
375.6264184
381.22968
389.8184989
384.8377578
384.8377578
386.9224506
386.6354444
385.4741377
387.5091675
397.5722857
395.1220498
394.571714
394.6641104
394.6641104
394.6641104
405.5622607
402.0841153
407.7982526
413.7999734
418.2494355
418.2563652
416.766474
407.9039309
402.4496584
409.1183655
407.3027771
407.0446448
400.9222311
400.9222311
392.7035752
390.450259
388.6063742
387.6754809
382.3060976
382.1195724
378.1395993
378.1395993
374.6839756
371.8739714
368.6054502
365.8445316
362.2711025
