100
100.5408691
101.258513
101.715684
101.715684
101.8900255
102.0554445
102.3077048
101.1428768
101.6467383
102.4961902
102.1044163
102.220965
101.8224485
101.4935875
99.86170298
101.0606996
100.4251315
100.8761177
101.0408777
100.4740526
100.1774846
101.7279016
101.5543713
102.2671992
103.2521092
103.0908978
102.0752157
103.7895817
103.7580999
103.3151742
104.1389743
103.8284144
102.8313882
101.739663
101.9817334
102.2369847
101.5586297
101.1017629
101.2862434
100.7187592
100.2535783
101.0823465
99.81273123
98.65555829
96.55164897
95.81286507
96.42896613
95.23808075
97.17317443
97.2461251
98.85195223
98.91785623
98.59964128
98.45115449
99.1325512
98.93995942
98.09501938
97.17332652
98.43695978
98.80019224
98.64470948
97.41737412
99.57709907
98.80647847
98.97402672
101.1987939
101.1495686
101.8906338
102.0184876
102.0467249
101.732667
102.5444016
102.6436631
102.6436631
102.6436631
101.9814293
101.9101009
101.9649026
102.5876954
103.375299
104.2694135
104.3771412
104.818546
106.1519361
106.1519361
106.6646693
106.6067244
107.1951458
105.8167889
105.3593644
105.7405937
105.4301352
106.3848814
107.1371503
108.0406435
108.8818321
107.9904551
107.3768381
106.3341353
107.879128
109.2025311
109.5693123
109.5693123
108.8213525
108.1080684
108.9836791
108.682802
110.628998
110.8135799
110.8135799
110.1415618
109.7129323
109.7168358
109.9575375
110.2429526
109.7596734
108.4354592
108.0946848
109.0198756
110.6014704
110.5645134
111.7488084
112.4569216
112.4569216
112.1559938
111.788148
110.7365229
112.2420745
112.469342
113.3996023
114.0865756
114.7299507
115.2126722
117.4798714
118.9013194
118.5851323
119.7437754
119.1015155
117.8259688
118.8790134
117.1629745
117.3170378
116.4989663
115.6015059
115.7660124
116.8597654
117.6267866
118.7968362
118.1657293
116.2861471
114.7711154
117.1967377
115.2882084
116.2311933
115.7362035
115.3053941
114.0438393
116.1439465
116.6100399
115.8121452
117.5772065
117.1045227
117.5515547
118.5442211
120.014286
119.1837434
118.868266
118.7013261
118.8826128
119.2218663
117.7662496
117.0492648
117.1141549
117.1507062
118.8411947
120.4102676
121.9160221
123.8160852
124.8991922
125.448933
125.3673134
126.422031
126.5002033
126.881027
125.9344428
128.5591965
126.9643703
126.7096766
124.6739019
124.4231118
125.0510249
123.5964221
124.0122257
126.360284
125.7910255
125.2697248
124.2202289
122.3637131
122.8408074
120.9089075
118.6573732
120.525549
122.5331877
123.1107603
122.5409441
121.5214599
122.7353103
121.1167079
119.9899522
117.7947912
117.8430532
116.8084617
115.1770334
113.7500596
116.9690647
115.8898612
114.5107439
114.0965625
116.3120524
114.9542778
115.729461
115.1036264
115.0819288
113.9231336
114.2541238
113.466064
114.4364244
115.1586816
115.3777364
117.3838543
117.6712465
117.3863384
117.5465358
118.3246087
118.6771444
117.0273137
117.7817117
118.296422
118.5573005
117.8711384
117.6651123
118.0938432
117.3711298
116.7032687
116.6028919
116.3268555
115.6610729
114.4419502
113.2968428
112.2822253
109.7883163
112.186918
113.707222
115.2992093
115.2992093
115.2992093
116.6527761
116.8145958
116.633664
116.633664
118.414593
120.2533654
119.7326731
118.8286222
118.0627163
117.0657915
113.743165
114.0281238
114.7852594
113.405483
114.5845564
114.0012045
114.639865
114.8634317
113.8086127
114.3417761
115.4294457
116.2776809
115.3472685
115.5954731
117.9343049
119.1757335
119.9559863
121.442882
120.0727377
121.1036285
121.655904
121.266969
122.5705502
123.073702
123.4079874
122.5726287
122.337098
120.807973
121.0342265
119.6158202
121.6469816
125.2164947
127.3380967
126.5905932
127.7795014
128.6363042
126.9541805
127.6009016
128.7268968
127.2819262
126.9406955
126.5047152
123.8519269
123.9180844
125.2120842
126.2306052
127.1620316
126.5578439
129.2276659
130.7573486
130.069767
128.3718263
129.4262397
130.5027056
129.1435622
130.1806885
128.8988049
128.4701754
127.0638346
126.317852
125.4451309
125.0090998
125.0090998
125.0090998
125.1594116
125.1296535
126.0978847
125.3397351
126.705114
125.771964
125.3619904
126.2485007
128.0566531
129.8143129
129.3936426
129.0665559
129.0289907
129.5745744
128.4502014
129.068381
129.068381
130.7712391
130.4304647
131.7896587
130.490995
129.7737059
129.196691
130.5612588
130.2272269
131.1673729
131.3746663
131.3746663
132.427863
134.2170553
133.3628887
133.4454208
134.0815466
133.0735702
133.0735702
133.1913355
132.4177746
131.7788099
133.3068196
133.5170027
135.6654226
135.7679287
136.7011294
134.2314021
136.272145
136.0051831
134.0378471
133.4607815
132.9614827
132.6387051
132.9699995
132.8717518
133.6178865
133.6178865
133.8078422
132.7707159
132.367789
131.2710449
133.0391987
133.7694658
133.8290328
133.3477308
133.0424432
131.3641217
131.4704299
132.3372196
131.2215662
129.7525153
129.2964088
129.5671729
126.9823671
126.9540284
126.7791293
127.6083538
125.8098335
125.3577827
122.4570433
124.1897103
124.5883788
125.2260761
125.4255117
126.877377
127.4333026
130.0045727
130.6329928
129.4448956
130.9880633
131.6532882
131.743019
131.7773398
132.2781088
132.5397984
132.6572596
132.4351631
131.6347843
133.1472306
132.9771475
134.9681075
134.4256162
134.7421075
136.0870055
136.0218619
136.0762073
135.3447743
135.1667321
134.1153604
135.180065
135.1930937
136.548587
137.5497702
137.3675203
136.9366095
138.0727438
140.0321206
139.6929178
138.8368754
137.8030444
137.6969389
138.5963765
137.0074309
138.7634685
138.9535255
140.3201211
140.8116129
140.9827605
143.1483661
142.2731609
142.7345397
144.0613901
144.669025
146.2652707
145.1035352
145.51797
145.6043549
146.034556
147.3773248
146.3009096
146.7362309
148.9135978
149.0242659
148.6445067
147.1051412
147.3029546
148.3667467
149.2276051
145.9016327
144.5465957
145.6470405
145.8818108
145.8576291
147.1386509
147.8447362
147.490781
147.3209008
147.2315248
148.1416084
148.3605111
151.3509814
153.7590124
153.0525214
153.1585255
152.7722266
154.1328402
156.8973611
158.0931132
156.1776387
154.23489
156.7144014
158.7797316
158.3577939
161.0822147
159.4276693
160.9294188
158.5106405
160.1038444
160.8295489
157.4845658
157.7634918
156.131151
158.2941711
155.5437942
158.1378773
158.7744593
159.9098332
159.3659224
159.3659224
159.3659224
159.3659224
160.6611895
162.677041
162.677041
162.677041
160.8054686
162.7899396
162.7899396
162.8482393
166.5716635
167.4142716
165.1097606
168.2898823
170.2838333
169.5249234
170.1436606
170.1810738
170.3058858
170.8764624
173.0315741
175.1779155
173.4828645
172.8734045
174.8540226
172.0752563
173.3049743
176.129113
174.9679352
174.4460261
176.0565679
175.913759
177.8003372
180.4164728
180.1203103
180.1511838
180.5323624
180.0249016
182.4569115
181.3744128
181.4557282
180.3682107
180.8693347
180.6015616
182.7574337
182.7231636
182.7222004
181.6756955
182.6745468
185.9130696
187.1534843
189.3837266
191.5357965
193.1941948
192.5687658
191.0891701
191.2864766
192.2792444
189.2330092
185.845594
184.4967925
180.9635774
183.4003019
183.5136061
187.1849155
189.2482178
190.9449925
190.9449925
190.9449925
182.4113363
179.6865606
180.6129681
180.3193404
184.875994
183.4892723
181.9070186
183.3301902
181.6496888
179.8528921
184.7502694
184.3140356
183.955822
182.7869384
181.259385
179.9072883
179.1213577
181.6608925
179.7320343
177.0041155
180.8080946
182.0196637
182.0196637
185.9476945
189.66392
188.9515484
189.0469571
189.0469571
189.1009477
189.3584296
189.9603359
190.8366057
193.202306
192.7776815
192.7776815
193.6709849
196.394037
196.6912134
199.3759905
200.3440189
197.8415424
196.7725288
194.7264629
193.1168336
196.1885179
197.1956325
197.2490654
196.4728176
198.5743443
198.5678553
199.7845953
199.9818004
201.3579774
203.4897185
204.3286258
202.7301495
202.0231009
204.3818052
204.3818052
205.8189181
206.660056
210.1007013
210.7800195
211.6571004
209.8375416
211.1470541
211.7325352
214.7102809
216.6015231
219.9941599
220.7762883
222.1757346
218.9508995
222.513011
224.7862429
223.8064531
228.0717603
225.9312489
221.7614518
219.8638727
224.0523258
226.1548156
226.081358
227.5861492
226.3831476
224.9750832
229.0026291
225.9883826
226.131952
224.5115246
226.3370148
231.4030557
235.020628
230.4931749
231.7283173
232.4575705
226.9882985
226.7015147
222.5175736
220.9200605
225.601881
227.468181
224.4587
218.8338945
217.3116134
215.7170913
215.6365364
212.8382523
210.5275565
214.2765312
218.8514351
215.9609362
215.2910473
213.6398985
217.2595492
219.5157475
217.8732676
214.1383862
213.1223493
216.0897531
217.6482308
218.3177648
221.1559461
218.6403902
223.6712992
224.4342648
226.1897447
223.5414683
226.8600899
226.2343567
227.4238226
229.7548472
228.320117
228.9042293
227.8544292
229.8985687
229.0157592
226.7892684
224.5381904
226.0298008
226.9999584
226.1299749
224.9848167
220.4033731
219.0324684
222.179993
220.7658958
214.1238874
211.8178048
202.0133167
193.3348745
207.0795603
200.9586498
201.757305
208.3801505
206.4529653
209.4724841
207.4666703
202.5356313
203.7728015
202.0024679
202.8682437
199.8874562
197.0355871
203.0293536
205.8611981
206.3539065
211.632209
215.9213431
211.180868
209.1483884
210.2459943
211.3929268
212.7888243
218.8612193
217.1740261
213.3033825
217.9577768
216.0509712
218.0972905
216.0955324
211.9486496
205.8097929
204.7848843
204.5439798
210.0039745
211.5557097
209.7869476
201.2752932
202.0327837
199.1764027
199.1764027
199.1764027
199.1764027
208.6047818
211.0046001
211.0046001
211.0046001
212.2348758
218.3046347
218.3046347
214.9867736
213.8801439
208.5873933
199.7341027
199.7611233
205.0707049
207.0359116
209.8890988
212.2137865
212.7745789
214.2015527
212.2013154
212.0589121
214.4820503
219.2364159
220.1117225
221.4017174
220.9609716
224.098053
222.4704775
222.4166897
225.6580515
227.4969253
227.9395468
228.0901121
229.7465839
227.8503229
229.099508
230.2911538
233.9762523
233.0415307
233.0307833
232.9583902
234.8208881
235.2382633
239.1605655
239.4247391
238.5055811
241.5704215
238.831451
237.4423467
236.8267526
240.7881409
243.8272281
244.9778106
246.9266428
249.0942255
250.8029643
253.1041293
255.6800127
254.4786334
254.0451371
255.4472702
255.6273909
256.4851569
259.0692529
255.3234721
257.0667851
255.3374133
254.6368537
256.4260968
255.9733363
262.0188627
266.7708457
263.3638114
261.5212875
264.2704984
264.2704984
264.2704984
269.0856478
272.4219621
268.9849161
267.6163434
266.9290153
269.5716645
262.9158163
260.8725386
258.3654489
252.5622463
257.572066
255.644526
258.4160429
258.4160429
264.7347668
264.007288
267.8229778
266.9046815
267.3254532
270.5594642
268.1372892
266.4308824
264.4217228
266.4245962
263.8067877
266.8571292
268.6412521
268.6412521
271.881752
276.0087622
275.7192915
269.5416529
268.5744862
269.2076716
269.2076716
267.669827
267.4041832
266.6713306
275.0420011
279.1777309
281.5933662
277.4523641
273.3930829
269.9925883
262.7279898
260.7509711
266.7361193
261.2951354
261.2951354
259.1356132
263.6252475
264.6343899
270.4248679
271.0080677
272.4970419
272.1989023
276.3175985
277.7537482
280.052784
281.1476523
283.878106
285.7519596
283.832835
281.5568655
284.0850446
284.7155938
288.275424
286.3108256
288.8046332
289.1618836
287.6143054
281.8174398
283.5541624
280.640445
271.7332145
268.6416576
272.4940002
272.9649604
269.2808251
268.5389995
266.6303181
260.8313233
257.2603908
261.370418
253.5113654
245.5866622
248.9216077
245.3993428
249.8973925
250.1651149
260.7880294
259.5936967
257.2170969
248.3253285
249.9802288
251.7324642
246.5948414
236.2275838
233.3172629
232.3177526
226.7808023
227.7785382
220.1744834
226.743237
230.7911117
236.4923658
230.6953481
223.6464078
221.4071418
223.4481381
219.279507
216.9258215
208.0459665
205.0915914
202.0065742
204.6045608
212.0549072
207.9637386
207.4275842
212.4621939
211.6709403
205.1844653
197.9255447
194.6801273
185.7556604
189.6808016
185.4615764
172.9447836
180.1780016
202.2103189
202.1721453
208.6739303
213.0477257
217.2854546
214.4522414
218.5311924
210.078446
204.5334351
207.0675962
208.47343
216.0939102
209.7437551
210.8074457
217.5620486
227.0408696
222.7292268
227.9849698
222.3536754
223.8524845
221.7218587
221.299921
223.8268834
222.1219974
222.0850912
226.6502616
226.8847785
231.7571123
234.187652
235.2499232
239.4235732
236.3942195
241.1939068
246.143906
250.8750024
246.9868182
240.3703602
238.4805375
236.1454572
237.9607577
241.8591824
241.3362595
252.4194881
237.494056
230.7590722
225.6491798
224.6945349
230.1557971
232.6524436
227.1436292
232.0775579
235.0268635
243.1629664
243.1629664
243.1629664
245.8703536
243.9383524
242.7598874
242.7598874
242.7598874
251.3612219
255.1175474
255.1175474
256.8403795
256.9431897
251.6721874
246.7074866
238.7692478
240.8229687
239.5723134
246.3837458
247.1061551
246.3172842
242.915218
238.423708
238.5280898
237.9910229
239.9639353
245.0392534
247.3187716
251.9442188
252.8827933
252.0414019
254.477366
253.17708
250.4747623
245.7386977
242.4207352
242.7873136
245.0906586
245.7265815
248.5886911
245.6529211
246.7544305
250.0289978
256.4204696
256.4279725
257.5533087
254.0870622
253.6687239
248.9812762
251.0969468
250.3025501
250.3252109
254.294305
251.2660159
251.3998011
247.6531584
249.2366288
249.1895835
248.4879593
250.4266524
248.4515094
243.9501644
249.3036481
246.303343
246.1308772
241.403735
249.4168002
252.8593213
255.71991
255.7664484
258.7466275
260.7717055
260.7717055
260.7717055
269.329442
268.8047954
268.6388187
269.3048547
266.1662525
269.5328825
271.3482844
266.5101193
273.4241592
277.4435938
272.7542703
275.4904525
276.0211319
275.8777653
279.6519356
282.957934
280.9020839
281.1720875
279.370272
286.6923084
287.2295781
281.8868925
277.4686373
276.6723141
277.8840353
280.3476791
281.3454658
281.3454658
277.8981793
275.7596451
280.5494975
286.3583779
288.7368534
286.8518975
286.8518975
284.8540936
283.2702176
280.6605204
278.1662058
279.6447876
278.8946479
281.2392082
285.83728
288.1766187
292.6635661
293.2375393
297.5626164
294.7389847
298.4388862
297.6929543
294.0177414
297.19837
297.3260717
304.0214624
308.2405861
304.4334638
301.5815947
302.1661633
302.1661633
303.9618446
307.3070812
302.3594648
305.9623354
310.1472904
312.7007664
310.1177857
299.8894841
298.8001922
301.2192241
302.7561055
297.8848363
297.4382099
300.5279418
298.2945564
301.656269
300.219511
297.0601744
292.493331
297.6463652
299.349933
299.3130775
302.0454575
298.5019513
303.0762976
299.0318702
298.010865
297.2979865
291.4391204
292.4398474
296.4157853
291.908509
295.973316
301.8889102
302.8533393
304.0541102
305.3810113
305.1754922
301.3225413
306.9487662
311.2724238
311.1346845
313.0504632
314.0896173
314.6935007
310.8522098
303.5742277
306.5429496
302.9959961
309.9434442
312.9315825
310.839029
307.616678
306.6701444
308.7597069
307.1948416
306.9463328
301.669095
300.3828516
302.5380646
305.6110163
305.0476385
301.823209
303.9636697
300.9967727
304.7748466
303.7108011
299.2921403
299.1084709
300.8453456
301.5255763
300.8362711
303.8578684
305.6108642
308.521033
309.5253087
307.0093979
303.6316656
302.8121746
296.7826172
292.7777322
297.7758412
296.5466808
295.5859018
311.6614603
313.9860466
320.1592241
322.9009828
327.2802532
334.7844381
334.5470316
336.3372886
336.2547058
344.0160684
343.1376694
349.1071528
345.9826439
351.1635606
358.312168
356.9551538
363.2485301
369.1092719
376.0934235
387.0399774
378.1172848
374.9287983
374.1473796
371.7853801
379.6231913
384.6951636
388.2581369
382.250125
392.8723804
401.2969401
411.9716146
419.6629162
420.4432703
448.3536166
432.1547162
426.2282225
429.9837876
436.0337753
423.7669107
423.0776055
427.5536535
424.5766682
424.4504873
432.495592
439.3669971
439.3669971
440.0787097
445.8154505
451.4891263
454.8137299
454.8137299
462.2765981
452.0147868
430.3238523
430.3238523
436.0989189
448.7269881
452.5960602
452.8776223
455.6894421
464.1308833
477.3367279
465.2184515
465.9592125
467.840417
468.0614996
474.2218511
469.0377914
474.132171
466.8861777
481.1529247
471.2805047
490.1687954
512.8990361
513.9982642
517.2907269
528.7021068
533.8539243
537.3146957
541.4196027
547.104178
534.4073658
516.2794046
531.5346102
535.0771533
544.8987765
547.3679968
537.0055552
542.9494881
552.8360521
573.1588195
576.2556487
577.0465982
589.6639707
610.3287292
619.1167241
621.0390932
620.5824799
595.7837659
595.1420637
600.636075
584.1181993
586.5491446
559.7912567
555.5783685
573.8695182
594.314208
587.3173318
593.5121562
577.7383875
580.7586666
578.7861091
565.0992666
560.4192711
543.2920876
540.4790511
533.4479049
526.3257605
511.7711144
539.7751964
550.534887
552.3610363
530.3966002
515.742946
506.3186732
493.3630611
499.0396773
512.4290391
529.0195106
519.2754514
519.2754514
519.2754514
519.568927
532.6203027
543.9251209
553.9897778
553.9897778
566.7817959
552.4663307
557.4789386
557.1609264
543.4532482
537.7959977
522.5344044
519.4241409
529.0209808
523.4754122
548.5833174
546.1132859
550.275428
526.0511942
501.7218182
520.9559528
496.5115489
515.9174902
505.2189382
508.8526315
528.8826838
532.7368514
532.7368514
560.7709957
551.5401766
554.7265846
551.404465
554.1113453
552.7870297
552.7870297
533.9116663
533.0293131
521.049283
517.3222087
508.2105238
533.6156053
526.3145061
516.0267895
516.0267895
511.8820359
501.5998451
513.8442516
494.5002601
509.7143518
520.4487961
524.3710984
517.2104761
518.4757316
533.5754545
533.8943792
527.3715049
534.9475252
547.8178677
554.3686751
565.2963196
552.1809663
543.0591929
556.4988953
523.661008
526.6414406
519.9914223
519.780783
504.0567971
503.4430787
513.7375885
509.124156
502.5069377
483.9935394
486.1886497
496.242255
499.3442551
507.6520127
501.4419289
493.3031392
501.6237226
498.3361773
507.452577
511.6596352
512.2861288
512.2388807
520.5664094
516.2773768
513.7049407
515.9021802
516.1677733
512.2609839
513.8977859
521.8716129
529.5360966
537.5117487
536.5637956
531.9645071
532.7989025
519.6725483
513.3485521
513.6615454
505.4781944
518.5556782
507.5358695
501.4459846
506.6020098
500.1204015
484.4384928
482.3298688
488.8429589
479.0949454
474.6851056
464.5740117
462.8402294
471.6448017
474.8700931
468.4042511
474.2109009
468.6667011
452.0286267
454.1630039
435.7356864
442.763943
446.1084192
455.7223941
449.9108775
431.1376654
452.8673819
430.6200147
423.3794966
444.1380922
436.8531649
436.4865358
439.2877602
436.312093
448.6797907
454.3868241
454.2805665
457.4188139
448.5912765
443.1322957
442.0329662
432.5183036
421.363493
413.5569101
426.7489656
434.2188804
428.1949501
422.2411823
420.3413726
417.5784232
401.7037199
402.9054034
413.474378
416.5265446
412.2529233
412.4751719
404.592546
417.8393017
407.3975725
421.0224652
428.0508738
421.9267695
425.4891852
434.5275646
430.0088818
421.5389498
414.8570948
404.8206245
400.7616475
407.4205882
385.3722005
387.7264436
386.7217117
386.7217117
386.7217117
389.9014279
393.1203316
392.128527
392.128527
385.4456581
367.5007072
398.2003644
401.1307606
397.5680915
389.5717558
385.186554
396.3964704
404.0805225
409.2934786
397.3385428
415.2167786
420.0433344
420.2922488
416.9677466
408.9952884
415.9498339
427.0255089
405.9172165
409.5455361
417.3687471
426.8987704
420.3784309
413.783113
404.8394832
410.756801
404.5614697
400.6638561
386.4137372
389.6002466
389.6142385
376.0147949
389.4029401
377.2769073
377.9108532
375.3436894
370.3951604
362.4756282
354.3920964
365.4687853
371.7590692
368.9013701
356.6744028
359.2134306
369.4574478
380.7698703
380.9227676
374.3632913
366.5481408
336.0403657
329.1453873
324.2002042
329.6292241
311.5325419
310.014215
320.6481304
310.3317709
293.2612141
304.4125266
318.8931574
326.5693518
315.4569733
303.3569472
300.0182503
296.2044363
287.9778421
286.3230432
305.1374707
299.470436
309.635419
316.7636469
314.6911181
307.9109647
307.9109647
307.9109647
307.1082032
325.4427482
334.6946059
321.4672158
313.6157168
313.9001179
319.8817682
323.0591017
329.6983219
339.7030061
339.7030061
338.8796623
331.4039682
333.6347681
340.2926442
333.6566178
329.0510939
336.6025776
334.0421056
331.8681859
328.6149107
328.9812863
337.65182
346.4627293
354.211925
356.5952673
350.5646959
350.5646959
349.5737532
348.7129455
346.7851012
338.8492958
336.2981517
333.4267649
333.4267649
341.7095296
338.8793582
333.8918444
328.3822189
320.6016934
314.8817834
317.1137493
308.5346194
313.5417015
308.1867983
306.4342587
299.2349559
304.3921978
304.3921978
306.8120915
305.5871895
309.8148807
317.0699485
321.1140717
326.9207215
325.0942681
318.0386867
310.4642886
297.7147026
295.0082279
296.9142224
292.8233073
301.0407763
303.4508351
308.0097193
299.0873816
294.015967
301.0722582
297.7558165
297.8918323
295.4513056
292.1564095
294.5757455
302.9172661
310.285993
316.2494943
314.8375263
315.7526288
311.4154862
311.4299851
314.6103096
310.6919109
301.1432317
297.0049671
300.1184751
306.4169716
304.4004611
299.8773679
294.1395624
290.5219901
294.6155414
298.936208
304.3177263
310.1307637
311.1290066
306.3398639
303.7554637
295.9395528
293.4006771
288.2392275
282.7745181
280.0467513
276.2501229
269.0160938
269.2303325
248.6389302
257.6052208
256.5640389
253.7506983
257.9555259
249.9763759
246.5356799
234.4897965
231.8834959
244.2935243
250.4903258
247.9505882
244.2155548
251.2069051
247.066562
249.7983844
246.768828
259.4827245
260.8596113
263.0245072
261.047894
264.3890749
275.3019671
275.554785
269.6211432
271.0041134
283.3481364
274.555731
267.4251204
267.5660029
277.1054048
278.7423589
273.8370731
284.3121092
276.1084293
266.7518349
269.4976493
269.078804
269.5215268
278.2338335
281.9937584
283.9116663
291.6915835
286.9900424
282.1356548
294.2563139
297.0063359
301.5369321
307.2345361
309.8020548
301.9514176
301.136033
309.4065801
309.5691095
314.0948896
311.3611408
307.1402427
306.2427822
310.383683
308.6463013
315.4155552
329.9878939
328.3397362
325.7309008
320.0842456
322.210106
316.7497564
309.0898353
304.996284
309.5600857
310.7501599
304.8576828
299.2013955
304.0290667
304.0290667
304.0290667
304.0290667
310.2194299
313.2374785
313.2374785
313.2374785
309.3572028
323.5533817
324.8858086
323.6172072
314.4935581
313.2985664
308.7066288
312.1497582
300.3818377
296.9040326
290.7695357
295.5891463
293.0759224
289.7009276
289.9350389
290.1238793
294.2703058
290.2720619
287.5397832
282.2421151
277.3734821
287.4615095
287.5301511
287.6078671
284.3578364
281.9129499
283.3321166
283.3674513
288.8127444
288.271926
287.0358203
286.246848
281.2589794
278.0336374
274.5456426
274.4815129
279.1656147
275.8976886
280.3384019
282.199024
289.5431129
288.7305165
292.5784486
305.6457427
304.3731363
302.3159174
307.7296273
310.7631887
307.0081305
301.8884539
300.5572944
297.5744791
297.4583867
298.883282
295.6271172
292.8362853
293.9295314
301.7316531
297.031278
294.9148977
294.6941699
296.7402358
296.7402358
296.7402358
294.2088123
290.7858089
289.195596
291.1854914
286.6442999
285.1947666
285.7589556
280.06561
282.5736629
285.2292395
293.4918781
295.3326783
288.9477969
285.1422462
267.9516427
266.2529923
256.40592
255.5854151
262.2296542
259.1170587
261.8767129
261.8767129
262.3302338
255.7178315
254.3362301
257.0607523
263.0289177
263.0289177
258.6708886
260.7216691
263.660785
264.3113589
261.2954902
263.6946495
263.6946495
259.8901127
253.8833175
255.439818
256.141797
255.453455
254.1375548
250.6450481
244.8876742
244.5707267
244.647885
240.4583167
242.2958218
239.7776804
235.6122431
236.6294968
234.437124
229.2093142
230.9192696
226.0265563
228.3408515
230.1365328
226.1991741
215.9987042
215.9987042
210.5812429
218.1801268
216.6418766
220.2281698
224.8190935
226.1736236
222.5170666
215.8983781
218.7316926
226.3834011
226.3961764
224.059778
219.4668265
209.8263886
208.8844176
204.7276492
204.4860349
211.5942382
211.0292381
202.7149408
193.531674
186.6172792
178.6731597
185.7811095
176.5448659
192.3459088
194.793685
198.5834695
194.3317486
188.9364919
179.96209
184.4174035
185.9376061
189.4874493
187.4172018
188.7392361
189.6611824
185.9195586
189.3434744
187.209959
191.1617659
192.7232853
198.8422187
209.3415379
201.4634238
197.8052445
198.6663057
196.0792693
194.574326
195.007214
193.8808131
186.2294088
185.3717949
183.8348628
188.2370983
186.7373766
188.1245038
194.5585598
189.1091097
186.8070321
186.1897143
183.9464941
177.2239814
174.2047668
172.7356144
166.0837711
164.8532926
166.8426811
173.0703561
170.0916978
160.0381432
161.5437963
164.1183109
160.4775708
158.6208522
150.8985758
148.9554215
147.7695043
152.9702935
163.4513623
160.313774
173.3472543
169.5878364
172.3439925
176.0782656
178.610044
176.4293311
171.5118784
177.0516677
176.3070032
180.8224414
174.1028184
180.0492354
183.6229054
181.1044599
189.5972556
194.3561838
190.1561215
185.1780371
184.208792
183.4160175
189.7589231
191.2383667
196.9723193
194.6443871
198.5282622
194.1911196
195.8837879
204.4024889
206.8047913
204.5783005
200.2856178
208.6389505
211.1150654
207.8593061
205.9307521
200.837792
200.7616475
199.6746877
199.4492453
196.8246943
197.0230147
196.9839285
192.7949179
193.1886183
193.1173913
187.4227782
182.2751178
183.6522073
184.4286072
183.153821
183.153821
183.153821
183.153821
178.3685311
178.3143378
178.3143378
178.3143378
187.3222493
188.9726377
188.9726377
190.3135814
184.979514
186.1696389
188.4786618
189.8673606
193.0281674
191.467814
191.508421
186.3748539
188.9714717
185.965083
183.2805087
182.8234391
181.6326044
174.9033492
172.10542
170.2682699
174.3076784
173.8319022
174.7173986
167.7149966
172.1230113
171.3474733
169.1583957
164.7508372
169.1798399
170.4341959
170.9936702
172.8053713
178.1679802
179.7810061
178.0935087
174.5662249
173.330829
171.9163262
167.5835435
166.6916088
168.7081193
170.6794095
171.2383768
168.1240577
166.5999515
165.3367745
163.6505445
161.7683768
160.0747453
157.2276923
163.2742833
169.1280292
175.6792422
176.1561844
177.6762856
178.7967551
182.2540792
177.0725035
176.9804407
176.0531207
173.0139828
172.1137848
165.8615732
166.7177169
172.9890914
173.9992984
174.3423541
181.5297435
178.6141503
177.8044942
174.3384505
174.971788
174.9462375
178.9758619
178.846031
179.2845968
179.2845968
179.2845968
180.0436589
182.0098288
182.0393842
179.7433394
185.3207447
189.8095678
189.3324735
189.3324735
188.4805882
190.1326496
190.6329116
186.6321837
182.064884
185.0828312
186.0004684
188.8897
186.8131662
186.6918014
186.0166909
181.3811553
179.7235175
177.871108
179.6405798
180.7201888
179.2378557
181.4403168
185.7024809
185.7024809
187.0407378
188.2319273
185.5367577
187.5983871
187.4456926
190.9418493
190.9418493
190.8612437
193.5272128
195.8797323
191.9272663
193.5937758
196.3861792
197.2673158
195.2048246
195.2048246
192.8562593
190.1349308
191.4880415
192.1253839
195.0512682
194.0260047
190.9365263
193.5830284
196.7148374
197.1371807
202.5177865
202.7630001
201.2139518
198.5623295
199.0740487
202.6921279
204.504336
202.815267
201.7519819
205.1011728
205.4631886
204.4283436
203.3540576
206.3769222
205.6736758
209.5703769
208.3165278
209.3156325
211.7926599
211.3741188
211.6414863
212.6999046
207.8090163
206.6699923
207.5345514
207.5939157
211.1869007
214.0342072
214.8792993
213.7729739
217.898007
221.4812077
221.7473078
224.4713231
223.9345604
220.8922287
218.1657293
219.6407623
220.0064789
219.305463
224.2759431
225.4063996
229.4116902
229.136617
229.329006
229.8969464
227.9524741
223.7000435
224.6096202
225.2828042
225.7899609
227.7337235
227.3696292
227.1105251
224.5412321
218.9730534
218.0894834
215.4450092
213.5570115
214.9549369
213.1074448
209.7014244
211.8125325
211.8759017
219.172996
219.6954627
219.6148063
221.0480663
223.6919829
221.7235317
225.4910102
227.8469263
229.9444987
227.3726202
227.0784349
227.7332672
225.4658653
220.2336956
221.9547534
224.579355
227.6477441
230.2940941
229.8237423
230.3452964
229.5680347
231.3524617
230.6708115
227.8294871
229.7382192
232.1506606
230.9942481
228.9404258
230.5723104
232.9919506
235.2242713
229.9791236
228.8049677
226.3529839
225.4038648
224.9054784
228.8849144
228.9212123
228.161846
231.2375353
230.0856347
232.5328025
233.0647492
233.368009
235.2007487
233.5955806
230.9637295
230.7490852
229.8588742
230.516951
230.9492306
233.0577532
229.5258055
226.4734361
229.3076125
230.6544369
230.551069
234.2200971
234.2200971
234.2200971
234.2200971
237.8485181
237.0092053
237.0092053
237.0092053
239.8184395
240.1784782
240.1784782
237.3439469
242.3175194
244.1057486
245.3271019
246.4456956
248.5484896
250.0001014
252.8062939
254.7148739
251.9975504
250.2532235
251.8502296
252.9672011
254.5333337
253.947802
252.0948348
249.7295908
253.3492922
252.3668156
252.2009403
251.461396
253.6133138
261.5236702
263.5605095
266.5840332
268.3678518
265.750094
263.427789
266.3133198
267.6872662
268.3406791
270.5911995
267.7104847
269.2514724
263.99213
265.1585295
267.0066299
267.7528154
270.1182622
273.5702633
276.4074307
274.5418911
275.4636854
275.8881579
270.676824
269.5553913
261.1404637
263.3285274
260.5710531
261.1435562
265.5649545
260.1612316
260.8641739
252.9294837
256.0608872
254.9814303
260.4377243
260.5396727
265.6684745
264.4680584
265.5739276
271.8855541
275.1138872
278.5590444
277.5335781
277.9485705
278.6979498
278.6979498
278.6979498
278.8891728
275.8094279
274.2952074
275.4294153
277.0524282
281.1879552
277.7660164
282.0107413
278.8658529
276.6274994
275.9304885
270.31202
268.4862763
265.0916116
267.1268287
266.3772467
270.4871219
262.640084
262.0702172
251.7817401
256.7137931
251.5176678
258.2478863
256.5741273
252.4129991
254.2311892
259.7932338
259.7932338
258.3830909
260.154185
257.319096
258.625719
261.6078752
262.0837528
262.0837528
259.2419721
261.3806078
262.6801334
266.3455114
269.8828835
269.4935429
267.3092307
266.8673697
267.1181598
263.8682812
265.7175983
267.0610768
266.117078
264.8785896
264.5004527
263.3614794
268.6502758
272.5308557
272.5308557
273.5483629
273.1764108
273.0037423
273.4482902
271.8371907
270.4267943
267.7644753
267.6684075
267.5080073
265.3908158
261.7411534
264.4479323
266.5882409
262.2972818
263.9566433
260.9841192
261.1541008
268.3327706
261.9782557
261.5634661
258.6381394
262.647739
262.6501217
265.3002232
265.8393179
264.140921
264.7084052
262.362831
264.3785303
257.7528458
254.7272943
257.8405995
253.2475466
251.3038347
250.854927
253.7050725
255.1912585
258.1265215
258.4732273
257.7316044
263.4012246
262.4778588
264.8270324
266.471895
266.8340628
266.4471556
264.5546968
268.0544022
268.2040043
268.3328213
268.174601
267.462787
266.9080781
265.3782434
267.6405758
273.9239143
272.5998522
272.8226584
272.5716148
273.109138
272.7743964
273.1781852
274.0437075
272.9085364
272.4924286
271.0666208
271.534083
278.1981946
276.3880144
281.1885635
285.1470623
285.2477433
284.0805834
284.5830761
283.7848772
283.7104563
281.0432198
284.5727849
281.8137898
280.4045593
280.0467513
284.041041
280.0355983
278.3887079
274.6039423
268.0034027
269.6307247
272.7932551
274.6462729
273.8331189
277.5741851
282.4347576
283.2605855
281.77298
283.2259098
284.4157306
283.9177498
285.0904355
287.0458073
290.4403199
290.6351929
289.0933434
292.9184119
292.5072723
291.062403
289.1955453
289.942846
289.8730892
292.0259702
291.4580298
292.29496
291.622587
293.9227382
295.5407322
292.6266599
291.6247669
293.97536
291.8817925
288.0080565
290.162205
290.641682
291.155936
290.318144
291.0721365
287.8834472
290.0468223
291.1537561
293.7892065
293.3643792
293.3643792
293.2228884
292.4400502
293.2962953
293.2948251
293.2948251
295.79573
298.2924272
294.7939891
294.7939891
295.6582948
299.7675109
296.1222083
290.2020515
292.0336252
294.6102184
296.9380999
296.3050159
296.5130191
292.8532683
292.3883409
289.2084726
292.8072876
292.9882701
294.3903525
291.2159086
293.5851576
296.8815746
297.7650431
296.3950509
298.4606345
302.6008255
301.4755907
304.4255553
297.7192652
301.4212452
301.6492224
304.0708397
301.8163651
301.9964351
298.9209487
299.5672642
298.9666252
299.5494701
300.8070706
304.6719349
305.0407946
305.5720823
307.6945461
307.2421404
310.7041792
309.1611637
307.1447546
307.5378973
303.9835929
305.7126606
306.5566374
308.3980967
303.2566211
303.7135893
302.8778758
301.2436086
304.0188262
304.9952701
305.4229364
305.4229364
305.4229364
304.9336245
303.9381192
304.0814857
307.2576025
306.0165287
308.9884445
310.7436202
310.1196614
311.1718442
311.6193831
310.1446035
311.5057747
312.5580589
306.7444131
302.4406281
302.9537161
303.1125955
304.2022929
309.3702822
308.7516463
306.5270313
297.2945899
293.8703192
294.3000133
296.8031995
296.9415979
296.2996929
296.2996929
300.384778
301.4124749
299.8834006
298.9727086
302.4532512
304.4599775
304.5233974
305.2631952
307.8131226
309.5038645
309.4294944
309.7312333
310.3784614
310.1275192
313.0211613
313.2900496
314.4433697
314.0221417
314.8051827
313.2065543
312.4056686
312.4056686
314.7482011
316.3799842
315.7855301
318.2112538
318.7409192
321.4459237
320.3428428
322.1330997
322.148207
323.5292507
326.2992975
326.8348942
330.6485056
330.6485056
323.4010928
325.0483381
327.5087374
327.868269
331.1274249
332.3554193
331.8466404
332.7224539
327.4511981
332.4700923
337.9910736
337.4594817
340.4428039
340.3129731
339.7400645
340.5319264
341.8639985
339.4134341
343.822412
343.571774
342.2514126
342.2616024
344.916672
344.880729
344.0311756
343.625866
347.1015925
346.7556979
344.6949811
343.5581877
343.5501271
344.8471686
349.6806697
347.9164195
346.7515409
347.0464867
346.3099334
344.8304391
344.0994623
346.4191312
346.7848985
343.4930441
339.2029975
335.1668335
333.2705217
335.646716
334.4023977
338.9242236
339.8894638
340.0103723
341.3063999
343.1209399
344.7530273
343.6619611
347.5832494
347.9042019
347.4324813
348.9742802
347.7105962
349.194501
349.5520555
350.2948951
347.0210376
348.1382119
348.7006772
353.7714327
354.1536253
357.6929238
357.9458938
359.9071463
363.3617329
362.2820225
359.455349
354.991468
354.2258155
355.7254865
355.6409266
351.6322394
347.750088
348.4430432
347.3551709
346.5299513
340.1865894
341.1332244
338.9428795
342.7801148
345.8514443
346.6456889
342.3602556
342.1569164
349.9962992
351.235548
352.3457263
356.5379815
356.098858
357.1215361
356.4864243
357.2627735
357.3017582
362.1089991
362.364656
361.2219819
362.0020826
362.9602761
364.7834344
366.1632615
364.0922534
365.252316
363.657946
364.3541965
365.2259037
363.9604961
360.6357911
366.8247349
369.6278857
366.8406025
371.2452207
371.0463427
373.0603691
373.3294095
372.0755098
372.5796247
370.3774677
369.1466851
373.0071896
372.6608387
372.7233968
375.3617369
375.8241803
378.4298219
378.4298219
380.7272862
379.6079827
381.8450181
379.6975615
380.7911117
382.7845558
384.6231254
383.8585883
383.8585883
388.0298048
385.6300372
387.6808178
386.2953635
382.9814566
384.5221909
380.2824341
373.7225016
375.2572031
371.8554411
371.8591418
370.0997077
373.3581538
376.3613486
381.8432945
382.5753866
383.732154
386.990448
387.9940646
384.6667741
386.7163887
383.0432036
384.1209876
388.5975425
385.7905388
388.3727591
390.0446424
391.1150755
394.6810398
393.9639029
395.229716
397.9620454
400.3462495
400.2810045
403.8218747
406.0825848
397.3800623
401.8146414
402.5336541
404.7569511
406.4550438
403.0731545
399.1501425
401.9794014
401.8905831
404.2559286
404.5907209
407.9183155
410.7118342
412.5920755
416.5873791
417.8040684
419.121236
422.3530163
425.231247
422.3775529
421.0072058
423.6960893
427.7838612
424.1549332
431.9381455
427.6263
429.8383425
425.7556908
423.0903301
424.1906735
418.8394203
419.9491424
420.7437926
420.7437926
420.7437926
420.1306319
424.6085556
425.9883826
424.2329534
421.939342
420.8212552
421.9009148
418.1631438
413.5277096
413.5277096
417.7639684
416.7440785
418.7300704
422.5411976
421.7039633
421.4142898
418.6307581
417.4271482
405.2891006
397.5104002
398.5746991
380.4391843
376.0794316
376.5499355
357.6995142
378.0402785
369.8304645
369.8304645
385.6544217
386.4641791
372.8388302
376.3086254
381.5695901
379.486111
377.7907051
377.7907051
369.7304932
351.7090936
360.7205538
354.8956537
342.8178322
350.9495246
364.0769941
357.3275622
362.4552486
361.8476644
364.2094612
365.4580886
365.4580886
365.0892796
359.9296044
359.9021782
369.7978167
376.8904564
379.1145138
380.7537492
375.3678711
378.7455527
374.4900297
375.6778734
370.2295386
369.862504
363.0855444
357.1101296
353.534229
350.5390441
365.4384188
364.2013499
358.4337862
364.1113656
363.1196624
369.1095254
373.3121731
374.8663923
371.6259938
366.0268402
370.8464001
368.3374346
370.0085574
364.5801966
365.3452914
368.206894
363.6896814
365.4591025
368.3997899
373.7784186
377.4036458
383.2905971
382.1137037
381.4472114
383.4229628
379.1110158
379.3756964
379.4086991
381.7109288
384.0931558
387.3726912
386.4749266
388.7565232
395.4391894
394.4014041
392.5771812
387.5932161
391.8632887
389.4539397
396.7181833
401.8040968
403.9227585
403.6519944
406.492457
404.3498671
408.6726629
409.3851359
404.7389542
399.9587846
403.1351549
409.7932845
409.0896325
409.8059076
411.2266966
407.1791261
411.6233373
417.4590356
417.4349046
420.0798858
422.0815932
425.8717326
433.1064715
431.040533
431.4570463
425.0338899
429.924474
428.923595
431.8125731
433.498651
433.5626286
435.1919277
433.8013025
431.1568789
428.0038285
429.5079607
432.9188985
428.9596901
429.3064465
435.8891414
438.5044658
438.5789373
438.911499
436.5879773
438.2903284
437.2718581
443.4833106
441.1388009
435.6510251
439.0305318
440.0956926
439.8311641
440.5761835
433.5359121
421.2926716
420.8692637
429.2668534
423.3320457
419.9862514
426.2045478
432.4977212
431.1290471
434.9015445
435.1944624
441.5993685
449.217466
448.4540441
448.6964188
452.6718498
452.7105303
449.5160618
453.6444408
454.6354343
455.6025502
455.6025502
455.6025502
458.8918191
459.0829407
458.6687594
458.6687594
464.9755699
462.5103545
457.3794742
456.5118227
455.400377
455.2506228
452.2460592
461.5514513
461.1199828
467.5378669
466.5951862
468.0790402
466.7948753
468.8560484
470.0601146
468.0970878
470.0063775
472.4411249
469.2278484
470.0308634
474.2899857
472.8630119
473.7705101
471.1511807
473.8370224
476.5838507
479.5284416
474.1670494
477.2107499
470.5873973
472.3392272
481.0924451
484.1559674
481.6119714
485.3429492
481.4474649
480.0301232
481.2589287
484.847199
490.2132045
471.5973509
461.6076217
458.4166005
462.3583698
456.9914517
457.4477609
463.5915858
471.8087506
471.6884505
473.8651584
468.36116
453.3001684
465.3236444
464.9902716
473.9675124
477.9007648
481.6547076
489.3041348
488.7838987
483.1861139
485.8898004
481.5104285
487.2739873
487.8955634
492.4757904
500.3154774
498.4054272
498.0813316
498.0813316
498.0813316
504.7158371
501.8889102
502.4380933
505.5918535
511.0209747
510.754317
507.7268391
505.4179176
511.5124158
512.3940593
505.4642532
509.3286106
511.6988734
508.1031509
511.6024001
511.6024001
512.0969843
507.2861947
511.233287
514.7762863
501.6442542
501.2826947
493.4187753
501.3727804
507.570241
508.6551223
509.1977658
509.1977658
513.2475162
511.8073109
509.7160754
519.1171804
516.2525867
514.5924141
517.3873016
515.7429967
512.0551606
518.9825334
524.1281661
521.2960682
520.7839434
520.7839434
500.5498929
502.8644415
506.4223453
499.8739713
502.7712634
511.9864177
515.8656288
520.9201619
516.5198528
518.3806778
508.0417588
508.0417588
505.8689038
503.4057162
501.3047979
508.6668329
507.5168081
507.4518166
515.6269042
517.4787054
515.0870997
517.1062971
522.9753022
520.1385911
519.5257345
527.9461372
528.4315455
530.2417764
525.0067171
522.240726
526.2759776
517.7842972
521.8326282
514.3784796
506.4250322
489.1329872
489.8112408
495.0755513
500.2836407
491.2558566
497.3976029
491.5214497
483.5373823
488.5306246
498.4719903
485.7261557
470.6013386
484.0208642
479.7978876
474.8002348
459.1952817
466.5558972
471.4581413
469.5083967
479.3377763
481.3806484
486.658596
483.1149883
470.7614346
477.2426373
482.9354759
488.078878
491.7551555
493.0879879
481.2072701
479.0303594
466.9722585
461.2951861
472.504849
475.9849354
482.3725036
476.2049026
468.4171277
475.821392
492.6523625
486.5878759
488.6552338
482.7026827
476.3425913
480.8906267
488.9491657
490.2156886
493.08814
494.8945181
498.3740468
498.4905448
505.4069674
502.9896085
505.8254071
506.9587025
510.4710818
507.4441109
503.3313968
480.8375994
481.6102985
472.8102887
465.9469442
455.2092554
467.0210274
462.448861
467.7105861
468.0673296
469.245896
465.6511366
470.3248966
464.3450206
457.9734214
459.3956299
462.389446
457.6640275
456.4813547
443.9330294
447.3430547
444.8728205
445.9177031
438.1879238
435.7455213
422.8396921
426.1309381
418.4312718
415.8711546
416.8025303
419.5218817
417.3123738
430.529929
432.694318
434.1666641
432.995702
424.1977201
433.4088695
435.4649223
441.9965162
446.3076521
447.3546132
446.5756786
434.6168899
433.942185
421.3794621
419.4206937
419.3536744
417.8189222
426.0497748
426.0497748
426.0497748
426.0497748
424.1763774
427.320404
427.320404
427.320404
417.7634107
414.3525236
399.9571117
397.9483576
401.8125629
392.8683248
388.028284
386.7039683
394.720785
380.2960712
378.250056
379.2126094
374.5177094
359.7444648
375.5049514
362.0500404
376.3109067
378.4153737
373.3657581
376.3512602
374.3673976
373.5474504
384.3389271
384.8797455
372.4957238
374.7685502
364.0121547
364.2222364
360.6674758
375.4714418
377.7313408
378.6247456
373.8874137
383.3146774
385.7198694
380.3990842
382.9708613
377.3815426
384.7788616
392.1634561
394.3346889
387.704746
385.2873871
381.1211387
371.8490535
379.3612989
374.9608378
369.2809772
364.8267282
370.6141138
377.6703036
373.1433574
368.7533903
353.7285444
364.4265895
359.8524967
355.5818665
355.5818665
355.5818665
369.9347449
370.3401052
378.282349
377.7776764
378.3438425
389.2513609
395.6849099
391.2004465
386.7668306
393.1247928
388.3936963
387.3730968
383.2702683
377.8963543
374.9556162
374.4512478
384.1115075
378.4891355
384.0390638
379.6365749
377.9060878
383.3403293
378.8070463
391.5886211
394.6709514
388.5392935
386.9411721
386.9411721
395.3337936
395.9912114
395.9421383
401.4794942
401.3613233
395.1554473
397.2144912
398.6431886
398.9484762
400.9191074
402.9308018
408.126268
397.8546725
394.9236173
399.9397232
391.2184434
392.5228864
390.1769573
394.3795543
392.912734
393.9562985
390.0206127
391.5610935
385.466646
383.8452554
383.8452554
374.0121243
371.1249712
365.0300674
369.4674348
369.3421665
370.4780981
374.3145223
366.9350987
363.6344741
363.6344741
355.9814982
349.4921843
354.4593185
342.365021
334.9278047
333.8556986
326.9941285
329.3129862
329.3295129
324.7459401
330.5342381
323.4482395
329.7335045
323.7590529
315.5661712
320.1238894
315.5671344
320.566156
333.91704
342.9325559
345.690892
334.2544685
340.267043
330.6345136
330.946493
328.6069516
328.0980205
333.6929157
333.0074634
328.7961467
325.7204068
338.4456591
343.2648641
340.6600337
342.4709744
349.3415683
347.6524993
337.8713817
339.6637679
338.8214133
339.6422731
324.629949
326.5341185
324.5786453
336.0993244
331.442953
334.1414178
334.8825844
340.416493
337.8561731
338.9030329
344.8907666
341.4379037
329.4400796
319.9047332
332.9435872
329.3409194
326.9905798
322.0243074
329.750386
319.7627861
314.4147775
302.6772235
303.5218086
330.7369183
325.0737871
318.8431211
317.5957611
325.6011713
319.4900956
301.3889016
298.8006485
298.3321217
294.378439
301.3711582
278.7256802
272.5592452
255.6519275
253.3421442
240.2401745
260.3122025
264.4572095
248.4612429
240.4651606
242.1473857
254.2977523
254.6233181
244.6278097
241.3106583
226.8976551
219.8030383
222.7008881
236.1977242
247.9929189
244.9797371
256.281108
274.7760531
270.7800905
252.520524
260.845011
262.9372604
248.0440705
241.0641773
242.1694889
241.7669675
240.0692803
238.1204482
225.6898375
223.3094355
216.2456415
238.669023
242.9108075
241.0453693
247.2059237
245.291463
231.2024541
243.2205057
246.291024
245.2434038
232.4548329
255.7399854
263.6695046
265.7412223
260.1533231
253.0289481
249.4573059
255.0205671
254.416126
257.8232617
254.7694729
251.0403201
251.4501923
251.4501923
251.4501923
251.4501923
251.1667544
253.9029873
253.9029873
253.9029873
266.4983073
266.6711279
266.6711279
269.6412693
267.1163348
262.3104119
255.005105
250.4136744
236.9807145
235.8756564
239.4195175
236.0252585
226.4640575
234.6051285
232.5104965
230.1723745
238.7239768
239.1107319
245.0564899
236.52329
236.3489992
229.9918482
237.7410946
247.5364069
246.5315736
258.4254722
266.0408828
260.3568651
260.409639
259.3635397
261.5060282
263.386016
249.8312351
252.0919452
255.9096121
245.3186357
237.8181516
237.0841837
237.1032959
247.6260363
247.3765136
237.9476276
231.7962998
242.7628277
233.9445169
233.3557407
236.6279253
250.2873922
257.0289663
258.1153178
254.7070161
260.966173
256.2468379
256.2263062
263.1886081
254.3566096
256.9280825
250.391774
254.8643746
255.5580903
251.2667764
241.6383026
248.7593318
259.2668636
273.7727407
273.4072269
273.2287285
270.1025973
271.7377771
276.0426774
276.0426774
276.0426774
287.4289631
281.4844218
287.3593076
296.698767
281.4860948
285.8646555
297.6638044
300.1723136
303.2854667
303.8102147
291.9219433
299.0901699
296.0597009
296.0597009
302.5774549
304.0202964
310.3559526
306.9212893
310.7530496
302.8420342
296.8538949
288.0899296
292.5224809
295.7551737
301.7593835
305.7323811
303.3682016
303.3682016
297.1989277
297.549537
298.6921097
298.7694708
298.275495
300.5459386
310.9953228
308.6970981
298.7790016
297.9228578
299.046217
298.1428251
297.8845828
305.1756443
312.3103105
309.3155311
302.4725155
304.5789089
297.89969
299.3866365
299.3866365
290.2281597
290.1097859
301.842676
299.8994203
303.0759934
310.2632814
306.7035019
313.9764145
305.3823801
304.5163001
301.7213619
302.0623391
299.4195885
299.1520689
297.8440772
302.4703863
305.5030858
316.2712426
317.3708256
325.5063202
325.3445512
329.3251024
329.0978857
336.8903753
334.8136894
328.9055474
327.6626992
330.1067746
338.3098462
340.0977711
345.4193675
339.1288809
337.3531228
337.1356396
344.3260707
340.8255034
333.1518438
337.9781969
342.8846487
338.1355554
330.9773158
336.9758477
335.4768865
342.7213082
353.9010102
356.5323036
354.0576589
349.101627
348.3606632
355.5760365
349.371073
343.1469467
337.1760438
339.3958935
344.4012013
349.6962839
350.8919347
357.2443203
355.3406578
356.2945929
354.5925966
354.1161107
355.908801
358.1275861
356.7733602
353.9365983
357.6703137
357.7056991
349.5731448
348.6092734
353.7510025
349.4932489
347.0929743
339.8737482
335.9262504
338.7888669
345.1766379
342.4755369
346.4682551
347.8778403
352.3247384
349.3709209
359.277611
358.8494377
359.5921759
365.1409382
364.5522127
363.9669344
357.7370288
360.0696757
354.4358972
358.0999064
356.3381403
363.1705606
366.2040712
361.0694902
356.3264803
362.9657512
365.4120572
364.2810431
371.8453527
371.2249932
373.8710897
375.5796764
374.7056372
378.1906917
374.335206
374.8794717
369.1120094
369.2568969
378.7808874
374.403949
376.653861
364.1793988
369.476053
362.8055538
370.0982375
371.1653755
369.7699849
374.3137619
374.1727273
369.4893859
366.2232848
367.3421827
368.1706975
370.3948055
367.051394
370.997523
365.5933439
361.6930942
366.4010735
371.1029187
371.2301135
371.2301135
371.2301135
372.543124
372.6810155
367.178538
367.178538
367.178538
372.5625911
374.3709463
374.3709463
373.9586407
376.6902096
378.5147873
375.2402201
377.8174723
380.0745831
375.7286195
377.0825412
377.5165951
370.174382
368.3450389
367.6701819
365.9795414
363.7915791
365.1182267
361.3424849
368.1377455
373.8417371
375.6245925
375.0840783
366.8297537
362.3004756
363.0347983
365.5996808
363.2203941
365.7145059
361.0212282
357.8694959
362.3253671
366.1486105
366.8988009
370.8779833
369.8330499
364.8765618
365.748269
364.0875388
366.8825783
374.1838803
376.2100736
379.9439917
381.0049955
386.2436542
388.8454429
387.5213301
393.0795218
391.8727688
395.6454689
394.1392582
396.5941317
398.6465345
395.5277035
396.7908298
397.1092982
400.5775219
399.4201968
401.6161183
399.1077612
398.6320356
397.0104929
396.8900407
402.7690835
402.7690835
402.7690835
406.2908922
404.7175101
402.9781513
405.9788114
407.7565972
407.2377299
409.3980632
410.1176336
408.3260585
405.3851684
410.7557871
406.007657
405.3001522
418.1271501
418.6145863
408.3670711
408.2325256
415.707662
413.4171936
415.322225
402.4905124
391.4317696
382.2805422
369.0260301
393.4064057
388.8705879
396.125098
396.125098
385.8979623
389.032002
392.2646441
379.6780437
370.7877455
373.3980004
373.0489626
364.118463
374.4036448
383.0165885
382.9718245
383.4914523
383.7240934
386.8059168
393.2535591
386.1910324
381.8667157
380.0379303
389.9016814
398.5789069
397.7041072
404.1345131
409.1662332
409.4534733
409.3668349
412.9568795
415.1405327
414.3389372
410.0056982
399.3470434
399.3470434
401.7821457
388.4403361
392.1281721
382.0129212
382.8810291
381.8398472
392.77393
397.012318
393.5232078
399.2236508
400.4548897
412.7608911
414.2129592
410.725522
402.361594
401.9596302
400.2615375
406.1192883
415.6985875
412.0114105
412.2233172
411.8280453
407.8458211
407.0333768
406.8776406
417.6127947
416.894289
416.2404198
417.3194712
413.4174471
416.743166
412.0069493
400.9522115
398.9976001
401.0205489
404.8799888
409.665887
409.6848977
402.8549615
395.0184683
395.2804621
388.491944
384.8232708
389.2113116
394.0280832
389.7247545
390.7460131
406.0124731
404.1446015
406.4071367
408.0954452
406.1962439
411.1361546
414.5272199
415.2783228
420.1875121
421.0996742
419.9330213
418.825834
419.6403061
424.1194971
424.598822
421.3386016
416.9440211
425.4427989
421.9264653
423.6553809
421.8493069
422.9361147
420.7829801
415.1507225
423.3825383
423.016112
420.9589945
420.958589
423.6787007
422.6277853
428.5720731
426.5417735
424.6516466
425.3479478
424.6169203
426.1850301
432.8802686
430.6636635
430.3988815
429.1699745
428.1069429
423.9232046
423.3385347
424.9572384
426.543852
423.5719869
431.5187933
427.2541958
429.6829105
433.1497653
430.3081874
429.0153536
425.6748317
429.7814116
421.3804253
422.5986355
430.6738532
432.5262121
431.0198493
424.1106761
428.8349794
433.0605414
432.920825
430.3474256
431.7496094
443.0126039
447.7262611
449.4156343
447.5997254
448.8160599
447.3640426
442.3145791
444.6366307
447.4924033
450.8571069
451.8210291
451.2209984
451.8557554
452.5967192
457.5865649
456.5262709
455.3958651
455.3958651
455.1007165
454.9988695
457.3261427
453.8416459
453.8416459
462.7440603
457.9742832
452.4612611
452.4612611
455.440984
452.6405707
461.1992197
461.1723004
460.4594219
460.0310459
458.373256
461.5720336
452.4677501
445.1427734
450.6794703
449.4991296
451.6403
460.4808153
457.6011652
451.7113242
449.4693714
449.1646414
442.668078
445.6701069
446.1907485
447.0860798
443.9636494
444.1803215
441.1312473
447.0732538
444.307719
440.6334693
441.2880482
434.876653
436.902745
435.2970192
434.4815839
428.5152943
430.2550079
435.8951234
441.1325654
437.1023834
431.0198493
434.5926068
435.1368218
437.4226769
439.4403533
441.2922559
437.9034212
431.0214715
426.7829315
416.1443014
413.0167001
420.4130559
427.2254008
433.3975644
432.9055149
436.1266492
441.9423228
442.2777742
444.3101524
444.1959356
447.3222189
446.4074206
450.5131894
452.6633329
451.7742879
454.1904301
450.3090391
452.4362176
450.9096781
443.458267
445.9127857
442.904572
440.6073612
433.3702903
438.6446385
448.3130096
448.9145103
448.9145103
448.9145103
453.9402991
455.8282967
458.2213219
459.2545953
459.5702755
455.5942361
452.5452634
452.275209
456.4158056
456.4587446
460.9920783
463.177151
460.0892949
460.0726668
462.9331541
456.1366261
456.2204763
459.6845936
460.1186475
448.3511832
446.9171627
453.0411657
448.5246628
452.5300548
452.1593194
454.0528935
457.217908
457.217908
446.6486799
446.6486799
444.7214947
434.0079369
437.6843158
430.0501479
427.4619455
434.0685179
427.1666449
423.3744777
425.6735643
419.2320054
429.3026951
421.6699974
414.2729825
414.2729825
420.1108607
421.5633343
432.4810425
438.9426767
439.9755445
443.1626622
443.5708108
440.3170287
446.970038
441.0861791
433.8004406
432.1220684
436.2392437
429.7537319
424.5878718
414.530363
422.7482376
429.3645434
426.5228134
428.3005486
426.0762378
422.7018006
419.8328472
418.6948371
417.7305601
407.0645038
396.172853
384.1304169
366.7983226
370.2696893
351.7859985
363.8479524
353.3815345
366.3418613
374.3234954
378.4100507
373.4262377
373.1232314
348.0124366
341.7797427
345.2195769
352.0986877
356.5942027
351.7302336
352.1230215
360.9376315
362.1212674
372.1209328
375.0517346
363.8418182
346.4512214
346.837571
359.0946513
358.9365324
345.9148135
337.1720896
343.3308695
348.2966349
360.8472923
361.7600121
349.8977474
358.4755086
353.6066727
335.9435375
335.1633862
338.8563931
359.5683997
350.5742267
360.2187202
350.4691351
346.8305243
332.6479824
345.137349
354.0034655
353.0684398
363.9312449
363.3075902
368.0443139
359.46052
367.8274897
361.7126119
364.0659425
361.8155235
359.5021409
370.4428141
375.7318133
374.7481707
378.053003
397.3404692
396.1058844
382.3050281
364.782826
372.5715641
378.4975509
380.474519
374.0366102
374.8388647
365.5883251
365.3877234
377.3587804
372.216595
369.9327171
369.9342886
364.8012285
362.0743235
348.9156763
348.8529154
341.9633614
341.2125627
342.0339294
356.5624167
359.0049205
378.1936321
373.9866245
376.6103644
381.8043604
377.0094385
377.777575
368.4605737
370.610413
362.5291118
368.1606091
361.299191
364.3319919
361.00678
359.8395187
369.743167
369.8003007
373.9418605
377.9930811
377.9930811
376.1441189
373.0908877
376.4149843
380.3896549
385.0557599
392.9999807
388.1330713
386.6480006
386.6480006
384.6104009
390.9162989
390.0504216
392.2687504
389.8269057
391.53022
395.9485766
397.3732691
401.0049347
399.4314512
402.5213858
399.6226742
395.770433
403.5724533
402.0261426
396.7754184
399.7541274
410.4251011
411.102138
416.3485531
414.5743666
414.3310794
414.4052468
415.4797355
411.4462583
414.992198
413.2070613
418.8749071
421.2908972
425.7455517
430.9525765
428.754171
424.5367709
424.615146
426.5211912
424.0223141
427.3413412
427.4499307
427.9927769
428.1073485
424.8314125
408.9816006
411.1240384
422.7679581
422.4472084
422.9536046
428.5519978
432.1554767
434.5138262
435.5665666
434.7110819
427.5957813
422.0526968
417.5489692
420.5151057
428.322956
425.6258599
421.0977478
411.5815136
418.1582771
423.0420174
420.9423157
406.2989527
404.0988236
404.0988236
404.0988236
394.7823292
399.8139479
409.0227653
400.3682006
403.732448
410.7400716
402.5424244
404.7387515
409.5898946
391.0019741
397.7915568
404.2235849
402.2962983
411.5853158
412.2740126
412.2740126
408.7827733
411.5724391
400.2531728
399.7302498
394.006487
393.735875
397.3497972
399.5402435
388.8928431
386.7944596
381.55063
381.55063
369.5200059
377.4378652
387.422981
376.985054
381.7440836
380.9220579
381.4692132
388.7352312
382.3263708
378.0277567
370.0200652
365.904715
367.8213048
367.8213048
379.5583012
376.5730526
379.5842066
381.4622172
376.271415
374.3779422
376.865717
378.2014898
385.3005679
390.840053
388.5610925
388.5610925
378.7747026
376.7559108
380.6783144
375.4671327
391.5351375
393.8292052
399.7430251
399.3619478
398.6678266
393.6703259
391.9741595
395.4437519
394.1555314
389.2470518
395.7569481
398.1008494
393.1399507
396.6609482
404.2353462
400.4816569
392.4289479
392.6515006
395.7613586
402.5024258
406.7664656
409.1574122
409.6911333
408.604579
405.541006
414.3703683
413.0966467
412.8898095
414.6319565
416.7739381
415.1797709
414.1017335
414.3803046
411.9700431
413.2586185
418.7310336
415.857619
416.277833
407.4228695
404.590214
405.3618485
408.0014053
398.6807032
400.3849808
397.575493
399.9498116
401.8920026
396.4161402
397.331851
405.0603123
410.2964362
408.9705997
412.3551759
415.7130357
415.5797575
426.8644497
424.374647
421.3753558
423.6065105
421.1175697
421.1938156
420.7528671
422.8435956
416.0686639
415.5147154
411.4016971
416.721367
416.4637837
414.7148942
415.7572928
420.1315444
414.9142285
412.3588767
407.6413159
409.0757926
406.6642637
408.4261312
411.9300951
413.4765579
415.9423816
409.1067168
409.9677273
402.7720239
404.2333184
407.4362024
408.7385669
407.5787578
408.913973
406.495955
410.9356037
413.6223579
411.5522117
414.7107372
408.782824
408.175696
406.680689
406.9133301
406.9123669
406.528907
401.1297467
396.9550829
406.410077
407.9110661
407.8446044
410.7906149
414.9294878
414.2218815
415.5365144
414.383245
420.397898
420.8989205
422.2020962
422.498867
423.3951614
426.0987465
426.380765
429.168403
430.5043786
428.0230928
423.364947
425.8187052
427.3186296
429.3893842
430.1583318
429.6163981
429.3385874
429.3385874
429.3385874
429.3385874
430.6202682
428.5455594
428.5455594
428.5455594
438.3920741
438.5463908
440.8295084
438.2549937
435.8282055
436.5902079
436.4725946
438.2779588
438.8739337
436.7641438
438.1349978
440.3620462
440.5056662
443.2671961
441.5497378
442.3015504
444.5900416
449.1303206
450.1060041
450.4766887
454.322593
453.0756385
456.904864
451.8301542
456.7773144
456.6686742
453.281259
456.8196451
455.3905421
457.0969995
461.1572439
459.4445002
460.1946906
460.7302367
463.9114737
466.182982
461.1382838
466.853175
464.887512
457.7777372
462.9173878
464.6929431
464.7961082
466.2458442
471.2457783
468.1820025
468.2254992
470.8326109
471.9480616
468.2434453
469.0022032
473.3634261
471.9971854
468.5879712
462.8478337
465.398775
458.8543552
462.0307255
461.9518434
461.791646
461.9543782
465.0760482
465.0760482
465.0760482
468.0594718
465.7557212
458.7626979
452.9328803
452.0450013
456.0984525
462.3766201
463.249544
459.2280816
456.2432385
452.1316904
444.3581609
443.6352447
443.3978888
442.3725239
453.6515381
455.4401222
462.2950005
461.7651323
463.3037881
464.0504804
464.0504804
462.0213468
465.5368185
466.3117483
467.7173286
473.068379
473.068379
475.6305746
475.1780169
475.4267284
477.5636912
479.0835896
482.2670065
481.7358709
483.4682338
486.2171405
474.3286156
471.4761889
477.326893
481.9799185
473.5870942
474.9395457
470.6477755
469.2324617
468.3384485
459.9226591
459.9226591
462.5759544
462.5905039
459.4176823
456.7439569
455.5379136
457.4152145
461.9965568
463.2635866
456.2808545
441.8042286
441.8042286
430.6856653
437.6521749
443.4721576
449.7332916
445.6514003
450.9664569
449.5872381
447.165418
455.1096896
452.105633
457.9842702
463.0532008
463.7376392
470.4789599
470.4326243
472.0731778
471.8424124
471.1645136
472.5092088
473.8114213
470.9647738
472.3542837
477.5531465
478.6227685
476.8180634
476.6041795
479.8908123
479.1947646
484.5996534
485.2509371
486.267329
482.905667
482.1205476
485.0730977
486.9587127
486.902238
489.4466903
490.7529583
484.2876233
488.4642136
486.9603349
485.0779644
476.8128418
481.2368762
483.8097686
484.5369433
476.4325756
473.533864
476.107314
472.3390751
479.3751388
482.4835772
484.235255
485.0682816
487.3521089
487.5796805
495.2535428
496.2763223
495.422105
494.4957989
498.8427764
496.5877948
497.4438878
501.5723175
500.8250675
496.5476947
499.1564287
492.4273763
494.6205095
492.4994652
488.4315151
492.1464225
488.9158081
487.4902538
485.3116195
483.1404374
480.9769103
478.3670103
487.9562965
490.1682884
487.0359217
489.4862833
489.8079456
489.0377305
495.993442
498.9814789
502.7934173
499.5775046
501.2744821
497.2024257
495.5939117
496.0920953
495.9048772
492.88693
490.9155384
492.5438236
489.9525795
494.0651415
494.8880798
493.7349625
495.9215053
493.0794204
490.8866928
496.1998737
498.7110697
502.1624625
500.3396591
498.6734031
496.9248684
499.6884261
502.7385142
502.4660772
504.5339421
506.4690358
503.304224
502.1693064
493.0485469
491.964933
488.583652
490.3929197
493.6697175
489.1286274
488.2219911
483.2757434
483.5592827
489.5253188
487.4021959
491.5686978
501.4773143
504.9490359
508.8976997
508.8976997
508.8976997
508.8976997
514.212655
513.7030142
513.7030142
513.7030142
510.647806
510.7488926
510.7488926
511.7289865
511.5682821
511.4565495
514.0073387
513.6141959
511.6782911
518.9233212
519.1308681
520.7804454
519.8310221
519.3353733
521.5949175
515.509443
507.3628462
506.8499102
508.0217848
504.5296837
502.3969287
502.8490301
495.8397843
494.407741
498.3125026
505.2961979
506.8553853
508.501566
515.8775422
513.7624292
513.7280578
514.7173783
517.6777862
512.5339279
516.534808
517.8591743
520.0610271
