100
99.22084188
100.0935228
99.43350201
99.50170813
99.2759429
98.667449
98.65047193
98.79760653
98.5560556
98.34071488
97.97109133
98.43334415
98.52984539
97.9633474
96.09259353
96.58105657
96.11820806
97.20920812
96.94799954
96.66832466
96.59356599
97.54755813
97.65001623
98.65970508
99.85763089
100.0598665
99.69173217
100.3428177
100.387792
100.309757
100.6627014
100.4735709
99.89992465
99.08740808
99.13208458
99.6080382
99.50945206
100.4226397
100.184365
99.55472424
99.47073243
99.97170488
100.03038
98.87266305
97.60414836
97.33817428
96.18700986
94.06636545
94.29332205
93.88468102
94.35974111
94.83599258
95.41142587
95.45848511
96.25015264
95.76824216
95.73458586
94.97925521
96.5062979
96.23555832
95.36496231
95.27531147
96.65849583
95.91329185
95.99222033
96.66475054
96.47800278
97.22558951
97.30690073
97.40548687
97.4978183
97.4063804
97.45403533
97.45403533
97.45403533
96.9628917
95.94992658
96.96557229
97.49483986
97.49483986
97.70839352
98.10750357
97.99402526
99.01979765
99.01979765
99.84452579
99.68964726
100.5971758
100.9843722
101.3215308
101.26226
101.4013528
102.7839415
103.8868553
104.2585637
104.6159757
104.2978791
103.858858
102.8667419
104.3717442
104.6645242
105.6521726
105.6521726
104.7976601
105.0076397
105.5178453
105.8666198
106.6410124
106.3869521
106.3869521
106.6151001
106.995446
106.4372876
106.0539633
106.3917176
106.2782393
106.1882906
106.3675923
105.3912619
106.4119709
106.5966338
106.9352816
107.8472779
107.7751998
107.5592634
108.0042413
107.8350663
108.0813827
107.4222554
107.4180856
108.2672369
108.0822762
107.7871135
108.2845118
108.0375997
108.2821291
109.1518316
109.0860082
109.0618829
109.9896648
109.6703768
108.8054398
107.6462336
107.9110163
108.0858504
108.0876374
107.9366309
107.6638064
108.0632143
107.8711053
107.8711053
108.7163847
107.2870346
107.1062437
106.7446619
106.8101874
106.1641653
106.9951481
107.6629128
107.2081061
108.3309754
109.8332971
109.77075
110.0912294
109.9527323
110.420942
110.3723935
109.8717189
110.1442455
109.6688876
109.7644953
110.8364334
110.5722464
110.7429106
111.9009254
112.5788168
113.5682523
113.3633361
113.2766637
113.2766637
113.3246165
114.1305805
114.1147948
114.6211284
114.1990844
115.1527787
114.857616
115.1456305
113.4190328
114.1448769
115.3082529
114.3116692
113.6165029
114.3578349
115.1036346
115.5658874
115.0589581
115.0607451
115.4223269
116.121663
115.5527823
116.5365588
116.9166068
117.7008283
118.015053
117.88013
118.6354606
118.3265971
118.1365731
115.2051992
116.1237479
116.741475
116.7355181
114.7363938
116.0060998
117.7532487
118.2634543
118.1050017
118.7554915
118.3015783
118.6411197
118.5821467
119.2936944
118.5231737
118.6932422
118.5848273
118.2729853
119.0601852
119.2382955
120.3117228
120.3492511
120.9833595
121.2570775
121.5632604
122.7894814
122.250385
122.7516553
123.0301388
123.413761
124.0002144
123.8828642
123.9448156
122.8770473
122.6992348
123.1043018
123.8569518
123.8789922
123.867972
124.4767638
123.0670713
121.6832913
123.196931
123.1337882
124.0416147
124.0416147
124.0416147
125.474241
125.2267332
125.2267332
125.2267332
125.2267332
128.0523728
128.6465702
127.9088123
127.8840913
127.5293599
125.9379831
124.9083387
125.3288935
123.2088448
123.9558358
122.9857601
124.1315633
124.0487629
124.0320837
122.8386255
122.6310287
122.2888068
121.6913331
121.7083101
123.1054931
123.6624601
125.0411768
124.7171233
122.9300634
124.0624637
124.4392355
123.8018508
123.8709504
124.1125014
124.290016
124.4020051
124.6009644
124.8892767
124.4380441
123.8697591
123.9108615
124.3543502
125.6249497
125.7011976
126.2161687
127.903749
127.8072477
128.9774741
129.2908053
128.734434
129.7521646
135.5633855
134.3776713
132.5819739
134.2308345
134.8503486
135.4448439
134.6775995
135.6744811
136.6871484
137.0183501
137.5803805
138.3544752
139.2709391
138.6326609
139.1160606
137.9511954
137.9383881
138.1358583
138.1745779
136.6281754
136.8828314
136.8828314
136.8828314
136.3255666
136.607922
135.2649465
135.6122318
135.6122318
136.9096373
136.5513318
136.568011
137.3030883
138.8721269
138.012849
138.8277483
138.8030273
139.6941745
138.5576044
138.4631881
138.4631881
137.9297507
136.4664465
136.1054604
135.8674836
134.0649358
133.5103515
134.8652408
134.8104376
135.6420162
135.4233992
135.4233992
136.0256384
135.6852034
135.7274972
134.1846688
134.0565962
135.0165452
135.0165452
135.5574287
134.442899
133.8618067
134.5039568
134.1525017
135.0332244
135.2661379
135.8990549
134.6624095
135.5931699
135.4811808
136.1963026
136.5313763
136.2034508
136.2871448
137.2691342
137.7730851
138.1019041
139.1389945
139.7838253
139.6864306
140.7014806
140.1605971
140.9948562
140.8158524
141.5172734
141.7189133
142.2636688
141.0136204
140.8757189
142.4048465
142.9421558
143.616771
142.7455793
141.5816076
138.6963994
137.8675014
137.7555123
138.2365293
134.4306874
135.2026973
130.9092859
133.1234531
133.3548773
133.7572637
132.6058014
131.9874787
131.9874787
135.8793973
136.5569908
137.0758339
138.3610278
138.1001171
137.7802333
136.9513354
137.2128418
137.8648208
137.6426297
138.4569333
138.4646773
139.4737704
139.0299839
140.1406416
140.4536749
140.0492037
140.2815215
139.3042976
138.9313977
137.6587133
137.9541738
136.7356968
137.1416573
136.7988396
137.1887165
138.7449478
139.1461428
138.5281179
138.8259612
139.9038562
140.1328977
138.9352697
138.8387685
138.963267
138.9150164
136.6341322
137.7069639
139.1258894
139.2524728
139.0975943
140.4947773
140.6523364
141.5187626
142.046541
143.1074589
143.6462574
143.7433544
143.3707524
143.1277122
143.4041108
143.7222075
144.1079146
143.0341894
143.1253295
143.4592118
142.8950966
142.4334395
141.2370029
141.6212207
141.867835
142.0870477
140.9635827
140.677951
140.5320077
141.0648494
141.5676089
142.7703003
143.9107423
143.6811051
143.7472263
144.2508794
144.2044158
144.0117112
145.2307839
146.711363
146.3360804
146.4561113
146.1380146
145.3362204
146.0567034
146.3700346
145.7877509
144.5713588
145.8949745
146.5100209
145.6683157
147.5438351
147.034523
147.1164299
144.1531868
145.6010031
145.9649677
144.8671172
144.8843921
144.2297325
145.3612393
144.6607118
145.4351044
145.6757618
146.0090485
145.5715166
145.3803012
145.3803012
145.3803012
147.3252181
148.2556806
147.9414559
147.9414559
147.9414559
148.0025138
147.4684807
147.6394428
148.5433973
149.2671565
148.540121
149.7815319
150.0942674
149.7854039
150.7239082
151.3240625
150.9836276
151.4604747
155.0101713
156.8022946
155.3934957
155.5617772
157.6109392
157.1597066
158.6533908
161.3700197
161.8325704
162.2441898
162.5333957
162.7686919
164.6513595
165.6702815
166.5236026
167.7959892
167.5538426
168.4518402
170.2079244
169.3009915
170.4298177
170.7651893
170.4530495
168.180505
169.7814128
170.9388319
170.2996602
169.2065752
168.2537744
170.2853637
171.4648232
173.5172615
174.6109422
176.0432707
175.7826578
175.5652322
173.2840502
173.9556869
171.2039125
169.758181
170.3556547
166.9271803
168.5703819
168.6913063
170.8006326
172.9823349
174.7363342
174.7363342
174.7363342
169.1425389
168.5551919
167.2613605
167.4716379
171.8844844
171.4761413
173.436546
173.1541905
172.4399622
171.7206706
173.4749678
172.8337111
174.4822739
175.6417779
177.0544487
177.5858012
178.6499954
180.5547034
178.2657775
179.1277361
181.4068331
182.9177923
182.9177923
184.8650919
187.5766574
186.2706145
187.4298207
187.4298207
187.2168627
188.4350419
190.2060182
192.0082681
192.5268133
193.1701549
193.1701549
190.4168913
193.9338252
193.591901
193.7601825
194.3228085
194.3576562
192.1405106
192.0818354
188.603919
192.8857145
195.0432915
196.1661608
196.6489648
199.0915779
200.800305
200.6895073
198.8390068
200.8959127
201.6292029
200.836344
200.2317221
202.4375497
206.4882188
208.384885
209.2656077
208.9284491
212.028998
212.3884949
213.4535826
210.0873574
211.2817091
212.0075533
216.7051381
218.3248101
221.8515728
224.2781023
222.944062
219.4872925
216.5868943
217.8625572
218.1839302
221.119176
219.2180422
214.4522512
210.5859472
212.5177589
219.0581003
218.8433553
218.6577989
220.1559508
218.8588431
222.0692962
221.0351842
221.0351842
216.5877878
216.273861
217.845878
221.8673585
219.7878164
218.1648682
217.5143784
212.8272181
209.850572
206.9993179
203.655431
209.6525062
213.545914
213.0839591
206.3354252
206.1915669
202.2793949
203.824606
196.8318406
196.6489648
198.349948
204.543302
205.8466643
205.7936482
207.7635839
206.7473425
204.5995943
201.4624107
198.5188252
198.6081782
199.8632899
203.1026338
208.0924029
210.8778336
210.3863921
213.7130041
214.5371366
214.781666
212.2830584
214.2652056
213.3949075
212.0126166
215.2081776
217.4714889
221.003315
219.7660739
218.0627079
219.2102982
213.796996
212.738163
215.7082565
217.2284488
216.6640357
216.2801157
214.0719053
215.1381844
218.1145327
216.0165243
210.4483435
211.7713636
205.9244014
196.3258048
202.8631678
199.1478703
202.4810348
206.2538161
205.0130009
207.1235186
205.5327374
201.3584634
202.1114113
202.8920586
200.8994868
200.2361898
200.8565974
205.4073454
205.6340042
206.0614093
209.3427492
211.778214
209.1702979
209.8344885
212.1511138
213.1331032
213.0869375
216.6533134
218.2732832
218.3012804
219.9400144
221.4077862
223.6359521
223.5093687
221.6734625
220.3090422
220.4317537
219.0021058
222.6897039
223.6773523
223.7753427
219.3169261
221.5424114
221.4715247
221.7631133
221.7631133
221.7631133
226.8023244
229.4275154
230.0509014
230.0509014
230.0509014
234.6725362
234.0762538
234.4074556
231.8942537
229.2303431
222.3194846
226.1047753
225.487644
225.4423718
229.6452388
232.0926174
234.1563737
234.1888386
232.9751271
234.2105812
234.9715709
235.3242173
238.5307985
239.3903743
241.4681293
245.2977986
246.717022
246.1901372
248.1895594
251.612077
251.7833369
252.7709853
255.4488946
252.7870688
254.1654877
254.4106128
257.0224008
256.1661013
255.4816573
256.7477893
256.9047527
255.4387679
259.6621861
261.5400882
262.817836
267.1055884
266.6224866
262.2316804
260.3582459
264.378535
264.5855361
266.9736438
268.0408164
267.8311348
269.9583317
267.5678413
267.1651571
263.3396575
263.5392126
269.0049353
270.3365927
272.6127114
274.7226334
272.7661007
276.7619666
277.0228773
278.7339872
279.8086059
280.5278975
283.6659747
287.142104
284.3197408
278.8885679
280.2789005
280.2789005
280.2789005
281.1352
280.0310948
275.9163894
274.2377445
275.9545134
271.7584967
269.9446309
268.1867597
266.8491453
260.6349424
264.9682648
267.3102068
272.6371345
272.6371345
281.0806947
279.8714508
280.5862748
277.838968
279.6504511
282.8805619
280.7545563
278.9960893
277.8627955
276.5207135
271.149705
275.0842152
275.3251704
275.3251704
276.7032915
280.3393627
282.8078881
279.2629569
278.1883382
280.10496
280.10496
280.213375
280.8826289
278.0036754
282.0013284
282.5809315
281.3973021
279.3993692
273.7960429
271.1282603
268.1998648
269.2613784
275.0583028
272.0682538
273.446077
273.2906027
277.3231034
279.567055
283.5638144
284.4826611
287.0146271
287.2135864
292.7096891
292.8499733
294.884541
297.500201
297.4710124
299.8740123
299.218757
298.7633545
297.1362365
298.5474181
297.4397389
296.49081
302.7440305
306.8313343
307.223594
304.9596869
301.1085728
300.0753544
292.687053
296.559314
296.9402556
301.0073061
302.6910144
298.8678976
300.0253167
291.8456457
288.1756203
292.1813151
284.3685871
274.6985081
280.0299035
277.6477526
281.5521807
280.8564187
288.1973629
286.8275815
282.9994013
272.8116707
268.0506453
272.6657275
266.6317197
253.1370347
251.3907794
247.5354955
244.1853539
253.2567677
245.1491748
247.4348244
253.8059908
260.0556371
252.2271234
241.4964244
240.5683446
247.54592
244.3607836
249.022925
238.2990764
235.9720266
224.5265036
227.9802947
235.3414923
229.8242427
226.8788701
229.3503739
224.8300059
216.1907627
206.5442134
197.9341588
192.7269641
206.9501738
204.6377183
198.5935839
202.8986112
214.2762258
214.7697522
221.4113603
225.7011976
226.5250322
223.5570236
229.9427843
227.9079188
231.1005013
231.5993888
234.4184758
238.3062246
237.2983228
237.5583401
241.9890572
245.8348101
244.398014
249.0095221
243.0717177
246.3941599
245.2596747
242.4906254
245.1548338
248.6601518
246.6443483
249.3478721
250.0245721
252.2837136
257.2231472
262.4109821
269.0064245
263.9222391
260.1021007
263.791188
265.6762384
260.7522926
250.7215254
249.444969
251.9435766
252.5732173
253.7312321
252.4242957
252.9076954
248.6833836
247.755006
247.2057829
250.7203341
255.2079393
261.2356924
259.7619636
265.8239686
263.4686237
265.655985
265.655985
265.655985
268.8798411
267.0951639
265.5320822
265.5320822
265.5320822
275.0606856
278.3658529
282.6345433
279.2707009
282.5174908
277.1983071
275.4749856
264.6394458
263.5770387
268.0673245
269.225935
267.8755134
270.8357781
265.0561286
261.8882671
263.1925229
263.1022764
261.6818616
265.5612708
267.7715661
270.8971339
269.1142438
267.9517613
266.0637325
265.7900145
262.3070348
258.6194367
256.4856871
256.7287273
259.0947946
259.8709743
261.0000983
261.896011
259.3985948
258.2167525
262.9831391
265.7912059
269.6998037
265.3468236
264.2954367
262.2102357
261.4900505
262.0952682
266.3690219
270.4676438
269.0618233
271.3811292
269.1136481
273.1967821
270.7541691
270.7273632
270.1617587
270.3199135
269.4478283
269.7960071
267.6908506
262.5476922
260.3510977
265.0281313
262.0395715
265.1999869
262.9131459
266.7577074
266.82502
266.82502
266.82502
268.3383619
270.0184961
274.2207674
275.7293438
274.3726675
274.567457
274.4334276
269.1210942
266.8408057
269.7346514
265.2812981
265.0293227
267.4320247
266.7535376
270.7702526
275.1485494
274.5859233
272.4262614
273.4847966
277.2739593
274.4465327
271.6783769
269.6971231
269.1139459
269.3971949
268.8688209
267.5648628
267.5648628
264.3889595
258.9422988
262.4639982
263.3771858
266.0029725
263.9296851
263.9296851
258.0603848
258.8225658
253.9739745
255.5832219
260.0154283
258.8752841
262.3165657
265.2110071
268.4235451
270.5849941
269.9243776
270.0816389
264.2945432
263.7658713
263.8275249
264.8905277
266.566492
268.3657635
270.0143263
272.7583567
269.3185643
266.0452662
264.2966281
261.6485032
261.3277259
263.8403322
260.4020289
266.9364134
271.2867129
274.4453413
271.2056995
269.4487218
270.0575135
269.047229
269.5333093
265.8209902
266.9146709
267.9875025
266.4279949
267.4248765
263.4754741
264.2936497
261.8620568
256.6828594
254.1988462
257.2856943
257.6025996
253.3571409
259.7443909
261.1939943
260.8982359
260.2134941
255.2386172
253.6600476
254.1714446
250.3861539
252.6050866
256.839525
261.1746345
262.8925947
263.0438991
262.9521634
262.979565
264.9977513
268.4375437
266.9888339
268.5534048
268.4932404
269.1890024
268.857205
263.0888735
266.7174986
263.6032489
267.8513881
270.2091158
269.9955621
269.0189339
270.0735971
269.2435078
265.4114556
264.2939475
264.7356492
262.5092704
264.2451012
265.7232976
264.3034785
263.7244711
265.3807778
261.8060623
265.39567
260.3382904
259.3634493
259.7571981
258.5950135
263.2669838
263.1150837
264.2442077
265.6866629
266.7413261
267.2402136
264.2811403
261.7956378
261.5466408
255.5912637
252.8481267
258.5357427
258.0571085
255.233256
258.5613572
256.2810688
259.0081222
258.4603883
263.9097296
268.3642743
268.2460305
269.261974
271.8091301
272.8831531
274.5766902
274.8167519
274.9174229
275.7475123
278.0659246
278.0659246
277.9342779
277.8267565
277.076787
277.5610802
276.2178069
274.6273236
273.4168883
272.0745085
274.7884568
276.5049278
277.9047914
277.8443292
280.4579043
280.8933512
283.3109454
279.4115807
278.2011455
276.0048489
276.4048525
274.8873408
275.1122125
275.7263654
273.2396715
276.1418568
277.894069
279.1262468
275.8761806
276.128156
279.7546962
279.7546962
280.317918
281.4363196
282.5767617
285.2856466
285.2856466
285.2856466
274.3637322
270.9784451
274.390836
280.8483769
281.1500922
280.0218617
280.79685
280.5261104
283.4500383
283.511394
279.2013034
277.2355375
273.9702812
273.4886686
269.7986877
263.5275967
263.9657242
269.2232544
266.0205452
260.5732888
264.4940982
266.6120621
270.1200606
268.629057
267.8907034
267.8635997
264.1596202
262.7797121
261.785809
260.2980816
256.1821848
260.2951032
263.3441252
263.9913387
260.8699408
263.4474768
265.6020754
263.9201542
261.7292187
259.1558525
258.3960542
260.5816284
264.7520305
264.9480114
267.7456537
266.2766905
262.3421803
260.9881846
261.3560211
256.1127873
258.4392415
258.6724528
268.3464037
267.3140788
270.1861819
273.377573
277.8791769
276.8739557
279.9560383
277.2197518
277.4312205
278.4376331
277.5828228
278.1192386
281.1134575
283.3648551
279.2498518
279.1661579
278.002484
276.7735825
278.8623577
281.2486783
282.6163748
279.0654868
273.3123453
274.0009591
274.5632872
275.4645611
275.4645611
275.4645611
277.4624941
278.3861062
276.8036647
277.7111932
277.7111932
281.6093666
281.0425707
281.009808
280.6762235
281.1971514
283.5709627
282.6125029
287.693412
288.9464388
288.3030973
290.0648405
288.2980339
290.1333445
287.1129154
286.655428
290.482119
291.090315
294.7868484
290.6533789
291.5555463
288.4106187
288.410023
288.410023
291.7911404
289.7646144
287.8325048
289.7384042
290.6366997
290.2352069
290.2352069
290.7686442
293.4831882
291.1674564
291.5725234
289.6231389
289.6523275
288.1476231
284.3072313
284.9377656
284.815352
284.8281593
286.2575094
285.3985292
287.0962362
288.6798691
290.0377367
291.565673
293.1364986
292.9318803
293.149008
293.6601072
292.2492234
293.4677004
293.1668786
292.2563716
291.2076653
292.5411098
292.8475906
291.088528
295.0123158
295.304798
294.8741165
294.4616035
294.6039726
295.4004057
295.4004057
300.2302329
299.9207737
299.2407974
304.1921447
303.7552085
303.4055405
302.2001686
303.1160368
304.5111349
303.5633974
305.8553018
303.7525279
303.2381525
304.5293033
305.4907415
307.5967916
306.6958156
305.1744319
305.8573867
302.8330856
301.3542936
301.2300929
302.0569059
300.6790828
299.7903183
298.1155453
297.7220943
296.2623642
296.4416659
294.0833425
293.9865434
292.810658
293.2184055
290.3424305
288.0514197
286.5163352
287.4926656
291.3458646
293.0322535
291.0763164
290.2649912
290.0859874
282.1002124
289.1873941
291.8629206
291.6839168
292.4812433
291.1311196
285.4202718
287.9605775
282.5285111
283.4628455
281.6513625
279.6507489
280.4445014
281.646597
286.2914635
284.572014
285.9269033
290.4359533
289.9272369
291.4641084
292.3388742
295.0450786
295.7849214
295.2339112
299.4367783
298.5730327
301.0513869
301.3912261
300.5167582
297.8543367
298.9215094
297.3673629
301.7018767
301.2557074
301.9222808
302.1754476
301.457943
302.6359134
298.0178527
299.496347
300.6755086
302.6132773
300.547436
300.2895037
297.2660962
300.1018624
299.1079593
304.7440483
302.2832669
299.3158539
298.1593283
299.9026052
298.9021495
299.492475
295.6225968
293.0242117
296.8151614
300.1250942
297.7042237
295.5588583
296.9637852
296.9637852
296.9637852
301.0105824
303.6473893
302.9063551
302.9063551
302.9063551
302.9951124
303.4237089
298.2993147
298.2859117
297.4558224
293.8870638
294.3183409
292.9661322
293.4408945
293.5353108
297.2649048
296.0589372
293.5472245
294.2057561
295.1928089
296.698109
297.808171
300.1715578
300.0658234
300.2171278
300.7919654
297.8066818
298.9182331
300.3282233
301.1773746
299.5511501
296.2879787
295.3628774
294.0070946
294.2522197
290.991431
293.1606239
288.7206736
288.9711598
286.9586325
284.6563037
285.2201211
283.142664
285.3651708
285.8902686
286.2071739
281.3618588
280.3599139
282.0293257
283.117943
282.9133246
281.4351282
279.9613995
275.2122878
274.4456391
268.8220595
271.1723411
264.4321468
261.3155144
262.3877503
258.6659002
244.154676
249.8357394
259.1269617
259.2583106
257.6842086
260.2027717
265.2515138
260.3975613
254.6965423
253.1257167
259.0653081
257.8652974
262.323714
265.9553175
268.216544
268.5882525
268.5882525
268.5882525
268.4890706
271.8660182
270.05662
268.4729871
265.71883
269.1181157
267.146393
266.969474
268.8500567
272.0244708
272.0244708
273.5300688
270.8015261
272.911746
276.9612238
275.7606174
273.2572443
277.7788037
279.002344
276.9862426
279.970037
280.5034743
282.8671589
282.9565119
283.6415515
284.8832603
284.8567523
284.8567523
283.9453517
283.5105005
281.948908
279.8249873
277.4413472
278.5564726
278.5564726
280.9609617
280.3935702
280.5958058
279.2164934
277.3579511
273.8174876
276.3414118
272.3461416
270.7234912
270.1760552
268.5599573
266.5003708
266.4098264
263.8439063
264.2582063
260.8228815
257.8647017
263.5841869
266.7502614
269.490122
267.0719321
265.1168886
263.0281134
258.0448969
258.2891284
254.8478467
251.8006118
256.2188195
256.719792
256.8752662
255.575478
254.1741252
259.276479
256.8073579
256.9568753
251.142378
247.178977
247.998344
250.9192934
252.6164046
253.8747926
255.9415274
256.8892648
254.5949778
255.615389
255.3902194
254.6450154
249.2900905
245.3758336
248.6830858
253.1429916
251.9551925
250.0892041
248.3197169
246.7709317
250.6369379
247.8503159
246.1761386
249.6028259
251.3785678
247.4559713
244.5472335
242.3974004
244.3938442
239.8171838
243.4082806
241.9387217
238.1427086
233.1174962
228.542325
212.2613158
218.2417118
220.417755
210.3384394
216.8963535
214.9073558
212.1612405
203.5711414
193.3172895
205.3748805
211.6358448
215.3380373
218.8171451
225.7747649
222.6530691
222.2834456
220.2944479
225.8566718
223.7675988
223.6681191
223.0655821
224.7275478
229.6318359
227.1573536
225.3988867
225.284217
226.424659
228.6709933
227.8662207
232.2177116
235.7748543
235.9094795
232.6757946
235.218483
230.6525449
225.6195886
228.5744921
229.1266936
229.8176901
233.2568869
233.6166816
234.0738711
239.4693028
237.7462792
233.7352232
239.3763757
240.8551677
245.7421809
246.428114
248.1171835
243.6462574
243.9563123
245.7287779
242.6133368
242.7318785
240.6648459
236.5507361
237.3593807
235.5398559
235.4430568
240.565664
244.2070964
243.9324849
243.1327756
239.8097377
239.0788302
238.5590936
236.2785073
233.6431897
237.9080081
236.8021159
233.7346276
237.6042079
240.1894879
240.1894879
240.1894879
240.1894879
241.9670168
242.2568184
242.2568184
242.2568184
240.4638016
240.8119804
241.3436308
240.9582215
238.2701856
240.2755646
240.4063179
242.2416284
237.9470256
237.5502983
235.4493115
238.5724966
237.6104626
235.3542995
236.6534921
238.2949066
241.4574069
240.7708781
242.3667226
238.9754786
234.8950251
235.929435
236.0613796
234.9429779
232.7520425
232.021135
236.6120918
237.2226706
238.8125583
237.9333248
241.141693
244.0906397
243.8869148
242.4325459
237.1651869
235.879993
236.9370389
235.3819989
237.208672
236.2114926
240.3810012
241.6784067
241.5279958
244.7807426
243.4746997
243.7108894
244.6711363
247.9995354
246.6762175
245.2147004
247.0047387
248.9377418
249.8330588
251.5203412
251.7136415
251.142378
250.7105052
251.3380611
251.1072325
251.6618168
252.0883284
253.1400132
253.1400132
253.1400132
253.7836526
254.7224547
253.8917697
253.4777675
250.6476603
252.6515501
254.0240121
250.7721588
250.6032816
251.4905569
253.9733788
254.3558096
254.263776
253.8101606
254.1875281
253.8578156
254.1711467
250.9550346
248.6947017
250.0481017
249.7103474
249.7103474
249.3645513
251.0694064
250.1073725
246.6309453
250.9088689
251.1251031
248.8224764
250.081758
252.0460347
253.9581888
254.8642281
253.0450011
251.7455108
252.4466339
250.9782664
250.1443051
250.4632953
251.7130458
250.8990401
251.4315839
249.1891216
250.2116177
249.2576255
244.2502837
243.7615228
242.4274826
238.0822465
238.8045165
241.2200258
234.0062607
230.5804668
227.9275764
234.7213825
231.5100358
227.785803
220.5961632
221.0244619
213.9438327
220.7814217
215.152183
218.4347142
228.2084427
228.3925098
223.776832
217.8414103
223.1197896
229.8620688
229.0111304
227.766741
220.6182036
211.6879674
215.0884446
205.7543329
200.6552553
203.3462697
202.4634621
191.2788498
181.1209035
178.4352504
177.7034493
188.7099512
193.3464782
202.4661427
200.5995586
199.9166039
196.3618439
194.2135
187.3154488
197.6431658
194.9864035
202.3577277
204.9981087
202.0065704
204.9966195
203.5607168
209.5869807
208.6103524
213.5304262
207.647425
211.6224419
212.6586388
212.0957149
209.5199659
212.0313808
203.6277316
198.3585855
202.1748519
196.981358
190.2229953
191.8471349
191.8161592
197.2982633
194.553935
198.0598486
202.7118634
196.3579719
191.8626227
191.7661215
190.0559052
186.5887111
183.4086381
183.5727497
177.0702344
177.1554176
180.1424882
189.7792087
190.1750425
185.4226546
182.9651494
187.9188794
185.9173723
181.7964122
177.5792487
175.0258379
172.6648339
176.1948729
185.0580943
183.2659711
193.3959201
190.8574016
193.2282344
192.3037287
190.5422833
189.523957
185.2930927
190.2929885
191.9629959
190.4008078
184.6509425
189.7476374
192.1059607
189.9814444
194.8291422
195.1111998
194.1881834
190.0261209
187.9001153
185.9989814
188.4296807
187.4941548
191.8381996
195.0951163
195.0763521
193.8608536
195.0021891
198.7302939
199.6634371
199.2732623
197.239886
200.5548821
199.1800373
197.8719095
199.0748987
193.6306207
193.8939142
191.5719277
190.8675282
188.1934909
189.9734026
189.8903043
188.9276747
187.807486
191.2270251
189.807206
186.1020352
185.3035172
184.98274
183.32137
183.32137
183.32137
183.32137
177.4616006
179.6683217
179.6683217
179.6683217
179.6683217
189.7541899
190.4502497
189.417627
189.2106259
188.3147132
188.1750246
189.3663979
192.2807948
188.2810569
187.0929599
184.283106
181.4586579
180.4069731
175.6105043
175.788019
173.8955225
167.6274099
167.1124388
168.1548904
171.1336214
171.6289349
173.4794354
169.0147641
170.1343571
165.3611201
164.1587267
161.6452269
165.3429517
161.4039738
161.5561718
165.8883028
169.7805193
167.7998612
163.4474768
163.6270763
164.2135298
162.4398729
159.1969548
157.6425106
158.7299365
161.1677841
162.7141866
157.267228
154.1830605
154.0636253
151.0726827
145.4964601
145.0145496
143.3913036
147.7713874
156.2343074
160.6063494
162.084248
165.8838351
166.8309769
173.1958886
164.6799525
165.9621679
165.3188264
163.2687708
163.8433106
159.1487042
161.051923
166.2340989
168.3014294
170.6210331
174.4882307
173.4734785
173.8880764
170.0759798
172.8748135
174.5516713
178.7581125
176.7983035
175.5086419
175.5086419
175.5086419
175.8740957
178.0811146
175.4842188
173.9315616
177.0258558
175.2337325
176.5210114
176.5210114
175.5414047
177.9554248
180.1856755
179.6942341
175.5062592
175.0362624
173.866036
176.2020212
176.4843766
176.9335244
178.1895296
174.2243415
175.3680599
172.9662514
177.5342743
177.6543052
176.2136371
177.314466
181.1095855
181.1095855
179.698106
184.2545131
182.5853991
183.9036536
182.2711744
185.3261533
185.3261533
185.3863177
187.4009299
189.035494
185.8178926
189.9007288
191.8036498
193.3539242
190.6161485
191.2606814
186.9946716
187.0709195
187.1209571
187.7753189
187.8846274
186.6375574
182.4281379
185.8515489
187.2225217
187.3354043
191.257703
190.4776513
188.7173973
188.2363804
190.3093699
192.888693
191.8909179
191.1287368
189.8438407
190.0582879
188.910102
188.6575308
189.9126426
192.542599
191.5239749
193.774479
193.2851224
195.2934799
196.6319878
195.3572184
193.3208636
195.4712924
193.5677757
193.1308396
193.9412713
193.8450679
195.6220011
195.1094127
196.7398071
199.1490616
200.2209997
200.8580866
199.7122834
201.8612229
203.5154447
200.503653
199.9976173
200.9665016
201.6592851
198.7466753
202.391384
201.0415581
204.9340724
205.2015357
205.6155379
206.6130152
205.1372015
205.3421177
205.6176228
205.4856782
206.408099
207.902081
208.974317
209.8452108
208.5204038
203.5044245
201.720343
202.5364337
199.8921807
198.8098181
197.6803963
195.4835039
196.1080814
196.7398071
201.5103635
199.9663437
198.6227725
199.4778807
202.119453
201.5788674
204.2234182
203.516636
203.8383068
203.9467218
203.4192413
204.1039831
203.8016721
200.7815409
198.7326767
198.7582912
200.0762479
201.1061901
200.8542146
202.5736641
202.0563103
206.1358702
203.5991386
201.6813255
202.9397135
205.4630421
203.1785839
203.9214051
204.316941
206.4697525
208.0837655
204.4637778
203.5729284
201.421904
201.5878027
201.8424588
205.55448
205.7656509
205.2873146
206.1707178
206.0438366
208.2931493
208.4102017
210.7435063
210.274403
207.9175689
207.6885274
208.8510098
207.0910537
209.3314311
209.1905512
210.3089529
208.7509345
207.7969423
210.0763372
210.0048548
209.0073776
210.1448412
210.1448412
210.1448412
210.1448412
211.1310004
212.7447155
212.7447155
212.7447155
212.7447155
216.3069216
216.8638886
216.3560657
217.1685823
215.9405743
213.3407
215.1640968
217.6490036
217.8294966
220.408224
220.5544651
219.3026297
220.0865533
221.5552187
223.2016965
222.7632712
224.369838
224.8359628
223.5218781
222.4767459
224.5211424
222.5571636
224.0240419
223.2582867
225.2484758
227.5636119
228.0187165
228.0979428
226.7430535
226.7740293
227.1368024
227.5978639
226.059801
227.6940673
227.0572782
227.9648068
224.9830974
225.3595713
224.8585989
224.8967228
226.1977024
228.7829824
227.8879633
230.2367557
228.8324244
228.5065838
227.5263815
228.2793294
221.8885053
221.7416686
218.6664363
219.6132802
221.1903606
218.1178089
218.6756695
212.8159001
214.3074994
214.1442813
217.3666481
217.1864529
219.3946632
218.8674806
218.7382166
222.54108
225.1692495
226.3406672
224.5628405
224.7847337
226.0270382
226.0270382
226.0270382
226.0472916
224.3757949
225.4349257
224.8999991
225.5984417
227.0855734
225.7420022
225.782211
226.8973364
229.2842527
228.8440403
225.8819885
225.4882397
225.1451242
226.7799861
227.1650975
229.6089019
227.453112
227.2160287
220.0436638
223.0238841
220.0141773
222.7200839
221.6475501
218.7268985
219.8998055
222.575332
222.575332
220.0877446
221.4941608
220.1863308
221.2004873
222.4889575
219.4393397
219.4393397
217.9283806
219.4592952
220.6855162
221.7282656
223.9052024
223.5433228
222.9083208
221.5733871
221.9358624
219.8167072
221.2493336
222.710255
222.4740653
222.048745
222.8973006
220.7424043
220.5526781
221.2874575
221.5063724
222.4934251
221.8012372
219.1459641
219.5796239
218.8278674
218.1023211
216.5991059
216.3265792
217.6930844
216.5317933
215.9926969
215.8792186
216.4293352
213.7207481
213.2129252
211.9634725
214.494545
216.9139263
213.525065
213.8020593
212.3643696
214.5850894
215.091423
216.528517
216.2238233
215.962019
217.9974802
215.2936586
215.1492046
210.8090318
209.0440123
210.0537011
209.5253271
209.0178021
207.3004375
209.0210784
209.945584
207.9071444
209.0192913
208.715789
210.705978
210.259213
210.0968884
212.2270638
213.4151608
212.9049552
211.7487275
213.528937
212.7688408
214.717034
216.2056549
216.8841419
216.7188389
215.4854697
216.0906873
217.5858608
216.308113
216.2062505
215.8083319
216.5314954
216.7924062
218.8105925
217.5572678
215.1453326
214.4713132
212.8030928
214.8874003
216.1928476
213.6867939
216.1002183
218.923773
218.6551183
218.51126
216.2530119
215.0658085
213.903326
212.7536508
213.3734628
211.0282445
209.4991169
209.556005
211.5959338
210.0099182
210.8691962
210.597563
207.4737823
208.2720024
209.9625611
211.4365877
209.4574188
211.7082208
214.1821074
216.3200267
216.7950868
219.3538587
218.7358338
217.5712665
219.0336771
220.5616134
222.1050374
221.594534
220.7909527
221.9215659
221.6404019
219.0709076
217.399113
216.0379691
215.152183
216.8382741
216.9338818
215.8145866
212.9639282
215.4804064
217.7410371
217.1921119
215.7925462
217.2567439
217.4271103
217.0747617
218.0144573
219.6767209
220.7489568
220.1759063
220.611651
218.8653957
220.7766562
220.391247
222.2822542
222.5872458
222.5872458
222.2051128
222.2322165
222.5211245
222.5282728
222.5282728
225.4858569
225.6892839
223.6910531
224.2632101
223.9403479
223.8218063
223.0319258
221.3285599
222.0681049
223.7932133
224.9253158
224.1125014
224.6104954
223.7652161
224.130372
224.5896464
225.1713344
225.3223409
225.4873461
224.5890507
225.392632
226.3951726
226.3046282
227.1645018
228.2706919
229.3619898
229.8114354
229.2288539
229.6744275
231.3524767
231.3587314
231.4841235
229.6458345
230.1286385
230.9203061
231.9073588
231.2979714
229.4590868
230.2254376
232.1938841
232.0264961
233.7084173
235.1517661
234.5102116
234.984676
235.2128239
233.8784859
233.3867466
232.5977596
233.5630698
233.2050621
235.1106637
232.60461
231.9928398
230.7356432
231.1168827
231.3727301
231.6369171
232.002073
232.002073
232.002073
232.9146649
231.952631
231.8278346
232.5998445
230.7490462
232.4416897
234.5346347
235.389445
235.203293
235.0933888
234.1465449
235.081475
235.7263058
235.1580208
231.4409362
233.4192115
231.0319973
230.5387688
230.9214974
230.3966975
230.9673653
228.089901
228.4505893
229.2032393
231.3316277
231.5886665
234.1807969
234.1807969
235.2152067
234.3163156
231.0486765
231.2133839
232.239752
232.0744489
232.0744489
232.1527817
234.0765517
234.9423822
235.0957715
235.7557923
237.3766556
237.9818733
239.6521786
240.4185294
240.4009567
239.1729487
242.3890608
243.0883969
242.4587561
241.6298582
243.57686
243.5959219
243.8803623
243.736504
244.740236
244.8307803
244.3241488
244.3533375
244.5487227
243.5720945
245.7162685
245.5047997
245.0041251
243.131882
241.9011935
242.6505672
244.6702428
244.4155867
245.3895344
245.7082267
245.7109073
246.7524654
244.4432862
246.9162792
248.7250817
247.6579091
250.2682079
252.3528133
252.7060555
252.7730702
253.4381543
254.4835844
253.8247549
253.9915472
254.4156761
255.1105445
256.7477893
258.7540618
258.4222644
258.7817613
261.1558703
260.6087322
259.0456504
258.7183206
259.7512413
259.8992694
261.8030839
261.4161854
260.2006868
259.7375405
259.8465511
259.6112549
258.2426649
259.8319568
259.3652363
257.1060948
255.9728009
253.944488
252.4210194
253.1632449
253.427432
255.1587952
256.5726574
255.6192609
256.1249989
258.804993
261.7024128
261.5713618
262.4502974
263.4257343
262.1709204
263.6401814
264.4062345
266.6567386
266.3615758
267.5389505
264.6585077
263.6377987
265.4880014
268.1191492
268.0917477
270.1167844
268.4664345
270.1141038
274.2618698
275.6402887
274.8784055
271.5479215
271.7698148
271.8713793
272.463194
270.5852919
268.4286084
268.509324
269.0904163
271.2819474
266.2826474
268.7568318
267.4230894
269.7751581
270.8271407
272.0795718
269.9887117
268.2302448
274.5055056
277.0154313
277.757359
281.5545634
281.3225435
283.1518971
283.2361868
282.600887
282.8409487
286.9380814
285.61387
285.9799194
283.8333626
286.1800701
289.9751897
290.7853235
291.3848821
292.4964333
291.8006713
292.7844478
289.9927624
290.5586647
289.2433886
294.1670365
296.236154
296.1238671
297.0686261
296.245685
295.207701
295.4310835
295.4680161
295.8832097
293.5680736
291.3273983
292.6328456
294.1878855
293.6359819
294.9107513
293.6401517
292.9521336
292.9521336
294.8931785
295.3205837
297.6556753
296.2433022
296.2433022
298.1363944
301.9666594
301.1380593
301.764126
301.5746976
299.6637349
303.1476082
304.948071
305.0934186
306.3559764
304.444418
302.1411956
303.8168621
300.965608
301.0957656
300.6198119
300.0944163
302.8208741
304.0348834
304.5328774
305.3695193
306.2639428
304.4423331
306.4968563
306.5844222
306.4792835
306.2133094
307.9297805
307.5482432
308.5382744
308.2833205
304.799745
308.8367134
309.1485553
310.5564607
312.6386833
314.1633432
311.9059887
310.8164779
312.3646674
308.5034267
311.8684605
309.7877271
309.5554093
309.597703
307.5005882
306.1507623
307.189342
311.4440338
313.9768933
313.7901456
312.9100186
313.0181357
314.1433877
314.6911216
314.5746649
314.922248
313.3764412
314.1856815
311.6251225
311.4523734
311.8050199
313.8461401
313.5634868
315.5983523
314.5764519
316.0999205
316.5460898
316.7003726
316.8266582
313.7395122
311.6846912
312.888276
312.888276
312.888276
311.1819316
314.6672941
314.9359488
316.4171236
315.8956
314.5005019
315.7648467
316.1472776
314.9901563
314.9901563
316.007589
311.8925858
312.0093404
315.5632068
317.3568193
318.1544437
317.6892124
317.1793047
311.4038249
307.522033
308.6809413
299.7426634
297.2217175
297.6598451
290.3534507
295.8721895
292.5777446
292.5777446
300.2341048
300.6644884
294.6971976
297.47548
298.03066
300.0688018
300.0688018
293.4834861
295.4656333
287.3809744
290.8833139
286.896979
279.9229777
280.6288664
286.6455992
285.7666636
288.2995232
289.4676646
290.5285825
292.8782685
293.0125958
292.2113973
290.0630534
290.9294796
295.0495462
299.403122
302.0009114
302.2034449
299.5937417
301.2542182
299.3763161
301.2780457
300.0276994
301.3385079
296.7088314
293.5391828
293.1064164
291.4066246
297.0534361
299.5094521
297.891865
304.0238632
304.1343631
305.2307243
306.995446
310.2377683
310.2309179
310.2309179
308.6541354
305.0284887
308.0635121
304.2326514
304.3380879
307.8177914
306.2874724
306.8462265
309.2968813
314.3509845
315.8005879
316.7641111
315.6323065
314.5871743
315.6060963
315.5185303
316.2178664
316.3894242
317.0637414
318.8618216
319.6380012
318.9481961
319.8744888
321.4015315
321.3595356
319.4718047
317.5793082
319.1525166
316.1821252
320.0234105
320.9723393
319.7437356
321.5346675
322.6030314
321.6442738
325.8149738
327.1853509
324.092248
323.1045996
327.3604827
328.4619073
328.6700998
328.9470941
327.2428346
327.5555701
329.8278168
332.2745996
332.7523403
333.8951651
337.0234135
337.4138861
338.818813
337.9354097
337.199141
333.5520496
336.7675661
336.8283261
337.6771795
339.7674439
338.4494873
339.2855335
339.0961051
339.9804019
338.3193297
335.0216085
336.6957858
338.0864163
340.1275365
343.9715024
345.4103834
343.2257027
343.0261477
342.016161
342.6133368
342.126363
344.4212458
344.4099277
342.8018716
343.2924196
343.8178152
344.0566855
342.9740251
338.8030273
333.992262
331.842429
336.163242
332.9986567
330.5313227
332.91258
331.8620866
334.2245798
336.5885622
335.3033683
337.4073335
340.2990943
340.7437743
344.493026
344.9799998
346.4710035
344.2118619
344.5469356
344.8563948
342.9469213
342.9469213
342.9469213
346.7125544
345.9581173
345.3475385
345.3475385
345.3475385
350.6801252
350.6878691
349.6245685
347.6558242
348.7432501
348.2196416
353.0259392
354.9297537
357.8542772
356.9407917
358.0594912
358.012432
360.0696358
358.1842876
358.1631407
360.0207895
359.2922647
355.6287919
358.3597173
359.8376158
359.6189988
362.7758401
364.3844919
364.3159879
364.5158408
365.3724382
362.7862647
365.1529277
363.8331839
362.9485893
365.3593331
365.859412
367.0308298
367.3179507
366.0991759
361.8778425
363.4817288
363.5112153
361.9481336
349.5060269
345.0675658
344.7018142
345.492886
340.613319
344.3902701
348.5204633
351.8801359
350.9148257
349.6186116
346.755146
336.8858099
341.9872702
342.4659044
347.2829243
348.7912029
351.3455072
356.4886656
356.9866596
353.8554328
352.2738848
348.599094
352.5803656
352.6092564
351.9945078
355.7830748
355.8691515
357.5522641
357.5522641
357.5522641
359.4480368
358.9923365
357.7863689
360.5819263
364.0324411
362.5000372
364.6349781
363.3682505
369.2718029
370.7595302
368.9280917
370.6138849
372.6975967
370.1671199
370.6835802
370.6835802
371.2298248
369.205086
371.676292
371.6703351
368.5736581
370.5748674
368.3595088
369.9091876
369.0323368
369.1234769
367.6682145
367.6682145
370.0193896
369.5059077
367.9565268
370.9391298
367.6720864
368.5483415
368.5483415
369.2292113
368.5825934
371.159236
374.33365
372.6383259
369.5574346
364.4247007
359.4614397
359.3211555
362.1527519
360.6721728
359.1665748
364.9676691
368.9516213
367.9684405
366.769919
367.4490018
362.8416635
360.5303994
359.4230179
356.7010279
354.8633346
359.2580127
361.8668223
361.3706154
363.2327318
365.5124245
362.8461312
364.5545604
365.8877071
364.1066041
362.7853711
364.0806917
364.5223933
365.8990252
362.9241661
357.4084057
361.7783629
358.4201795
358.8249485
356.1416781
351.2144561
342.5326213
342.470372
342.4557777
349.446756
349.446756
345.4133618
341.4490673
339.987848
344.1275722
352.5961513
346.5335506
337.0103084
341.7189133
336.3139507
340.5099673
330.971833
335.4376956
337.4707741
337.6170152
342.1117687
343.0142339
344.6219922
347.4202301
342.3929328
342.9099888
344.8805202
348.969611
348.9243389
352.3230289
347.456567
346.8552213
340.831936
338.1969161
342.1153428
344.6776889
348.1609664
344.0793216
340.4754175
343.9190819
352.7403074
348.4200901
348.4939553
349.034243
346.1290793
347.0803909
348.1386282
350.0463146
353.5191677
355.7383983
356.4359473
355.0882063
356.2289462
357.0858414
358.6641132
360.3001665
361.4808174
360.6459626
359.9880267
355.5445023
356.1378061
354.904437
351.2853428
347.6430169
349.9060304
347.9325206
350.4612104
351.8524365
353.541506
350.7286737
353.9778464
348.9880773
344.2565384
341.7865238
344.2601125
341.7701424
338.1638555
330.7990838
331.7792862
334.0878697
339.1354204
337.4946016
332.9343226
324.6197285
326.9563094
318.5070902
322.2402583
327.4563883
327.0295788
329.4200693
338.1713016
341.2647023
345.2692057
340.6335723
338.1197747
342.578787
342.0706663
344.4429883
347.7776421
346.7101716
346.7122566
339.0460674
339.8332673
334.5522075
331.6169616
328.979559
329.1892407
331.8698306
331.8698306
331.8698306
331.8698306
333.92763
332.7023026
332.7023026
332.7023026
332.7023026
326.329647
318.9365802
317.7088701
325.2523477
325.6425225
323.841464
318.8543755
320.216413
311.5771697
306.5129398
304.2692861
300.5048444
285.0363518
293.1910039
288.2060004
301.264047
301.4764093
297.2985611
302.3979365
301.0272616
300.8053683
306.3413821
304.1698064
294.8535653
296.6156064
290.9717734
292.023756
288.2289343
295.848362
295.6592315
294.669796
288.6759971
293.6892958
292.7752147
289.7366172
293.6196005
292.3040265
298.5545664
303.609861
305.090738
300.439021
295.3727062
290.3582162
285.4512475
288.1449425
285.7112647
281.7699041
277.0773827
280.5541077
284.5615895
284.4588336
279.8315398
265.9454887
275.1083405
277.0407479
274.5233762
274.5233762
274.5233762
283.3192851
281.4107051
284.6327741
283.6043211
283.0256115
293.4301721
297.3992322
294.2817062
296.5542507
299.2941113
296.4538775
290.2060182
286.7974993
284.5964372
279.9753981
281.7541184
284.3983714
281.5929852
290.8139164
289.6276065
287.4509675
287.4217789
292.1836978
294.3484231
297.1746583
293.8319628
296.2349626
296.2349626
301.3188502
301.3018731
296.8023542
300.5295654
298.4220261
294.570912
294.570912
298.0568702
298.8065418
302.1909354
301.1901819
305.788287
299.7816808
297.7307318
297.8513583
293.3685186
289.6070553
291.5719277
293.8986797
296.4702589
295.4480606
296.9024295
298.2138336
295.5648152
297.6765243
290.7034166
288.2289343
286.3992828
281.9608217
284.0326198
285.4607785
284.709022
285.3848285
282.5302981
281.5346079
277.677537
275.938132
275.6233116
277.8985367
272.6231359
269.1991291
272.5176993
268.0366466
267.385859
267.3423739
264.7314794
266.420251
264.9870289
270.2969796
265.3769058
259.0956881
260.694511
256.0865771
256.9655127
263.3685483
266.6239758
268.108129
270.3023408
275.7129624
275.3123632
273.7713219
272.2704894
273.2450327
277.7400841
278.8897593
278.8897593
276.3244348
280.641078
281.8211332
280.9901503
283.9912196
287.0250516
285.7172216
281.5390756
282.0969361
283.2945641
283.0816061
278.5630251
277.907472
274.1391584
278.0167805
276.7774545
278.1543841
277.7460409
281.8244095
283.7666457
283.30618
286.2712102
284.6420072
277.9542334
273.6825646
281.5357993
281.8413865
279.0815703
277.185202
282.6455635
271.9756245
264.382407
261.2714335
260.0922719
275.8520553
270.6147784
267.0373823
265.9011101
271.8710815
266.7690255
254.1377883
260.1628607
262.5786679
262.2972059
267.6673209
251.3300193
249.8086357
236.3068024
226.0079762
208.901941
232.0446646
243.7394824
229.9463584
222.3078687
236.0506572
240.6323809
239.5074267
229.4849991
228.0928795
219.7711372
212.6071119
213.9390672
227.4355393
226.249825
237.7760635
240.8849521
247.7946192
239.4076492
229.3533524
232.5620184
235.8141696
227.5606335
220.4156701
221.5853008
225.2463909
218.1535501
218.9231773
212.9788204
204.5072629
198.7737791
211.1295112
212.0236368
212.6881253
218.2238412
224.7868186
213.5774854
214.0576089
216.2589688
218.0248818
213.241816
224.2268732
225.3405094
222.027896
221.0727125
217.5560765
213.5631889
215.1486089
214.5666231
213.4690705
211.4806685
209.8419346
209.0276309
209.0276309
209.0276309
209.0276309
211.4669677
214.0358663
214.0358663
214.0358663
214.0358663
222.9133842
224.736781
223.1617855
222.421347
220.3328697
216.3557679
214.0239526
208.0021564
208.1728206
210.1013561
207.9920297
205.4657227
204.9468796
205.9875442
205.0046612
209.1211537
206.8244839
209.9238415
204.5799367
205.0407003
200.2484013
202.1188574
202.7431369
198.3445868
199.2497327
200.4437865
199.8171242
199.085621
198.3165896
199.2649227
197.2422687
191.86024
192.217652
193.721165
188.2908857
186.1717305
183.4184669
182.553232
185.1453624
182.4704316
172.6853851
169.7310773
173.9622394
170.8807525
167.9469958
167.8618126
175.981915
178.4650347
180.8626734
183.8789326
187.4604985
187.2055447
186.0698681
186.6458971
186.5633945
191.9147453
191.550483
193.4769335
193.1513908
189.7762303
184.9055986
191.6505583
194.9858078
201.3376143
196.5578248
195.2157428
194.0064989
194.8613093
197.8439122
197.8439122
197.8439122
199.0302222
197.6065311
201.2059676
202.4810348
197.7500916
198.2099617
197.9153946
196.2915529
199.8323142
202.1414934
199.6300786
201.3328488
204.145979
204.145979
207.8788493
206.6639464
207.9863707
208.1564392
210.8030749
209.4231668
208.805142
206.1546343
209.1634475
209.0070797
212.2455301
214.8269381
215.2037099
215.2037099
211.2188642
212.7670538
211.9923633
211.6954135
209.0347792
209.0460972
209.0460972
212.5180568
210.7446976
212.1713671
211.3794018
210.9600384
210.8989805
212.7560336
214.4552297
215.6537512
210.9788025
209.9333725
206.8483114
209.5619618
211.3475325
206.9689379
207.3740048
212.146944
209.1613626
209.774622
212.4522334
211.1482753
213.5980366
209.1839987
208.518021
209.0186956
208.2088596
206.5903791
207.2146587
204.7062222
207.6247889
209.6024685
213.6781565
215.9390851
218.0117767
219.2591445
219.714547
219.7586278
224.5303756
224.2432546
225.46471
224.9938198
225.9284521
231.4043015
232.1789919
232.9807861
231.8719155
230.8270811
232.9697659
235.2723926
234.5673975
232.3752707
232.8676057
233.7986639
233.9038026
229.8489637
232.5155549
233.6154902
235.7444743
239.9461499
242.1034291
242.2362672
241.2420662
240.997239
242.6979243
242.8379107
239.3873959
237.6524585
237.1833553
239.0267076
241.5625456
242.0495194
242.4644152
242.7732787
243.8154325
243.6021766
243.145285
246.3908836
247.1384703
247.542048
246.7003428
247.9435408
248.3903058
245.3460493
243.7650969
245.7618385
246.8263305
247.0610311
244.3411259
240.0837535
240.68361
245.1173056
244.6038237
246.4227528
246.0167924
249.2311175
247.0357144
250.2542093
249.2504773
247.9256702
251.3309129
250.8948702
251.1018713
249.9116895
248.8397514
245.9336941
248.258659
244.5153642
247.4795009
245.0246763
245.1914686
242.2413305
244.6767953
245.4193187
245.7740501
249.4086321
248.8272419
249.1837604
248.5291008
248.3777964
251.1230182
249.3133222
249.0440719
245.7246081
245.2575898
250.2050651
249.5754244
250.4898033
244.9919136
247.1375768
244.2526664
248.4585119
249.062836
251.2570477
253.5373361
252.4451447
249.7219633
247.8002782
250.0218915
250.1261366
251.0214537
251.3842268
254.9398803
253.1158879
252.1493863
253.7392739
256.755831
256.7477893
256.7477893
256.7477893
257.2308911
257.9320143
255.5445023
255.5445023
255.5445023
259.1710425
257.6052802
256.8630546
256.7760844
259.1400668
258.2104978
256.2682615
256.6769025
259.5519841
257.6633596
258.7376805
259.9290537
258.1214426
257.6225551
254.1756144
252.5449222
253.6969802
253.1757544
251.9489377
251.8694136
253.9829098
256.1071283
256.1369126
249.8941167
244.6723277
247.7380289
246.6821744
247.4249956
249.9042434
250.2038738
251.2424534
253.2811909
255.9474843
258.5875674
261.2190131
260.464576
258.9699982
260.3674791
258.5935243
261.1639121
264.2287198
265.7042356
265.7227019
265.5055741
267.231874
267.3075262
267.7977763
268.0845994
267.2530209
266.7344757
266.2364816
268.3005358
269.1219877
269.1532612
268.5483415
267.9904809
268.4155033
268.4327783
269.2226587
267.3533941
267.7956914
268.5408954
268.6668831
269.3483486
269.3483486
269.3483486
269.3936208
267.7271874
265.7069162
269.634576
270.4950454
269.5526691
270.8989209
272.801544
269.9356956
266.4571835
267.9478893
266.9456466
263.3745052
265.4224759
266.7180943
261.3381505
257.4733356
261.0048638
259.1519805
258.8863043
253.9224476
252.1741073
249.7693204
242.6258462
253.6296676
254.6018282
257.3253074
257.3253074
251.4533265
251.3645692
253.060489
249.1700596
244.6875177
242.7982975
242.7982975
238.0971386
241.1938156
246.9046633
247.386276
247.0413734
247.1384703
249.1227025
251.1793106
246.5585694
246.0906575
244.3655491
247.4029552
249.7389403
251.3824398
253.3297394
253.7958641
253.9602737
253.4765761
252.3677054
255.1650499
252.9988354
249.7630656
247.4386964
245.8371929
247.3746601
240.8057257
240.4078071
234.7809511
234.3967333
233.3727479
237.9380903
239.3835239
241.7504847
243.609027
244.5156621
247.3204526
248.4608947
247.0809866
242.8158703
242.0042472
240.643699
241.3579272
243.8687464
244.0831936
244.4123105
247.1754029
247.1831468
245.3112016
244.4712834
249.0735584
249.5810834
250.7998582
250.2530179
248.2747426
250.901125
250.8076022
245.7353305
246.1168678
246.7256595
246.5296786
249.3874852
249.7574066
246.7941635
243.2051515
244.1168499
241.4529393
239.5598471
240.9641784
242.9409645
243.552139
242.8420805
248.6535993
248.6979779
251.2707485
251.8884755
249.6969444
250.6381293
251.931365
253.0330874
253.3878188
253.2052409
251.9501291
251.3434223
250.0278484
252.9818584
251.4899612
248.8719184
247.0875391
249.4077386
248.3375875
248.1737737
247.3630442
246.7357862
246.3077853
245.0169324
247.4833729
249.1143629
250.1395396
249.6436305
250.665233
250.0528672
252.9839433
252.4645045
252.478801
253.4837244
253.4893834
253.8313075
255.3455429
254.0639231
255.5915615
253.9891645
254.0353302
254.4189524
254.0537965
255.4491924
256.9068376
255.8637903
259.3568967
259.1150479
259.4155718
258.774613
256.9619386
255.8843415
255.5719038
257.6856979
254.4993701
255.2240229
259.540666
258.9187692
256.7739995
251.3675476
253.5286987
255.5900723
254.8946081
251.6192252
248.1752629
252.001656
255.1346699
253.6368158
252.5455179
254.5482164
256.3683369
257.252038
256.5643178
256.6849443
257.5031199
257.6591898
257.9046127
256.8011032
256.3066833
257.8262799
257.5912815
259.257417
259.257417
258.0422163
258.0475775
258.0639589
253.0902733
253.0902733
255.3410753
255.4048137
255.9293158
256.3043006
254.8993736
252.9243746
256.5133866
259.6973316
257.5880053
257.3720688
257.938269
260.0020253
257.1871081
255.2943139
257.2821202
258.6754312
257.9144415
258.514298
257.6133219
256.2563478
254.3182813
257.4113842
257.2511445
256.9604494
258.4973209
259.7247332
260.7588452
260.4481946
259.5719396
261.5740424
261.7953399
262.7031664
263.5657206
263.2333275
263.5794214
262.1173086
259.9314365
259.5397725
255.706529
256.7013257
259.5356027
259.8036617
258.7585295
259.2440141
256.8103364
255.5727974
256.2780903
253.9429987
252.0805845
249.9381975
246.9561902
240.0188237
236.6007738
238.5897715
239.7346812
244.6547549
244.7500648
245.9831361
248.4275362
249.7323878
250.1219668
250.1169035
251.7115566
250.1469857
253.2874456
252.4478253
252.8948881
253.4214751
254.208675
254.0654123
253.3261652
249.9173485
250.429639
250.0349966
251.5885473
245.7296714
248.6300697
253.1843918
253.8923654
253.8923654
253.8923654
254.7710032
254.573533
256.1363169
257.0608226
257.2990972
255.9075733
254.2861142
253.3464186
256.3754851
254.4347381
256.2646874
257.6851022
257.5302237
257.4253828
257.3160743
254.6551421
256.1529962
257.044739
256.0603669
252.2536315
252.8683801
253.0834229
253.3255696
254.0943032
253.364587
256.5789121
254.4451626
254.4451626
251.0768525
249.5632128
247.9676661
245.0559499
245.6376379
242.7563016
242.7563016
244.8980929
242.6094649
240.8781017
240.554346
239.1672897
241.5148907
239.4639416
234.642454
234.855412
234.4744704
234.9939091
238.8125583
242.2017174
244.2163296
244.6922832
244.4394142
241.877366
243.0985236
240.8810801
236.7559502
235.364724
235.8397841
234.0163873
232.1792898
227.6568368
230.2596896
233.0364828
236.0536356
235.8394863
235.1133443
234.0905503
230.6876904
229.3896893
226.1050732
226.1050732
216.7807903
214.2324429
206.2147986
202.0330785
194.0181148
195.270546
187.1957158
196.3359315
204.8694404
207.827918
209.2867546
211.0407539
202.222209
198.4035598
200.2939714
203.6727059
207.656956
206.6008036
207.482122
212.5168654
212.6482143
215.9542751
215.8026728
209.1994865
200.6677647
209.2435673
214.5940247
215.5512931
211.6382276
206.6999854
208.8670934
211.3248964
212.1055438
212.9573756
209.3379837
213.5039181
213.6075676
206.1346788
206.5492767
210.5770119
217.155775
216.5291127
218.6997948
215.4452609
214.0319943
211.9158176
214.2803957
219.6290659
220.1285492
222.6777901
223.1105565
225.1516767
222.5226138
224.3373731
222.8177765
221.2672042
222.0615523
220.2947457
224.1729636
225.7807218
222.9550822
222.7075745
227.736361
228.6846941
223.9412415
218.2277131
219.1414964
221.6392105
221.2261018
220.6724111
222.1145684
219.0908631
217.4631493
220.8597545
221.2359306
221.1745749
221.8438288
220.2861083
219.0610787
213.779721
212.6401725
210.1195245
209.1616604
210.5135712
215.6695369
216.0820499
220.9565536
221.8736132
223.4149523
224.3835388
225.259496
225.198736
223.8212106
225.9239844
223.9522617
224.3886021
222.4835963
224.8026043
223.0104811
224.1175647
225.736641
225.7637447
227.0030708
229.2002609
229.2002609
228.9974296
229.2580425
229.3539481
230.9066053
230.9066053
235.4478223
235.6202736
234.0834021
233.5252437
232.6638808
235.1621906
233.473419
234.0586811
233.2982871
234.6114783
235.6324852
237.999446
241.0871877
238.4697406
238.7839653
238.9370568
236.6317495
237.8049543
235.3340462
232.6707312
232.8524157
236.7321227
236.5513318
240.0098884
239.7180019
240.1483855
240.1007306
240.6127233
239.0722776
240.8453389
240.4087006
241.8145211
242.4319502
243.2906325
243.7615228
243.4026216
241.5890537
241.8603889
241.4139218
239.9738494
239.2706413
238.7753279
239.4284982
240.2097413
240.2326752
235.9618999
238.1987032
240.3050511
241.702532
241.6560684
244.4239263
245.8663815
247.1033248
247.4479295
246.9168749
245.6400206
245.3338377
243.5152064
243.2870584
245.0976479
244.6160353
243.8610025
240.9993239
243.4017281
245.8118762
244.3634642
240.5579201
240.4819701
240.4819701
240.4819701
236.3112701
236.3079938
239.039217
236.8902775
238.6302782
241.7132543
240.6478688
241.7796734
242.9600264
238.1290079
238.6508293
239.968786
238.9453964
238.8703399
238.0316131
238.0316131
238.4554441
238.0310174
236.1998767
235.7090309
233.0984342
231.4183001
231.1240309
232.197756
229.0284053
228.5396444
228.7975767
228.7975767
225.7929334
226.4729097
230.0952801
226.4184043
227.7444028
228.1935505
228.1935505
230.2013123
229.4802336
227.4742589
224.6063256
222.1270778
222.1678824
226.4234677
228.38834
228.2471623
228.3740436
230.0282653
231.0084677
229.5773305
229.7670567
230.7335583
234.3571201
233.8677635
233.5359661
232.5018541
230.7219424
231.1136064
232.6811558
232.1891186
235.5204961
237.1675696
240.5174134
240.833723
240.8283618
239.9941027
239.0514286
240.3789163
239.6500937
238.4730169
239.8261191
240.3172627
240.6910561
243.111033
245.3957891
243.7549703
239.4761532
239.3379539
239.6554549
243.4443197
246.6336259
248.2068343
248.0486795
248.0486795
248.0841229
250.3435623
250.5705189
250.395387
250.3813884
252.195552
251.3124466
250.5586051
252.0677772
252.1434294
252.444549
252.8814852
252.0951788
252.552964
250.9046991
250.0945653
250.8198137
251.4524329
248.8460061
248.9308914
247.2823287
247.730285
249.6719256
246.8477753
249.1280637
253.1718824
253.7610165
252.6884827
252.5502834
252.2461854
253.1248232
255.1623693
254.8240193
254.0383086
255.2040673
254.5544711
256.3620822
255.8176246
256.4970052
253.6046487
253.8575177
251.9629364
256.3570188
256.5419795
256.128573
257.1141365
258.7766979
257.9466086
257.6463825
256.8684158
257.9218876
257.9847326
259.7905566
262.5229712
263.0975109
262.8610233
261.8132105
261.4888592
256.9175599
256.9827876
256.328128
256.229244
256.2161389
257.5460093
256.2149476
258.7299365
260.323994
260.4568321
262.0258707
260.0881021
260.5896702
260.54827
259.8233193
260.8496874
259.1519805
255.2996751
252.7784314
257.9275466
257.3276902
258.2641096
259.614829
261.0277977
259.6988208
260.7740352
262.3648164
265.0048995
264.9346085
265.5669299
266.0562864
266.0827945
268.4226516
268.9233262
269.5711354
270.6558808
270.1263154
268.514983
268.0163933
267.8025418
268.4682216
269.7781365
268.629057
267.6554072
267.6554072
267.6554072
267.6554072
266.6609084
265.1392269
265.1392269
265.1392269
265.1392269
272.8051181
274.3482444
274.0039375
274.9159337
277.8958561
277.5980128
279.2090473
279.8041382
282.4224788
283.5289668
288.2879073
286.0237024
284.7513157
283.0783298
286.5622031
289.1287189
289.278832
290.0955184
289.0089859
286.3614567
286.4969754
287.9963187
285.7270504
287.3791873
288.3677293
284.7748453
287.1361472
287.5692113
288.3167981
290.5345394
290.5101162
291.1957516
291.0438515
294.1268276
295.7792624
291.3104212
293.1695592
294.5789538
289.3792052
290.8758678
294.9607889
295.0712888
294.6027813
299.5338752
298.7124233
299.1618689
300.4863781
300.9316539
302.5274984
301.6929414
304.2460543
304.9778553
303.6521547
301.9657659
304.1278105
300.7988158
299.9627696
300.5492231
302.0679261
301.3483367
302.7589226
302.7589226
302.7589226
306.0024364
305.0451679
300.7139304
295.9791152
297.6812898
296.1983279
300.9501202
302.6141708
300.5096099
300.0035741
298.6436215
291.6827254
293.2252559
294.8062082
294.3835686
301.7712742
304.0911758
305.6521726
303.9791867
305.7400364
305.9893313
305.9893313
305.8573867
307.3320089
306.9019232
308.8075247
313.1226787
313.1226787
316.2181643
315.0798071
316.5362609
321.0816478
319.0691205
319.9504389
319.9504389
321.3523874
324.664405
315.6239669
315.7559114
315.5429535
317.9706743
310.6496856
310.3387372
307.6429573
301.3662073
304.9721963
300.1081171
295.3059893
301.4886209
301.8156529
297.2669897
296.6570066
295.4969069
295.8698067
299.4162271
298.4890409
299.7536836
290.6986511
287.7854456
281.1077984
286.9008509
292.7338144
297.1734669
297.5034773
299.9469839
299.6860731
297.6223168
303.5279541
301.6363512
304.856931
307.999178
308.936193
309.5268163
309.3704486
310.0283845
307.4011086
307.2920979
307.5425841
307.5217351
307.4139158
306.0307315
306.9510673
304.8110631
302.2388882
302.9778375
303.0725517
303.4082211
303.4082211
308.8626257
309.6179564
310.3321847
309.4598016
308.7908455
309.6956935
310.6336021
311.6840955
313.2727917
309.6310615
308.8474357
308.025686
307.6652956
305.7316968
309.6697811
310.3983059
310.9689737
305.6304301
301.3569742
301.0236875
300.4003014
305.8457708
304.8858218
305.459468
307.4243404
308.2076683
307.7757955
311.7109014
312.0986934
311.367488
311.6474607
311.536663
310.9883335
312.3724114
313.952768
314.2369105
312.4513398
312.1442634
312.3208845
312.4823156
312.3012268
311.0857282
312.4647428
308.9960595
308.2225604
308.2562167
306.1787596
303.9687622
301.2399217
304.9993001
308.1623961
307.8612765
309.8854197
309.7865357
311.7201345
313.943237
315.4997662
318.7209417
318.6572032
319.3073952
319.8354714
321.3124764
319.2960771
319.1450705
319.5048653
318.95594
317.7216773
316.2169729
319.0619723
319.3056081
319.6645093
321.2243147
320.5955675
319.4015136
322.0225348
322.9500189
324.0943329
322.2167287
321.313072
320.725725
320.0907231
322.0555954
319.7300348
320.0966799
320.6438181
320.748659
320.4356256
314.7399679
312.2523805
311.4586281
313.0595359
312.8712989
309.7430506
309.1324718
305.121118
304.290433
305.4865717
304.4905837
306.5403414
311.9825345
314.2392933
315.3288041
315.3288041
315.3288041
315.3288041
319.6240026
318.9878093
318.9878093
318.9878093
318.9878093
321.5858965
321.611511
323.409889
324.5759456
322.5080194
325.1025326
326.9875829
326.0538441
327.3959261
328.2090384
329.2100897
329.4075599
329.6303467
328.9935576
326.5524338
318.8779051
316.1413207
318.4022493
316.4272503
318.9365802
318.4552654
315.0946993
314.6014708
315.3883728
319.5840916
323.3577664
323.6005087
325.1436349
326.5944297
325.9752135
327.223177
327.2431325
327.3896714
327.1055289
325.921006
327.7038961
