100
100
100
98.81581308
96.8232292
95.83806809
94.46150063
94.93231794
92.52141438
92.07850721
91.41298353
90.87039732
92.58088954
92.04229049
88.85123237
87.57035678
85.64588691
87.49991693
87.69894274
87.69894274
87.69894274
87.69894274
87.69894274
87.69894274
87.69894274
89.2771941
90.87371996
90.83717098
91.09035572
91.03088056
90.1507147
90.20985759
91.23189995
92.20576411
92.15027611
91.86884897
92.09345906
91.66949091
90.95213413
91.6013769
88.73194979
90.60458656
88.28106829
90.14672754
90.94881149
90.23311603
90.48131683
89.69119435
89.15292757
90.03375797
90.63282896
90.32448848
91.30167527
91.41198674
91.80904155
91.07640066
90.87837164
90.3088721
89.75399215
89.4453194
89.5762312
89.31839477
89.31839477
89.98557977
90.08293296
90.8996365
90.8996365
90.8996365
90.87837164
90.12380136
90.34542108
89.92145292
89.30743008
88.6173189
87.79596366
84.28792621
84.91125243
84.86041613
85.3923699
82.60600865
82.73359782
80.41539576
79.27506762
81.64477051
80.36489172
79.98013065
79.91500701
79.94823336
78.88997428
77.33631041
78.79095978
80.17317571
80.05721577
80.29544866
79.79173727
80.93937521
80.55627546
80.10107454
79.93660413
79.88344198
79.04946074
78.97503372
78.13972342
77.7609431
76.90735831
77.73934597
78.23774114
78.68463547
79.29400663
79.29400663
78.72483935
78.64609291
78.73115236
78.16331413
77.63700883
77.79616302
76.40132108
75.29654512
74.8041307
75.89096443
73.13849405
74.07182207
72.98664965
74.63966029
76.51628423
78.39822438
77.63567978
76.19398869
75.4849385
75.32212941
73.80966621
74.0651768
76.46079624
76.38470791
78.1181263
77.75031067
78.2354153
78.71221334
78.11015198
77.48350312
75.87700936
75.85441545
72.76868483
71.05553451
71.10005781
71.87157353
70.06937661
70.14712625
74.0924224
74.64663783
73.04845066
73.46743486
71.42002751
71.69148675
71.77820751
69.92517427
69.87500249
67.40329472
67.93857113
64.80831722
64.18698458
65.45456962
68.25289235
68.52634517
68.49311882
67.73589043
68.18843324
67.42123695
66.22774666
66.74441631
67.50795771
68.17912987
68.93270336
68.55292624
68.17015876
70.04179874
70.18068486
72.16130726
72.28789963
72.87201877
71.3901238
71.40274981
70.32156456
69.99893676
70.39565931
71.08178332
71.22233076
70.49168345
70.3657556
70.3657556
72.75938146
71.78219467
71.70743539
71.70743539
70.85916682
71.21934039
71.06118299
71.61938558
71.77721071
73.31924536
74.07182207
74.07182207
72.78430122
71.88120917
71.98587216
70.97014281
71.52635181
70.76214589
69.55636185
69.70289003
69.8085498
70.04080195
70.04080195
70.0766864
69.2795864
67.84121794
67.84121794
67.64950194
67.97512011
68.17281686
68.50208994
68.07380236
67.35345521
66.56100689
66.28755408
66.55735199
65.12330296
64.83257245
65.22763369
64.26805686
64.09660892
64.86314069
64.93623864
64.14611617
64.37571021
66.88330243
66.7663457
65.99615903
67.11489005
67.59600752
66.53940977
66.91353841
66.12474499
66.44571148
67.56577155
69.3586651
69.25134401
69.98033
70.72160975
70.63887615
71.42135657
70.88375431
69.39056239
71.47385419
71.60077883
71.60077883
71.71175482
71.18179462
71.63533422
72.37893981
72.37893981
72.59923048
72.59923048
72.40120146
67.44515992
69.64873109
69.19784959
68.49577693
69.75007144
70.12918403
71.08211559
70.92495498
71.08410917
71.21900813
70.9983852
71.33297449
70.9983852
71.0292857
70.04113421
69.94045839
66.59323645
68.23162749
67.63322103
67.76546188
68.04057601
67.6843896
66.68460889
67.71263199
67.53520331
67.79004937
69.08787039
68.94532937
68.80013025
68.48813487
68.48813487
68.48813487
68.48813487
68.48813487
68.48813487
69.55935222
68.25455367
68.447931
68.36253929
68.96360386
69.93680349
69.44438907
68.62901457
67.73123874
68.14690031
68.99350757
67.86181828
67.70930936
68.65194075
69.95009403
70.82893084
70.82726953
71.05221188
72.23307616
72.27261551
72.68296087
72.8171953
73.25212815
72.47031226
72.13539071
72.13539071
73.47673824
74.18213353
74.18213353
74.18213353
77.81809241
81.58429856
81.71720394
84.97172438
84.51087498
88.45949376
90.6597423
87.60092502
90.33777902
87.76572769
87.73682077
89.05158722
86.46923573
87.77336975
87.39957337
88.78843457
90.33312733
89.83174179
89.35760186
89.13697893
90.05302925
89.71843996
88.91170431
88.78876684
87.94847258
88.88146834
90.21583833
90.5461082
89.58221194
89.5798861
88.45716792
84.92122034
84.08458098
83.92642358
84.88400683
87.55540493
87.08259405
86.37121801
86.55396291
86.91779138
88.31728501
88.4010154
87.47898434
87.94348863
89.00772845
90.28229102
90.02678043
91.54987607
95.50547238
97.13555684
96.52352757
97.97784467
96.07596871
97.02092595
97.02092595
96.46504921
97.85756531
97.05548135
97.20367085
100.3060146
99.46937528
100.4851046
98.70317577
97.50902095
97.2222776
97.53526976
95.62641627
95.66263299
93.81624502
94.16744749
94.00430613
91.25316481
89.1771828
91.97251517
92.14728574
93.5783444
92.90551092
91.49638165
91.47146189
90.6597423
91.05879069
91.70637215
91.44089366
91.44089366
91.44089366
92.21772559
90.6969558
94.18572198
93.99533502
95.43337121
94.78612202
94.81403215
95.12336942
96.12680502
94.55320535
94.02490647
90.64578723
90.93984038
92.79686077
92.50546573
93.03077424
92.9666474
93.4474326
93.95147625
95.13034695
95.07751706
95.73706
94.31032077
93.8983141
95.01704511
94.58842527
96.94948931
96.54977639
97.22892287
96.69264967
97.33159227
97.9884771
97.13456005
97.27876239
97.7622057
96.93154709
96.22781311
96.74116013
96.24575533
97.45519427
97.45519427
97.38309311
97.37578331
97.59374813
98.80518065
98.47590758
98.29017231
97.7030628
97.64757481
97.64757481
97.33458264
98.14297961
97.91836952
96.83120352
95.84072619
95.44367138
94.61068692
94.48509134
94.7362825
95.01372248
95.01372248
94.36348292
93.25505207
94.51100789
94.51100789
94.99278988
97.63528106
97.22128081
97.8512523
97.30235309
96.46172657
96.11218543
96.11218543
96.24941023
96.37301223
96.09590452
97.28341407
97.75987985
98.52574709
97.69608527
98.74105381
102.0879435
101.9254667
102.0161746
101.2516364
99.6491298
103.2814338
103.0767595
103.0113036
102.7302087
100.7622123
100.6572171
101.1984742
100.4169906
100.9602414
100.7087179
101.321744
100.6748271
101.185516
100.7499186
101.2586139
101.7407282
101.8021969
101.8021969
101.0416459
100.4894241
101.1220537
101.3121083
101.3121083
101.3121083
101.3121083
99.92357941
100.1049952
102.9401992
102.606939
103.6778241
104.9789677
104.1194022
104.4699401
105.2849824
104.5144634
105.1603836
105.0211652
105.4883276
104.8553657
105.0690111
103.5671803
103.503718
103.5067084
104.5287508
105.3760225
106.2462205
106.2462205
106.2462205
106.2462205
106.2462205
106.2462205
106.8217008
106.803094
108.3308414
107.7600128
109.9532838
109.1920682
109.0704598
109.1359157
110.5636517
112.3023863
111.7833908
109.8459627
111.1019185
112.1522032
112.6406305
113.4643116
114.1338224
114.6192593
115.8323532
115.5273353
116.1656134
116.3453679
116.760365
116.8819734
119.108803
120.2823575
119.0742476
119.0759089
115.7326741
111.6807214
110.0868537
112.1485483
112.7878232
112.8738794
111.1062379
113.0885216
113.5387386
115.822053
115.822053
118.0747991
117.6740894
120.492348
120.2355083
120.1105773
120.6332277
119.8647023
119.8088821
117.7269193
115.4093818
116.8912768
116.5912429
118.9317066
120.1248646
120.3973206
121.0967352
120.1421423
118.6908156
118.6908156
114.9511905
116.3742748
116.508177
118.7124127
117.3770459
115.9074447
112.0555146
112.3356127
115.8057721
113.1759069
115.0302692
115.5283321
113.6487178
114.0537469
115.8991381
115.8479695
117.0796701
115.9954945
115.3977526
114.3979719
114.6395274
116.8088754
117.730242
118.151552
117.2448051
118.7326808
119.7686782
120.7418778
118.8150821
118.3472552
119.0077949
123.840899
124.1382748
124.6532831
123.7073291
127.8134407
128.0427025
128.1098197
128.7135424
127.9480074
129.4428607
129.6528512
129.6528512
129.2312088
129.3372009
132.157453
133.6031313
133.0107055
134.4038862
135.4767648
135.3159493
137.7009363
137.3939249
136.7715955
137.8477968
138.8578776
142.2163965
137.9006266
135.0165799
138.6289481
141.8602101
143.982709
143.0483842
143.4145385
144.8459294
142.9134852
144.2026674
141.5973897
140.7693892
140.1115076
141.2853944
141.2448582
139.7004977
135.3063137
135.8691679
138.4917233
137.5557372
137.5484274
139.8968654
142.6190998
141.5528664
141.8366194
143.5859865
142.4410066
139.0316514
139.0316514
134.9285301
130.6841969
134.1374109
129.2757321
131.2095054
128.9155586
127.8496574
128.5929308
128.1207844
128.512523
125.1556654
125.1556654
127.3914661
127.9606334
130.0724999
129.556827
127.5100842
126.39235
123.4554734
122.5374295
123.6927095
122.1194421
121.9911884
119.3294259
119.2164563
116.0433404
114.0760086
114.1211964
117.0736894
117.0736894
117.3375066
116.4792701
113.6513759
110.4334044
108.9010054
101.95238
108.2477755
108.3933069
110.6500402
108.551132
107.7038602
101.3858708
99.87340763
103.2129875
103.2129875
107.8832825
109.6821568
110.2161041
113.16461
109.7815036
108.8604693
108.0696823
108.0696823
105.5321864
104.6925566
107.6330881
106.7113893
107.556003
107.2616176
108.3840035
108.2474432
108.3331672
107.4167846
108.6717437
108.7298898
102.8169295
106.5213346
109.7203671
111.3889941
113.0140946
115.8230498
114.7574809
116.9191869
113.8929314
115.47517
113.6121688
112.8313497
115.0714699
113.2573115
111.195949
111.4026169
110.4998571
110.7792907
110.7792907
111.6175914
110.5028475
111.4584372
112.0611631
112.0611631
112.0611631
109.7582451
108.7936843
107.2363656
106.2728016
105.3082408
100.3801094
102.4590818
106.2545271
105.4507818
105.7867002
106.4239814
107.1280477
110.7427417
110.2981732
110.2981732
110.2981732
110.2981732
110.2981732
110.2981732
110.2981732
115.0292724
116.3945429
115.4372919
117.365749
116.9221773
118.9842042
117.6627925
119.7311324
121.0525441
119.2038303
118.9227355
120.023192
120.6534957
122.8394569
123.5518298
124.4668833
123.8605025
123.2022886
126.1125841
125.9942984
127.4143923
126.1129164
123.0052564
119.8949383
120.912329
121.1269712
121.1445811
122.8833157
123.0275181
122.7517394
122.9298326
122.7889529
121.2864576
119.9922915
120.2448117
118.1964076
118.7386615
121.7924948
121.2515699
122.3384037
122.2148017
122.2078241
121.2525667
120.7358971
122.178585
123.9382522
124.4535928
124.1439232
121.859612
120.9924045
118.3625393
116.9633779
117.663457
117.452802
115.4874637
114.0461049
113.3360579
115.8685699
115.3605391
115.6123948
113.4516856
113.1170963
111.9202834
111.0524112
111.0524112
111.4328529
110.9849618
110.7291189
110.1081185
109.1046829
111.644837
109.6775051
108.519567
108.4278623
108.1351382
107.345348
107.2187556
108.4660726
109.3272994
109.2362592
107.9135185
106.2365849
104.7161473
106.4017198
103.4359363
99.59929029
99.24974914
100.2644817
97.59075776
98.65898474
99.0201551
96.99899656
93.74779875
93.49660759
92.83075165
95.0808397
96.29326901
96.99168677
101.1689028
100.5532186
99.69332084
98.86532034
99.21486148
99.9690995
99.3464378
98.25295881
97.89278523
97.89278523
101.8769562
100.7618801
102.1517381
101.2828692
102.3793385
102.7823741
101.6078228
100.4053614
99.69930158
100.6548913
100.7499186
102.3580737
102.6095971
101.0409814
99.74050225
99.55808962
99.23280371
98.7138082
98.38453513
97.78845451
97.40037081
96.17830586
95.35329572
95.13400185
93.41586757
93.56040217
94.30434003
92.45994564
92.635713
92.15791817
92.10276244
92.02700637
91.52063688
90.25305184
91.66450695
91.31695939
90.31086568
86.88788767
86.09577162
84.72551717
84.44807719
83.63336722
80.95000764
78.36466578
80.10306812
77.2927839
80.40576012
85.67246799
87.12645282
86.09111993
85.1687566
86.32270755
86.41142189
86.49814265
87.79097971
87.7820086
87.21981885
88.61100589
88.65619372
87.48994903
87.7992863
87.78499897
87.06000013
87.09953948
86.51774619
84.68664234
81.47930331
84.09155851
83.04791903
85.15745965
89.48120386
89.38584425
89.11770765
88.86385838
87.46968096
87.30354924
87.30354924
89.04494195
88.14151765
91.06942312
90.33545317
91.26180366
91.39238319
91.02921925
89.84038064
90.80826406
92.20709316
93.56904102
91.61400291
89.69783962
90.79597031
90.42616109
91.25981008
89.3117495
87.52516896
87.52516896
90.64910987
93.78534452
95.91116605
95.47656546
98.30047248
99.08727232
97.93896985
100.6675173
98.36758969
100.4316102
99.96710592
97.94461833
97.04219081
98.12470512
97.72532446
98.53737631
99.3846481
98.17321558
96.70394663
95.67326542
94.03753248
93.29791405
93.91426274
91.11859811
89.53702412
89.60912528
89.1881475
92.23001934
90.71722387
90.78234751
90.78234751
87.54709834
87.62684157
87.20087983
86.81379292
86.81379292
86.81379292
83.14493996
84.56769203
87.75044357
88.27541981
87.96176312
87.16698896
86.66726474
85.96353076
89.46459068
88.35483078
88.09699434
87.79961856
88.37543111
86.81645103
84.44774493
86.13165607
86.33400451
85.40433139
84.50323292
82.47343554
81.30353595
81.72916542
78.57033685
78.07559658
82.30497797
80.8476705
81.85741911
81.85741911
81.85741911
81.85741911
81.85741911
81.85741911
81.85741911
81.85741911
89.72010127
88.22358672
89.54366938
90.077949
90.65641966
90.21351249
89.31407534
91.35384063
90.67834905
90.74646306
91.79608328
92.44133889
92.50878837
91.70903026
92.209419
94.45651668
95.63372607
97.29903046
99.32816331
100.8356426
101.6563333
99.66142355
98.83142946
99.88570137
101.8500429
99.8800529
100.0528299
99.64215227
102.5288571
106.1860808
104.9872743
104.8995568
104.5407122
107.0758823
107.4343946
107.1011343
108.2743566
109.0036748
110.9354545
110.5280995
113.0250593
113.0878571
110.774639
110.9673518
112.4289787
112.0412272
110.7905876
109.6054039
105.862124
106.8821727
106.3083538
109.9007861
109.0282623
108.4365011
106.75259
107.2184233
107.1041247
106.8250234
106.3741419
109.5555644
109.0339108
107.6387366
107.6975472
108.2949569
108.3614096
107.5287574
105.0889469
106.0508496
106.4857824
104.4789112
102.4570882
103.5798064
104.8616787
106.3352671
106.6695241
110.5111541
112.3518936
113.6885894
114.4159141
114.0587309
114.0723537
114.4225594
116.4566762
120.7787591
120.7787591
123.2690736
126.5495106
123.840899
125.8301602
120.3753912
121.0269599
125.0330602
123.4255697
123.4255697
124.6988032
124.3140421
122.5533781
123.0574218
124.8881934
123.9937402
122.5361004
118.5768492
114.0135431
115.056518
107.6274396
108.6029651
114.6338789
114.1314966
112.0452144
112.3425902
109.990165
106.3595223
108.5424932
106.9778646
107.8135072
104.6234458
104.6297588
103.4920888
101.2709077
99.13113109
102.0168391
105.7425091
104.9577029
106.6213459
111.9083219
118.3349614
119.585601
117.5029738
117.0537536
119.4825994
119.1772493
117.2577633
119.799911
119.1819009
118.3429357
118.4951124
119.728142
121.7908335
120.9093386
118.3575553
119.0556408
116.4413921
117.1398098
117.847531
119.7401035
119.7557199
118.3578876
116.5832685
116.6929155
115.7057608
116.7819621
116.7819621
116.7819621
116.7819621
116.7819621
113.6829409
111.040782
111.869447
111.6348691
113.3124672
112.9213931
110.9690131
110.3001668
112.1096735
111.29297
112.3156769
115.7283547
115.8429856
116.6071915
115.5087286
114.7338902
113.9557292
113.3812457
113.2902055
111.8136268
113.7799619
114.3853459
114.636537
114.4720666
115.2937541
117.0899703
115.6040882
113.4483629
112.0325884
112.7313384
111.7348804
111.1221866
111.7990072
114.0032429
114.0032429
114.4072752
115.3615359
115.6419662
116.5128287
117.1634005
121.4373052
121.6971352
119.535097
119.0161015
114.2321724
117.7830718
116.1961816
116.9487583
117.842547
119.646073
118.9566263
117.5036383
117.1418034
115.9888492
116.1320548
118.1472326
117.5581295
117.5362001
115.2605278
115.3472485
115.9712393
118.2934285
119.9956141
121.4177017
123.7309198
127.5090874
127.9938598
127.9938598
127.9938598
127.9938598
127.9938598
133.4369995
134.2978941
134.518517
132.6398995
136.8051541
133.564921
136.8343933
136.2994491
135.5156396
139.4400032
138.2083026
136.7403627
136.6071251
138.6242964
140.7165593
140.5527535
144.1608022
144.5219726
145.4061256
145.8174678
147.0375391
147.0375391
147.0375391
147.0375391
147.0375391
147.0375391
149.6424845
149.6471362
150.7758351
148.0961305
148.0532685
148.8629945
150.3747932
148.5805706
144.0587973
141.8313032
140.9850282
140.8391646
139.1416306
139.1416306
139.743692
143.5045819
141.1611278
141.8462551
138.2727617
138.3744343
138.1654406
140.5341467
137.9385047
128.7839822
130.1249975
127.493471
128.5543882
130.3506044
126.8834353
133.5742243
133.276184
139.9443791
138.5621632
143.8826977
143.9886898
142.4885203
144.8326389
143.7541118
146.1533861
146.1533861
147.5731478
143.9830413
142.7928736
145.3592765
143.7816896
141.1345468
137.5962733
133.4894972
127.9470106
132.6791066
129.3694304
129.7016939
129.7139876
125.5025485
127.9410299
122.9128872
123.6282504
128.110152
127.4363217
125.8846514
122.9846561
123.2335214
127.0704997
125.7547364
126.1507944
124.7516331
121.2555571
124.5828432
123.0544314
127.4615737
132.94824
133.177834
133.3469561
128.9780241
126.9585269
124.5688882
123.5069742
125.0898773
125.509526
128.951443
131.5663563
129.8781258
130.7091166
131.8972907
131.8972907
133.9058232
132.8488932
132.4282477
130.8373703
130.3748596
131.0018407
129.2116053
128.9760305
127.8257345
126.8352571
125.9962919
128.030741
126.2916741
124.2442668
123.2667477
122.823176
119.103819
121.6958062
122.12941
118.6751992
124.5489524
122.5709881
120.4584571
120.5391971
120.912329
119.4696411
122.0453473
124.9692656
125.7720141
122.82816
123.4943482
120.2617571
119.2330695
117.7817428
115.8908315
117.6325565
117.5062964
119.5138321
119.3467036
117.5893623
116.5736329
115.3322967
116.5836008
113.6802828
115.1007091
118.5226903
118.4559053
117.4631021
115.5140448
115.5233482
118.1063642
120.1325067
120.6890479
120.7930464
119.1011609
119.1011609
118.6798509
117.8518504
115.3479131
114.5026348
110.6859247
111.9515161
108.8242526
113.7899298
113.7035413
111.088628
107.9630257
107.3031505
106.8117329
106.8117329
107.3981779
104.0609238
104.9507253
102.2318136
99.68900142
102.1650286
102.3730255
97.35883788
98.45032329
100.0976855
99.1165115
96.52253078
94.7299695
89.28217805
91.82465793
89.651655
90.42217393
95.26591044
92.7084787
92.7084787
90.14307264
86.78588279
88.09400397
84.10484905
85.85388383
81.67234837
76.23020541
81.2676515
87.31816883
91.08769761
92.60680608
90.96974409
88.78976363
86.70348146
85.16045002
83.5499691
87.61288651
90.6969558
89.05856475
93.09988504
95.32671465
95.19314474
94.40169321
89.9134786
89.92909498
89.51509473
84.77037273
82.89740369
74.77721736
79.06673844
79.00659875
79.05909638
83.43766406
83.24993521
82.12123629
81.16099493
80.31239409
81.81987334
79.06208675
80.03395732
79.65351568
80.59946971
81.26266754
81.89828751
83.52072992
83.43500595
82.24583508
80.61840872
77.69282909
77.40043726
76.11557452
74.05055721
74.17748184
74.17748184
72.78097858
71.31503226
74.58350777
73.81930185
73.56811068
76.84157014
75.67067376
79.11126174
81.65274483
80.13994936
83.12234605
83.62838327
82.52493637
82.43356392
83.43367689
87.91823661
89.80748656
91.14650824
91.14650824
91.14650824
91.14650824
91.14650824
91.14650824
91.14650824
88.35316946
90.54511141
93.35672468
92.22736123
93.89565599
91.15880199
89.68820398
87.04637733
87.70558801
88.47743599
88.66117767
91.77448615
89.32869494
92.99688337
92.07917173
90.35239861
90.82354817
90.84414851
87.72585608
87.13409488
86.94603377
86.50977187
86.50977187
83.45759986
83.4054345
85.00229262
85.60933793
87.7956314
86.63536745
85.85155798
83.89186818
84.73083338
85.45217732
86.66693248
87.1284464
85.18470525
85.03286085
84.80359908
86.3622469
87.63116099
88.59040556
88.53059814
87.30886545
87.0393998
86.48784248
83.56890812
81.12710406
80.28182585
80.28182585
82.07006772
80.02066679
79.12820717
80.90548434
81.91224258
81.28160656
80.41705708
80.44031552
81.68198401
83.90947815
83.47122266
83.27850986
82.74456251
81.70723603
81.93849139
80.28847112
80.55527867
80.55527867
80.09376474
81.40686988
78.83947024
79.21027624
78.65606082
79.52991368
77.90514543
79.58008546
78.48826778
77.65594785
76.59968236
77.69482267
77.48051275
75.80191782
76.83857977
80.26853532
80.19045341
79.36644006
78.19321784
78.37994989
77.36986902
77.18978223
76.84821541
76.52691666
77.65229295
79.89806158
79.105281
80.57621127
81.40952799
81.19355675
80.04359296
78.58163381
79.27373856
77.83005389
77.2519155
76.92596506
75.85973166
75.34904275
75.34904275
73.54983619
74.59613378
73.23784082
75.6121954
76.24017331
75.60289202
74.19010785
73.81764053
73.41726308
72.49921918
72.03139225
70.98542693
72.14369729
70.035818
68.26485384
67.96648126
65.39908162
64.76877787
65.34890984
64.26772459
62.53862563
64.17336178
66.52678376
67.18333632
67.18333632
67.93259039
68.27914117
70.35180054
70.81098862
69.86104743
68.55359077
70.4102789
69.16661683
69.95906514
70.70865148
71.95031997
72.22742768
72.98100118
71.99085611
70.69702226
70.89372221
69.430434
69.02706618
66.51282869
68.05286976
67.6707668
69.93348086
69.95208761
69.91088694
68.96028123
69.9358067
68.94499711
67.71329652
67.1926397
67.18067822
65.73001602
65.73001602
62.08242792
58.82624615
58.82624615
58.82624615
58.45776599
56.96058691
55.21421024
53.36150927
52.54812836
54.60683267
53.36350285
54.70053096
54.70053096
52.49795658
51.82113594
52.73253457
54.62776526
53.87020461
55.57903551
55.57903551
58.38632935
58.95516437
57.43339779
58.82092994
59.32763169
59.15651602
59.5984264
60.32807693
60.04465621
62.3489032
62.7678874
63.22607869
63.88728295
60.99326834
60.51613804
60.78992311
61.93390616
63.3177834
63.56299383
64.83057887
64.58171355
64.53287082
64.95451313
64.2913153
67.02484666
68.93801958
69.88796077
71.46687666
69.75073596
71.09341254
69.52978077
70.59235927
71.75893623
71.39843039
69.19984317
69.36464584
68.69081557
71.98720121
73.87711569
76.73059415
81.53445904
83.34296897
82.49237455
81.70092303
85.87182605
83.38948586
83.8898746
82.82231215
81.54974316
80.48118392
81.79794395
78.56269479
79.41328921
82.22124758
82.10395859
81.46003203
82.54221407
84.92454297
84.92454297
85.61066699
84.65408053
86.86828413
90.00850594
89.26755846
90.05336151
89.71744317
86.45960009
85.27740675
84.98501492
83.11869115
83.28980682
83.40776035
87.98036988
87.45971306
87.12445924
87.44675478
89.83107726
90.69363317
88.21428334
87.38960547
88.84026767
88.29469109
88.48341673
88.09799114
88.94625971
88.94625971
88.94625971
88.94625971
88.94625971
88.94625971
88.94625971
88.94625971
89.32138514
87.40887675
84.54177548
84.30885881
83.88223254
82.44718673
81.86539343
84.94780141
84.94780141
84.8634065
88.28538772
89.83739027
92.28019112
91.41763521
90.53015955
94.02789684
92.56228278
91.62131271
91.16976668
89.06820039
89.49914608
88.57046975
91.28406531
90.78866051
92.41808045
93.14739871
93.12713064
91.50634955
93.05071005
92.2921526
92.11937561
92.99522205
93.62054186
92.16954739
92.16954739
91.82299662
90.1606826
89.77957643
89.91314634
91.67713297
91.53425968
92.56726673
95.48022036
95.62874212
96.29559485
96.342444
95.20012227
96.0261292
94.02789684
93.47002651
91.81734814
89.50911399
89.50911399
86.79651522
87.53945628
83.34994651
83.73304626
84.50323292
85.25780321
86.18116332
85.41596061
86.06387432
88.65984862
87.12246566
87.15004353
84.08657456
82.49636172
84.09820378
83.95001429
85.8877747
85.93362705
84.89729737
84.11315564
85.96618887
84.52383326
83.25126426
82.22955417
83.08513254
82.76117568
79.90769721
80.82773469
79.39169208
78.91123914
81.52615246
81.58197271
81.01413449
81.16332077
79.1252168
79.67378375
79.7751241
78.7507559
78.08955164
75.15832353
74.20738555
75.52248427
72.85872823
73.28302865
73.72925845
74.8004758
77.06750929
79.19997608
79.2734063
77.64033147
76.55117189
80.05389313
79.61131822
78.50687453
77.33199099
76.89838719
75.35901065
73.51129363
75.43210861
73.33220364
73.41560176
70.41891775
69.93680349
72.34239083
71.2874544
70.81132088
70.62990504
66.38656858
65.68150555
68.06316993
67.71960952
70.13616156
70.1285195
69.69358665
70.66147007
71.49412226
71.42800183
71.0193178
71.66357662
70.9811075
72.03670847
72.26231534
71.58416565
70.46510237
68.98852362
69.16927493
68.62436288
66.77332323
66.081883
65.27381831
64.19196853
64.19196853
65.39742031
67.3434873
67.18599443
66.86934737
65.79613644
63.92349966
66.71019318
64.17236498
64.21356565
62.95495172
61.25210157
60.63243024
59.42332356
60.16227747
59.68880206
59.42996883
58.8485078
59.02361064
57.35033193
57.24865932
54.99092921
55.64349461
55.48400816
55.48400816
54.09714054
55.63585255
58.97742602
60.62910761
61.42587535
64.26440196
64.15442276
62.7615744
66.04201139
65.77686516
65.76689726
66.22209818
65.64595336
64.58271034
65.59943648
64.02550454
65.59943648
65.43330476
68.03891469
68.78384934
69.43109853
66.89194128
67.15509393
67.10060273
66.94011948
69.38358486
69.08222191
68.08543158
66.9318129
66.00047846
68.28711549
68.68084767
67.80732707
66.99726879
66.61516583
67.12651927
67.91331911
69.65471183
68.56854263
68.9768944
68.57983958
69.87832513
68.37582983
67.47772174
66.98663636
65.84929859
65.56986503
65.02495298
64.73289342
64.59367503
65.41536253
65.02196261
64.59301051
63.92150608
65.22796595
64.79569121
63.26362446
62.97389074
62.97389074
63.98463614
65.73167733
66.57230385
66.97965883
68.87189915
68.53930344
69.1659523
71.43497937
71.43697295
71.57652359
70.01023371
69.6503924
69.96238778
69.78894626
70.30329007
71.81974044
71.28778666
70.03315989
70.48271233
70.48271233
70.48271233
70.48271233
70.48271233
70.48271233
70.48271233
67.24281148
65.57484899
64.47140209
64.493996
64.44914043
62.89281846
62.73931275
65.94764857
64.58536845
63.68526677
63.87731505
63.96170996
64.93889675
62.44094017
62.36784221
62.07844075
62.07844075
63.5722972
63.06027923
61.81595263
61.73953204
61.32387047
60.9945974
60.25099181
61.18830698
61.92393825
63.52578032
61.89669265
64.83091113
64.57473602
65.82039167
65.57152635
65.36585528
64.12983526
64.06504389
64.24479842
63.67995056
61.16172591
61.43617551
61.18066493
61.8843989
64.20791717
65.3193384
64.94520976
64.55546474
64.62955949
64.60164936
63.34469674
63.90555744
65.86425045
65.2156722
66.62878863
66.4908993
65.0266143
65.25188892
62.47848594
60.30515075
59.00600068
60.17590027
59.65590798
59.65590798
60.38256813
60.50683466
60.65303057
61.39131995
60.17191311
60.8699986
61.27203737
62.41037194
62.49941854
62.38246181
61.65181449
61.18299077
61.05839198
60.55135796
61.32154463
62.42100437
64.03181755
63.77331659
64.24014673
65.71174153
65.57119409
67.80300765
67.53420652
67.53420652
68.50441578
68.55691341
69.86669591
69.80389811
69.18156868
70.46776048
70.50497398
70.46643142
71.90745799
72.32677445
73.00824678
72.2699574
70.9292744
70.70964827
71.10902893
70.6029917
70.33718094
70.06638624
72.28590605
73.5524943
73.78541098
74.85330569
77.77157553
78.65639308
78.15035585
76.52891024
76.14215559
78.01911179
77.57387878
78.69427111
76.61762458
76.37141737
75.13971678
75.82285042
76.51495518
78.50288737
78.29422593
79.0880033
77.54264601
77.32268761
77.64830579
78.83282497
78.49657436
76.52259724
75.95509127
76.33985234
75.83481191
75.63080215
76.26243496
79.33022335
79.49934544
80.37020793
80.65794807
80.68353236
81.28991315
82.51696205
83.16919519
83.8453513
81.74577859
81.67633553
81.42082494
83.57555338
84.2517095
84.80526039
84.13774313
83.47354851
83.86927427
85.66814856
85.14018195
84.53479795
84.53479795
84.61155081
83.8725969
85.10629108
85.88810696
85.80703468
85.6086734
84.17695022
84.21947994
84.84114485
84.20286677
83.60578936
83.47321624
83.07881953
82.67478719
84.77236631
85.41429929
87.08990384
87.14240147
86.38882797
87.03541264
87.03541264
88.63625792
88.04150635
87.9265432
89.68189098
89.70082999
90.26235522
89.89420732
89.42870623
87.91358492
87.31916562
87.92920131
90.01481895
90.48098456
90.58631208
89.34464358
89.90218164
90.43214184
91.00596081
89.21273499
89.76296326
89.53336922
88.60701873
87.98734741
88.93629181
88.96686004
87.41485749
87.33943369
86.14826924
85.50999116
85.57179216
85.30432009
86.24661922
86.18548275
84.05135464
84.55008207
86.05124831
86.8812424
86.37055348
87.03607716
86.70879767
85.72895277
86.01170896
84.95743705
86.00705728
85.76550175
86.89752331
86.16621147
84.08391646
84.30021996
84.08524551
85.36678562
85.47643255
85.55517899
85.54321751
85.48008745
84.68763914
85.74722726
86.09244898
86.09244898
88.46946167
89.62175129
89.89686543
89.7416984
90.16865692
91.27575872
91.20133171
91.05247769
91.81003834
91.49970429
91.3950413
91.3950413
91.3950413
91.3950413
91.3950413
91.3950413
91.3950413
92.86065536
92.57922822
91.45451646
91.97749912
90.72386914
89.61410923
89.19911219
89.30477197
90.37831516
92.13366294
91.98048949
91.55220191
91.90373663
93.39726082
93.18029279
93.46736841
93.7810251
94.98614461
94.73229534
94.43259371
93.12247895
93.81524823
94.87051694
95.62309364
97.84959098
99.52752138
98.70948878
99.86177841
98.54435385
97.6930949
98.50414997
96.79897397
96.7268728
95.13267279
92.82643222
92.31740462
92.44200342
95.47756225
96.00918376
89.57589894
86.75896945
88.15846308
87.33611106
87.24274503
92.13731784
91.78711217
92.04262275
91.98248307
92.13831463
94.33789863
93.73118558
94.0182612
94.28706233
93.36204089
95.57690902
95.60880631
97.14917964
95.12004678
96.26369756
95.5134467
95.90651436
96.14009556
95.46692982
95.93375996
95.48221394
94.53326954
93.27864277
90.75410511
86.56658892
85.67512609
87.90095891
83.13297848
83.95234013
85.86019683
82.53789465
83.6253929
84.50722008
83.98756006
81.85044158
77.45858336
78.65572855
83.26322575
82.69239715
84.54410133
84.15103367
84.40355389
85.40267007
85.5405594
87.2284577
84.45837736
84.65275147
82.94757547
79.86948692
80.68286783
84.04570616
84.82187357
84.36667265
82.63790594
80.35060439
78.00980842
79.23187337
78.18225314
79.95321731
78.54475256
78.47763535
78.47763535
81.10484241
81.62350565
81.9992956
80.47619997
81.02443465
82.48572929
82.46778706
80.84102523
79.44850913
80.63900906
80.30807467
80.21470864
81.20119881
80.71775549
79.79838254
78.93881701
77.67555139
77.0010566
76.90702604
74.63334729
76.02985055
75.73546514
75.30983566
74.52203903
75.69027731
75.46367364
74.79449506
75.99629194
75.00880498
75.45437026
74.71275825
76.5365523
75.94445884
75.82285042
75.67233508
75.33242958
75.27760611
75.50288072
74.8313763
74.81875029
76.48505147
79.18934365
79.28171288
79.74223002
79.74223002
79.74223002
82.11691686
81.87336776
81.60423437
81.0985294
82.37209519
81.9647402
80.38084036
80.5586013
81.63978655
81.37131769
81.4184991
81.48495179
82.8037054
82.6319252
81.83781557
82.11857818
81.00250527
81.60822153
82.90438123
83.01436043
82.51962016
81.65739652
80.93837842
80.93837842
80.328675
81.00084395
82.46446442
84.52183968
84.50057482
84.28692942
84.81223793
84.55473376
84.06099028
82.41827981
82.16542732
80.56624336
80.44828984
79.80801818
80.55461414
80.1778274
80.18214682
80.09941322
80.09941322
78.30818099
78.04968003
78.67267399
79.43953802
78.76138833
80.34130101
82.03185742
82.0610966
83.13962374
83.18015989
83.23132846
83.17617272
81.96341115
82.76383379
82.70502316
82.93627852
84.73315923
85.0388416
84.60822817
81.27529355
81.49691327
82.34418506
81.58263724
80.38250168
80.41838613
81.52714925
80.59548255
81.76272403
82.27341294
82.60766997
82.73625592
82.31228777
82.62660899
82.54221407
81.8856615
82.25314487
83.76461128
83.99686343
83.79949895
83.66094509
83.4499578
83.54764326
83.65297077
83.86296126
83.35559498
83.62506064
84.86174518
85.01392184
85.61398962
85.50832984
84.15369178
82.99874404
82.86683546
82.19699235
82.42725092
82.83859306
81.45538034
80.93272994
81.37065316
82.44618994
82.20828931
81.61686038
81.5112006
81.01280543
79.83925095
80.04159938
80.9576497
81.20319239
81.51784587
83.35659177
83.34330124
84.1689759
84.38826977
84.38826977
84.38826977
84.38826977
84.38826977
84.38826977
84.38826977
85.7196494
85.97117282
85.8778068
84.62916077
85.15280796
85.39635706
84.90394264
84.91391054
84.90460716
86.2077444
86.2077444
86.77059867
86.22601889
85.62495431
85.35681771
85.67678741
85.12888499
85.47111634
85.02754464
85.27906807
84.42415422
83.26156443
83.49713921
82.73226876
82.61298618
82.7864277
82.17207259
82.07870656
81.92287501
82.89109069
82.55716593
81.54409468
81.44973186
82.23487038
82.76582737
82.45781916
82.45781916
82.28770027
81.7411269
82.52659769
82.07305809
82.47709044
82.54686576
82.14482699
80.90913924
78.56103347
78.9434687
78.37795631
78.82285707
79.21658925
79.25579634
80.07117083
79.97846933
81.05799326
80.52603949
80.52603949
80.56358526
80.57886937
82.5565014
83.25990311
83.13895922
82.90969744
82.3156104
82.69804563
83.46324834
82.77247264
82.36877255
82.19499877
83.48783584
83.15989182
82.02355083
82.56680157
82.38339214
83.09211007
83.91944605
84.18126965
84.02842846
83.09111328
84.00085059
84.98169228
85.2106218
84.79196986
85.64189975
85.34884339
86.0904554
86.64500309
86.24429338
86.92244307
87.44908063
87.79662819
87.85178392
87.34043048
88.51963345
88.70503645
88.13321106
87.40555412
87.70957517
86.50844281
86.65796136
87.20985095
86.99620555
86.36158237
86.12567533
86.24761601
85.99841843
87.75509526
88.68343933
88.8954234
89.56127935
89.34397905
89.34397905
89.44930657
89.58852495
89.38750557
88.92864975
89.35361469
88.47843278
87.75210489
88.51631081
87.49526525
87.50922031
88.42161573
90.15536639
89.824432
89.824432
88.72995621
88.62230285
88.11094941
88.27641661
88.10895583
86.39879588
86.47953589
86.54864669
86.0422772
85.3132912
86.08513919
85.987786
85.11027824
84.8152283
85.21261538
83.74467548
83.27419044
83.57156622
83.57156622
84.61620249
84.3371012
84.99597961
84.96640817
85.15314022
84.66238711
85.56813726
85.77148249
85.57744064
84.61321212
83.87525501
84.07760345
85.07804868
84.53911738
82.90105859
82.19400198
82.22423795
82.59338264
82.28437764
83.42404125
85.196999
85.196999
85.62894148
85.59538287
84.90194906
84.67833576
84.67833576
84.48628749
83.1618854
82.6837583
82.65219327
80.74167846
80.73702677
78.69161301
79.74987208
79.37242081
79.17638537
79.39268888
79.35182047
78.66835456
78.15932697
80.17516929
80.69416479
81.91589748
81.848448
82.85819661
82.17605975
81.98600506
83.89818119
84.18459228
85.63724806
85.68110684
84.91258149
85.1278882
84.52848495
85.88511659
85.85953231
85.09565865
86.29944911
86.00738954
86.21804456
87.28992644
86.10308141
87.26633573
86.94271114
87.99764757
89.68488135
89.62507393
89.39315404
88.0883555
88.13354332
88.0983234
88.08270702
87.58597317
87.82985454
89.27221015
90.31917227
90.27099407
90.97738615
90.13642737
91.58908315
91.86552634
91.81867719
91.5741313
92.25228099
91.64324209
90.37133763
92.23899045
92.81579979
94.16478938
94.06976203
94.95457959
94.21795153
94.64856495
94.76253132
93.94350192
94.59440601
94.50469488
91.14517919
91.48109753
91.27542646
89.94138873
90.64545497
91.97351196
91.97351196
91.97351196
91.97351196
91.97351196
91.97351196
91.97351196
92.87926211
94.84858755
94.71368859
93.22614515
93.54711163
93.03808404
92.52772738
93.05469721
92.73439525
94.24420034
94.01493856
94.35417954
93.50491418
92.20111242
91.39337998
92.37322488
92.80649641
92.80649641
93.25704565
93.90927879
92.51709495
92.72874677
91.43757102
90.64578723
91.19103155
91.31529807
91.97916044
90.64844534
91.59805427
91.35982138
91.58542825
91.24186785
90.56039553
89.34929527
89.03829668
89.33467568
89.96697301
90.5215207
91.18438628
91.98547344
92.93076294
93.65808762
93.66406837
93.66406837
95.00375458
95.40280297
95.428055
94.77548959
95.26591044
95.92478885
97.3495345
97.96754451
97.67016872
98.5902062
99.55775735
99.64680396
99.45442342
98.72178253
100.4625107
99.85413635
100.5213213
100.5213213
100.8791691
101.3061276
102.9704352
103.3744675
105.0278105
103.5419283
102.2577301
102.7840354
101.1290312
99.25107819
97.7176824
98.61412917
96.8577846
97.55487331
95.39383186
94.19535762
94.78147033
94.37876704
94.60603523
94.68411714
94.1591409
94.1591409
94.55287308
96.08194946
92.74004373
93.15636982
91.26545856
87.30886545
89.10308806
88.94194029
87.21749301
89.14329193
88.76916329
91.26047461
91.35217932
87.93617884
87.52317538
90.28328781
89.64235163
90.56670853
91.11095605
90.41851904
91.29702358
92.86464252
92.92810484
93.11882405
91.93330808
91.80206402
91.81103513
92.14795027
91.35317611
91.37012154
90.39991228
88.17873115
85.88611338
86.45727424
86.3276915
88.95224045
88.43789664
87.40522185
87.86440993
87.47732302
88.69805892
88.93861765
88.58442482
88.31429464
88.62828359
88.49969764
88.2627938
87.97904082
89.26323904
90.36037293
90.58398623
90.51221733
91.25382934
91.30400112
92.64468412
93.22647741
92.93242426
89.79917997
91.08171687
90.43513221
90.16400524
89.71578185
88.62994491
89.11006559
90.7042656
90.88368786
91.77415389
93.32781776
93.0829396
92.38385731
92.2748749
92.46891675
92.33833722
91.48873959
92.33567911
91.72431437
92.9693055
95.78390915
95.67758484
95.52241781
95.58388655
95.31907259
95.58089618
95.53471156
96.20056751
95.38751886
95.10476266
96.19325771
96.04241011
94.58443811
96.53050511
96.53050511
96.53050511
96.53050511
96.40889669
96.13909877
97.3668122
98.65798795
97.38176405
96.47202674
96.0360971
96.50890798
96.3906222
97.34122791
96.80728056
97.15217001
97.51998565
96.00419981
96.37633487
96.12414691
97.1086435
98.22438415
97.54424088
98.4430135
98.1748769
97.88647223
98.16922842
97.27876239
98.26791066
98.75168624
99.12515035
99.00985493
99.24642651
99.98704173
100.4701528
100.9858256
101.5526671
102.8119455
101.9184891
102.4245264
103.7083923
104.2739047
104.3456736
104.1915034
105.1763322
105.0128586
104.0320169
103.5598706
101.2918403
101.4702657
101.6187875
102.4271845
103.6801499
103.0691174
103.5322927
103.3066858
103.6542334
103.2694723
104.3028116
104.4968535
104.5566609
105.7438382
105.7438382
107.142335
107.03003
107.3483384
105.8013198
104.2346976
104.7766193
103.337254
102.9023212
105.1999229
105.7641062
105.7631095
106.2634982
106.9954746
105.9588126
105.8199265
105.901331
107.3789066
107.4244267
105.548135
104.7088375
104.5809161
103.9230345
103.9446316
105.0038875
104.9656772
106.1834227
105.9229282
105.8209233
105.8674402
104.632417
103.7492607
104.7895776
104.7895776
104.7895776
104.7895776
104.7895776
104.7895776
104.7895776
104.7895776
105.8774081
105.8308912
105.8308912
102.4132294
102.0852854
97.58378023
99.15870896
99.39959995
100.5618575
100.4385877
101.3051308
102.1899484
100.3907418
102.039433
102.2198521
102.4444622
102.5414831
102.8574656
103.9718772
104.3406896
104.3157699
103.9386509
102.8451719
103.5937614
103.9452961
103.7871387
104.4107972
105.6936664
105.6936664
105.6936664
106.3449027
106.166145
106.858582
106.4811308
105.5335154
105.9657902
105.2387977
105.5966455
103.8755208
104.534067
105.5810291
106.1987068
105.3623997
105.67805
104.9530512
104.4111295
104.4111295
105.0597077
105.9644611
107.7164862
108.3334995
107.957045
107.3078022
107.9490707
106.8230298
106.8838341
105.9375478
106.1501964
106.8120652
106.7695354
108.2670468
108.9049926
109.5426061
109.416346
108.4002844
108.3069184
108.7033087
108.2228557
107.5955424
109.1545224
109.7738615
109.995149
110.1403481
110.5556774
109.4209977
109.9130799
110.3310673
109.8668953
111.6308819
113.4354047
113.4354047
113.4354047
116.1908654
117.6681087
117.1079125
118.0136627
116.8510729
116.5051866
117.1923074
117.007569
117.6119562
118.2917672
119.3490295
120.3345228
120.6953609
123.3062871
123.2464797
121.6825156
122.1257551
123.7737818
122.4304406
123.4122791
122.3835915
122.3902368
124.1429264
124.0927547
125.9175455
124.9742496
122.72981
116.9989301
116.1320548
119.0021464
113.2782441
114.9691327
116.5733006
114.9555099
113.691912
116.7962494
117.8717862
114.0647116
114.4401693
113.9450968
109.9692324
105.0477463
104.0376654
109.5505805
109.3126798
109.507054
112.6373079
111.7501645
112.0521919
112.1100058
110.6839311
112.4336304
115.4087173
115.0193045
114.3026123
114.3497937
115.7635746
115.760252
114.468744
115.1598519
115.3864556
114.197617
115.6545922
113.636424
113.636424
114.5292159
115.582491
116.9188546
116.9188546
116.9188546
118.7974721
121.208708
120.912329
121.5306712
123.6046597
124.86128
123.8658187
123.5946918
125.1736077
124.4542573
124.4542573
124.947004
121.9812205
122.6955869
123.760159
123.3488168
124.5665623
124.241941
121.0973997
123.0002725
122.1304068
124.0904288
125.1606494
127.7400105
127.024315
126.5451912
124.9702624
120.4727444
121.3409488
120.9625007
121.0173242
116.5420679
117.2577633
113.4121462
113.8364466
116.4659795
115.8061043
113.628782
112.8675664
112.8861732
110.1589548
110.5380674
108.5650871
111.3158961
109.2229687
107.9012247
110.2792342
111.868118
111.583036
112.4206721
112.9845232
113.32609
113.623798
111.8232624
112.4821408
110.051966
105.9731
105.2617239
101.9055309
102.1254893
104.9434155
103.0272522
104.1622642
106.660553
106.9290219
106.7751839
108.9322382
109.8250301
110.9676841
110.9676841
108.2069071
106.1634869
106.4319558
101.6945436
102.6298652
104.646372
103.8552528
103.5837935
105.1966003
108.4733824
104.9816258
104.2562947
105.1444349
104.1599383
97.3840899
95.82112265
97.58743513
100.5160051
97.26414279
98.73407627
98.41178073
98.46926231
100.0970209
100.0970209
100.0970209
100.0970209
100.0970209
100.0970209
100.0970209
98.17354784
98.28684968
102.5205505
102.5720513
102.3201956
104.0463042
102.3032502
104.8075198
105.0281427
107.4623047
108.074334
109.9084282
109.9084282
108.6940053
106.3801227
109.0684662
108.976097
111.7478386
110.0639275
106.8502754
107.8174943
108.6471562
105.7720806
105.0138554
102.7508091
103.2139843
105.1563964
107.0858502
109.8276882
114.0833184
113.1573002
112.5688616
110.0097685
109.9752131
109.4303011
107.6287687
110.4636404
110.3782487
110.3782487
111.8754278
111.0454337
110.7553677
112.9635906
114.1511001
113.5825974
113.8002299
115.7004446
116.346697
115.7635746
116.2765894
115.5070672
114.82194
114.5488195
114.3840168
116.3802556
113.8068752
114.2899862
114.2899862
114.9727876
113.0210721
113.5726295
114.3846813
113.2523275
112.0561791
112.6396337
114.9973751
115.4166916
117.2208821
117.7039931
118.6854994
115.6708731
114.7269127
114.530545
112.2043686
110.8357755
111.7674422
110.4118073
110.9238253
110.4486886
111.936232
109.6721889
110.3443578
111.7132832
111.7006572
109.4057136
106.5598772
106.8173814
103.4774692
104.095147
104.9650127
105.2996019
105.4275234
103.1864064
101.5951968
101.6011775
99.90331134
101.5284118
100.7067243
97.47346876
97.57414459
96.41388064
94.99744157
94.94361489
92.91680788
94.40136095
90.48497172
90.3842959
90.59262508
92.98591868
91.5149884
87.16167275
85.54354977
89.38817009
87.55341135
91.288717
90.73549836
93.47733631
94.17708313
92.05292292
92.05292292
88.92233674
89.83871932
89.39847026
89.26689393
89.0818232
87.07794236
90.15735997
90.2125157
92.7357243
94.26247483
93.9428374
93.63217108
93.76873135
92.21739333
89.70647847
89.32238193
90.19424121
88.66516484
88.60436063
90.21816418
89.37687314
91.05314222
90.17065051
90.10386555
86.79717975
85.21892838
84.16000478
82.06774187
80.89751002
85.67280025
82.66747739
82.84158343
80.22733465
81.20518597
77.90049374
74.30972269
75.52613917
73.75750085
78.15965923
79.81732156
80.65462544
79.65650605
78.77933056
77.20207598
77.20207598
74.33497471
74.61374375
73.46610581
73.83392144
70.44284072
70.9056837
66.65736329
65.82770147
65.82770147
64.48136999
68.16550707
67.55480686
65.27647641
63.67762472
63.15530658
62.93833855
61.73056093
59.9011184
57.91584431
55.01119728
55.40858436
55.58202588
59.14455453
61.82658506
63.27525368
63.27425689
63.12772871
59.29075045
59.64560781
59.50638943
58.24810776
58.00289734
55.48301137
55.65113667
55.37269991
53.54026701
53.16480931
50.52198587
51.78624828
51.54934444
53.15550594
53.05815275
55.47071762
55.65977552
56.43826877
54.1529608
53.24787518
52.60461315
52.25108484
54.92879594
55.91761196
58.62290093
58.62821714
56.09836327
58.02748483
58.17534207
58.649482
59.06913073
58.82657842
56.92669604
55.21387798
55.40227135
55.16337394
55.37303217
55.24577527
57.63375265
57.60484573
57.60484573
57.60484573
59.25187563
59.52566071
60.28953437
56.86854994
56.19073251
55.48832759
56.75325452
56.5525674
53.90476001
54.41179402
54.57659669
52.89899856
53.03755241
53.03755241
53.03755241
53.03755241
53.03755241
53.03755241
53.03755241
53.03755241
53.35287042
54.77429344
55.08761787
54.65667218
56.28642438
56.73896719
57.03966561
57.82380734
56.21864264
57.97864211
57.81151359
56.31599583
56.51568616
57.03800429
55.70762146
56.35188028
55.66509174
56.60473276
56.92935415
57.34634477
55.54115747
55.6827017
56.98816478
58.31190234
58.60097154
57.99990697
58.27103394
59.41568151
59.26051448
61.16172591
61.84784992
62.62169149
62.72535768
62.54194826
61.47073091
63.6005396
65.10037679
66.3327419
66.68427663
66.52279659
64.44050158
64.46874398
65.46752789
67.44316634
68.14291315
68.41736276
68.39908827
66.43341773
69.24636005
70.42622755
71.30041267
71.80013689
71.47053156
73.08799001
70.43885356
71.1874431
72.08189629
71.86758637
71.67719942
71.49511905
69.50253517
68.60841424
69.17193304
73.816976
73.816976
78.3899178
79.46213194
81.70557472
81.16930152
81.13142348
81.77103061
78.79727278
79.2597835
77.35624622
78.95908508
80.18347587
81.43777038
82.03551232
81.99863107
81.85243516
81.2503738
80.89651323
83.70380707
83.70380707
83.70380707
84.5507466
84.73515281
84.0589967
82.25414166
81.93284291
80.19842773
77.71608753
78.68729358
79.82861852
77.98023697
75.29820644
75.26797047
74.85164437
74.28978689
75.22610527
76.70899703
74.80313391
77.15223647
78.14670096
78.22544739
77.24958965
77.91976502
79.66747074
80.73503319
80.64598659
80.25258667
81.1603304
80.57255637
81.61885396
82.08967126
79.35746895
80.75430447
81.7275041
82.47908402
83.16088861
84.15402404
84.28759395
84.61188307
84.60457327
84.52383326
85.30764272
86.74567891
85.75088216
85.04050291
85.86385173
85.26079358
84.0453739
82.78675997
83.22235734
83.22235734
83.38616322
83.62938006
83.44065443
85.15214343
85.42127682
83.65330303
82.16542732
82.15413037
81.72152336
80.6685805
83.06885163
82.72562349
81.78265984
81.3939116
83.11935567
83.08180991
85.63558674
85.77015344
86.4895038
87.31318488
88.30166863
89.40578005
88.46547451
89.73704671
89.46226484
88.34718872
89.43036755
90.46370686
90.98070878
91.54655343
91.02622888
90.61987068
89.82808689
88.8954234
89.15525342
88.29136846
90.45307443
91.43491291
91.95390841
90.12778852
90.16400524
91.45152609
92.21041579
90.60192846
91.47146189
91.63526777
91.59871879
92.85999083
93.29891084
93.17464431
93.45906182
93.58565419
92.81081584
91.61400291
92.08548474
92.39349295
92.42472572
90.84647435
88.76584066
88.69008459
88.64888393
88.31595596
90.00651236
89.45860994
90.11848514
91.02855472
91.81934172
92.78622834
92.7938704
92.65232618
94.23655828
93.5092336
93.70128187
93.54910521
92.40512217
92.50347215
92.85866178
93.39958666
93.18893164
90.18261199
91.14750503
92.05192613
92.29314939
92.51310779
91.97982496
93.48165574
93.35738921
93.55508596
92.11904335
93.49228817
93.59661889
93.36370221
92.58055727
92.79453493
92.87261684
93.26801034
94.26812331
94.95524411
95.82211944
95.79088668
96.80827735
96.71192095
97.38143179
98.32904713
98.32904713
98.60582258
98.80152575
100.2392297
99.23346823
99.62121967
100.0691108
99.75113468
98.20145797
99.50758557
100.3664866
99.82057774
98.64835231
98.29283042
97.26979127
94.64424553
94.14219546
91.4877428
91.11195285
92.43270004
91.84293242
90.10021066
89.43435471
91.1169368
90.83982908
87.16931481
87.16599217
88.61831569
89.45794542
89.45794542
89.45794542
89.45794542
89.45794542
89.45794542
89.45794542
89.45794542
90.84846793
91.24087106
90.14307264
88.75421144
88.8236545
90.57003117
90.84082587
91.1232498
90.26301974
91.47146189
92.79918662
92.90318508
92.96830871
92.59584139
92.49416878
91.03154509
91.70072367
93.60625453
93.85511985
93.92024348
92.81280942
92.55131809
92.67492009
92.96598287
93.49295269
94.1973512
94.45219726
93.89166883
95.05558767
95.15327313
95.15327313
96.11816617
96.46372015
95.51311444
95.95269898
96.2424327
95.12137584
95.89721098
96.75544746
95.83806809
93.15404398
93.74248254
94.71036595
94.55320535
94.90241423
97.01129031
96.92456955
95.94372786
95.3589442
95.00774174
94.42694524
94.23921639
91.41398032
89.95866643
89.80582524
90.81457706
90.05535509
89.93407893
92.04660992
91.91536586
89.76661816
89.56858914
88.96420194
87.55806304
85.78012134
86.75996624
84.20286677
85.30797499
85.80337978
86.43168996
87.40356054
86.33699488
85.11725577
87.19224098
86.87725524
84.52150741
84.11016527
83.3672242
84.76273067
86.22435757
87.23742881
88.01426075
88.01426075
88.73527242
88.51830439
90.24275167
89.72209485
89.26124546
89.21805121
87.95677917
88.15215008
87.29823302
86.08613598
84.99830546
85.82896407
87.27962627
88.47311656
88.41198009
89.45827768
90.08758464
89.93740157
89.41375438
91.01393513
90.80294784
90.37532479
90.14938564
90.94216622
90.75709549
90.18626689
91.52030462
92.024016
91.65287773
92.01803526
92.20144468
91.72929833
93.6328356
94.09767216
94.00397387
93.68034928
93.83518404
94.66019417
93.90063994
92.88989454
91.98979287
92.52606607
93.03874856
92.78589608
92.73406298
92.91414977
92.75898274
93.33147266
92.72475961
90.56172458
90.25371637
90.62119974
90.9996478
89.65198727
89.83008047
90.4633746
91.83628716
92.32737253
92.24663251
91.87150708
91.84824864
92.60813514
95.2934883
95.77327672
96.08095267
95.27886871
95.90385625
96.17398643
96.34643116
96.34643116
96.42185496
95.91482094
96.35639906
96.38397693
96.89832074
96.82721636
96.77438648
96.77073158
96.16534758
97.16080886
97.14087306
96.61357097
95.92478885
94.73894061
94.87483636
96.22548726
96.07995588
94.13488567
94.04949396
95.10476266
95.14031485
95.68356559
97.46217181
97.806729
97.20931933
98.18883196
97.50304021
98.87030429
98.45364593
98.20544513
98.98427065
99.88404006
99.45774606
99.61258082
99.77173501
99.36604135
97.97020261
97.49240778
98.33967957
97.56650253
97.78081245
98.11839211
99.15870896
98.47723663
98.04330057
98.91183722
98.54667969
98.93775377
98.58920941
100.4718141
101.4629559
102.193271
103.0727723
102.9617963
102.9003276
103.5160118
103.1794289
103.2442203
103.2801047
103.6326362
103.8957889
104.472266
103.6984244
104.3556415
104.651356
105.0015616
104.4905405
104.8204781
104.6975406
104.801539
105.2753467
106.0561658
106.6412817
106.1840872
104.1808709
104.6553431
103.7117149
104.3892001
105.7783936
106.2498754
106.4236492
106.405707
105.8717596
106.7236831
107.9464126
107.0881761
106.0883954
106.1704644
106.6997601
107.5317478
108.3428028
108.995036
108.995036
108.995036
108.995036
108.995036
108.995036
108.995036
108.1324801
106.6153652
104.2340331
101.6347361
102.7963292
103.1864064
103.1023438
102.7062858
104.5942067
104.4011616
102.5610866
100.9805094
101.0835111
101.865327
101.865327
103.5435896
102.1789837
103.6492494
104.4795758
103.4990663
103.8728627
103.82402
102.2401201
101.150296
100.6422652
97.38309311
98.43603596
97.89444655
99.06301708
99.84516523
100.2109873
100.5179987
100.9685479
101.6596559
100.8698657
101.3543058
101.833762
102.4205392
102.6946565
102.6946565
102.6946565
104.7892453
105.1713483
104.9181635
104.6722886
102.6976469
103.3568576
103.5209957
102.3491026
102.2480945
101.1951516
103.5508994
105.307244
105.4733757
105.1384542
105.2281653
106.6512496
106.6901245
106.3671644
106.3671644
105.7690902
105.6228943
106.5253218
106.0119748
106.7515932
106.3249669
106.4030488
106.4974117
106.1468737
104.8965664
104.6118166
105.2411236
104.700531
104.2227361
103.0216038
103.2412299
102.6886758
103.4625174
103.6612109
103.9167215
105.9627998
106.9516158
105.9169474
106.6210137
106.6210137
106.6987633
106.0820824
105.9714386
103.9276862
102.3680416
103.8422945
103.6622077
101.4981759
100.9579155
100.1850707
101.1532864
101.3609511
100.5881063
99.84084581
99.38165773
99.12747619
100.0368812
101.0522783
102.1131955
102.5763708
102.6142488
103.3206409
102.3670448
102.1088761
101.1406604
99.04972655
99.04507486
98.97064785
99.84084581
99.08793684
98.94639262
101.3067921
101.5024953
101.920815
101.0306812
102.5046018
102.5673996
101.7809321
100.1242665
101.0153971
99.76841238
98.15859599
96.44079398
91.14816956
88.12058505
87.23443844
90.27697481
90.28328781
89.01703182
91.22591921
90.87936843
90.09290086
88.61399627
85.50700079
85.33621738
88.01060585
87.57002452
86.55562422
87.19091193
88.76384708
89.56925367
90.85411641
91.11461095
91.03021604
88.54854037
86.30011363
88.41530273
88.63359981
89.47289727
89.47289727
86.72939801
84.84679333
86.81711555
89.08747167
87.96043407
88.11992052
88.69174591
85.84923214
82.79107939
81.02908634
83.74999169
84.54941754
84.84712559
85.36213393
82.72429444
83.20375059
82.54819481
84.12312354
84.93218503
84.93218503
87.16898254
87.00949609
87.56935999
86.70348146
87.96874066
86.67789717
86.62008333
85.24617399
85.47410671
88.04748709
88.33589176
88.78710552
88.93164012
89.70880432
89.53370148
89.82542879
89.5416758
87.78300539
89.53004658
89.73106597
89.44232903
88.93230465
86.07018733
86.91613006
88.93695633
88.53425304
87.31816883
87.36069855
85.50766532
83.44729969
83.07018068
80.83271865
81.27595808
80.29445186
81.83017351
82.82164763
82.19001482
85.48108424
84.89729737
84.42548328
82.77014679
83.80215705
83.26389027
82.02620894
82.83958985
82.28670348
82.43057355
80.35558834
80.68419689
79.11724248
79.44850913
83.38317285
83.40643129
84.97471475
84.67268728
84.63048982
84.35537569
84.53014626
84.48429391
83.06619352
84.44276098
84.86506781
85.43124473
85.24119003
84.88899078
85.94326269
86.08115202
86.28383273
86.40045719
85.07804868
86.43202222
86.60745732
86.60745732
86.60745732
86.60745732
86.60745732
86.60745732
86.60745732
86.60745732
88.88479097
89.98059581
90.03176439
91.2505067
91.4332516
91.38939282
91.60636085
93.52152735
93.88170092
92.88358153
93.24907132
93.00784806
94.40900301
92.95701176
93.31319817
93.84814232
93.37034748
94.29237854
93.40523514
93.88801393
93.88801393
93.88801393
96.04307463
95.67260089
95.76197976
93.9391825
93.49727212
92.95734402
93.89698504
94.21629021
93.22980004
94.72531781
95.81879681
95.76995408
94.81801931
95.0426294
94.14252773
94.3827542
95.35229893
95.55763774
94.00729651
95.0834978
95.28584624
93.6328356
94.27676216
93.40589967
92.62142568
92.62142568
91.23389353
91.86486181
90.64944213
90.89365576
91.09002346
91.20133171
92.78323797
92.12136919
90.31784321
90.66372946
90.8996365
89.42006738
89.28317484
89.54798881
90.25471316
89.63039014
89.16787943
89.40245742
89.40245742
91.31363676
91.08304593
91.48176206
89.43501924
89.39946705
88.53026588
88.730953
87.88102311
87.77237296
87.77636012
85.64788049
87.41452523
84.88732947
85.48374235
86.39347966
84.65208695
84.53878511
83.78521162
84.7015942
87.10950739
86.18714406
86.76960188
84.01846056
81.49425517
82.82131536
83.35692404
83.87060332
82.75021099
84.36401454
83.64100928
83.82209286
83.61974442
84.62749945
86.26057428
86.18016653
86.9739439
86.06852601
85.33621738
84.62816398
84.23277048
84.8461288
84.72186227
86.38284723
87.02876737
87.99565399
87.77303749
87.28527475
87.07694557
86.14993056
85.38838274
85.34884339
83.63702212
83.37187589
83.18979553
83.6945037
82.6664806
84.12146222
84.34341421
82.45582557
82.26709994
81.70158755
81.63081544
83.74201737
84.05301596
85.57278895
85.41728966
85.41728966
84.65574184
85.72994956
85.92963989
86.09543935
87.6102284
87.65807433
87.60956387
88.10363961
87.90361702
88.10629772
87.65242586
87.32713994
88.3937056
88.15846308
88.27940698
87.80825741
87.70957517
86.46059688
86.80648312
86.67224869
87.08525215
87.81158005
87.76007921
86.50478792
86.06985507
87.54178213
88.15447592
88.35250493
89.41275759
89.52738848
91.66650053
91.97650233
91.54455985
92.09545264
91.29536227
91.69839783
91.80704797
91.33124672
90.54311783
90.78135072
91.37444097
90.74380495
91.3986962
90.99433159
91.00629307
91.10198494
90.19457347
89.77525701
89.77525701
87.94548221
87.88667158
87.77768917
88.4973718
88.44055475
88.49537822
87.73715303
87.30554282
86.84402889
86.62207691
86.06719696
84.96840175
84.76970821
85.66216782
85.49371025
85.64522238
86.0559
85.76516949
86.39647003
87.01414778
86.5413369
87.07528425
86.78388921
85.15745965
85.47377445
85.20896048
85.05346119
85.16111454
85.41463155
84.9215526
85.18503751
87.99698305
88.88246513
89.20210256
89.20974462
89.97760544
91.14385014
91.20565114
91.13753713
91.70670441
91.42129011
91.85721975
91.41896427
91.57080866
92.51277553
93.36137637
92.44698737
91.40667052
91.51000445
91.84459374
90.77337639
89.82642558
89.95833416
91.19734455
91.09301383
91.27874909
91.91802396
91.91802396
91.91802396
92.98060246
93.69862376
93.20089312
92.37687978
91.99710266
92.13731784
93.19391559
93.17298299
93.2583747
92.39050258
91.60968349
90.9032914
92.33501459
92.14230179
92.58055727
92.31341746
91.68178465
91.51199803
92.03165806
93.1829509
93.4956108
93.68500096
93.73218237
94.637268
94.10398517
94.58477037
94.58477037
94.58477037
94.58477037
94.58477037
94.58477037
94.58477037
94.58477037
95.13998259
95.41310314
96.35041832
95.35562157
95.16290877
95.07951064
94.17409275
94.50070772
94.50070772
95.32272748
94.02723231
94.97783803
95.12935016
95.17121535
95.85235542
95.8570071
95.46925566
95.61046763
95.13400185
94.70637879
93.30821422
93.62353223
93.0520391
93.0693168
92.84836161
93.67303948
93.67370401
94.26845557
93.80561259
94.45485537
94.22393227
94.36514424
94.74824399
94.74824399
94.74824399
92.49084614
92.12635314
92.51676269
93.97506695
93.37433464
92.54068566
93.0929075
93.01549012
92.70050438
94.83729059
95.4453327
94.83197438
95.84139072
95.90119814
95.93940844
96.10919506
96.98371245
96.98371245
97.44655542
97.53095034
98.00874517
98.0266874
99.4946273
99.75246373
99.53748928
99.17698345
99.18628682
99.79100629
100.6226617
100.1933773
100.3927354
100.2917273
100.432607
98.20610966
97.98781258
98.96267352
98.4629493
99.43382309
98.18717064
98.24631354
97.30800157
97.34388602
97.09967239
95.92379206
96.15106025
97.04219081
96.46305563
96.46305563
94.26147804
94.34587296
94.91935966
95.08482686
94.89875933
93.46039087
92.29913013
91.44222271
90.5670408
92.03265485
93.3547311
96.1460763
95.49450769
95.28684303
93.85080042
93.57336045
95.12004678
93.37034748
94.45983932
95.07319764
97.263146
97.65521687
97.94362154
97.75755401
97.61501299
96.61822266
94.39238984
94.78279939
96.42285175
96.30921765
96.03742615
95.91615
94.96654107
96.0879302
95.49816258
94.58410585
95.06156842
95.44500043
94.07906541
92.59650592
92.25859399
91.63194514
92.25992305
93.43347754
92.94970196
92.09179774
92.59750271
92.21839012
91.57546035
91.57546035
91.24950991
92.13233388
92.40013822
91.58675731
91.79907365
92.89321717
94.29703023
94.45884253
95.05558767
94.85257471
95.90452078
95.74137942
96.33114704
96.77073158
96.75378614
96.68999156
95.90817567
97.1495119
97.10532087
96.33081478
96.33081478
96.33081478
97.53958919
97.58012533
97.1222663
95.88691081
96.5933029
95.64003907
95.81215154
96.08759793
98.02270024
97.91770499
97.34920224
98.08084634
97.90740482
97.90740482
98.08915293
97.15549265
98.26857519
97.57713496
98.11473721
99.08129157
98.85502017
99.06202029
98.73307948
98.88060445
97.81902275
98.73374401
98.85369111
99.4192035
99.24542972
98.51278882
98.19946439
96.92656313
97.21264196
97.1913771
96.57569294
95.90020135
96.22615179
95.0044191
95.2898334
95.7815833
96.03941974
96.87041061
95.92877601
94.54390197
94.80007709
95.68688822
96.61456776
97.28673671
97.96189603
98.44799745
98.48654001
98.15693467
98.48155606
97.89311749
97.66983646
98.82046477
98.83176173
98.81514855
97.75655722
97.7758285
97.00364825
97.64956839
97.31265326
98.17321558
98.12570191
98.77461241
98.55066685
98.74138607
99.03610375
99.62720041
100.8000904
100.5645156
100.5645156
100.3727996
99.2573912
98.69719503
98.6074839
99.18296419
98.59153526
98.86498807
99.38996431
99.28895623
100.1628091
100.5984065
100.4804529
100.8884725
100.401042
100.8396297
100.4811175
100.754238
98.86332675
98.86332675
98.86332675
98.86332675
98.86332675
98.86332675
98.86332675
95.77128313
96.36902507
97.41665171
97.35019903
97.89710466
99.02646811
98.57492208
99.48598845
99.61955836
100.0089711
100.1133018
99.23911671
100.2654785
