100
99.47849859
99.65460161
100.5797247
99.69276025
102.9516514
97.27443407
96.24074698
92.66261313
90.61566188
90.59882192
91.38528402
92.82975872
92.71295387
90.2510946
85.9479466
85.75195809
87.41266509
87.21900551
87.76666261
88.61224373
87.96175537
89.44295552
89.28620055
92.43527363
97.30166465
96.81455976
95.77316928
95.46234656
94.78409018
93.45104587
93.45104587
93.5031781
95.2661789
94.85664534
94.23965775
93.74037077
92.20220138
92.96232864
94.09795126
92.31721474
93.38440261
93.33442017
92.86505099
91.48721954
89.1686791
89.45083806
87.17260604
87.73226609
85.81967624
84.56330751
83.36910333
82.7703889
81.85135687
85.12852116
85.48556421
85.74031344
87.71632187
87.49507342
86.36804993
86.53232915
87.30445937
88.87021763
87.83097693
87.54451841
85.54808705
85.23439795
85.37305893
85.37305893
85.04969581
85.30677396
86.15522146
86.15522146
86.15522146
86.15522146
86.35049338
85.08857104
83.32342045
83.57906542
84.64607414
84.84654136
84.44578607
83.9812539
84.84045031
87.77239536
87.77239536
90.80878401
90.44045461
93.61048807
93.61048807
93.6932547
96.37582498
96.50964894
98.75240955
99.73718909
99.73718909
99.91221721
99.58240475
98.6536987
97.21011974
96.30524045
97.68880465
101.3599166
102.4899856
102.4188636
101.3823102
99.23915614
102.4516478
103.1605386
103.5775964
103.3301923
102.3715684
102.5870841
102.0130922
102.2814567
100.5082444
100.2493748
101.5587715
101.0019778
101.0075314
100.9416047
102.0863639
102.5666612
102.082781
101.9154562
100.7029789
99.83124207
100.1461852
100.4806555
101.5797319
100.4636364
102.3826756
104.2583609
104.1453181
106.7198618
107.5321213
107.0686641
107.0686641
106.1523193
106.4119055
105.1275896
103.2483214
100.2499122
101.8375266
99.69419344
100.2524203
100.2952368
101.7793033
101.4210062
101.0496313
100.0668224
99.44410207
99.68577346
99.81261062
98.26333403
96.12447957
96.31527277
96.50140811
96.31007746
95.95034719
95.95034719
94.69111208
94.27226279
96.81868018
95.54242596
95.1864578
95.71852898
97.47543873
97.7683466
98.08293144
97.10388466
97.63738902
96.48761367
95.67051717
95.88746605
94.07931981
94.05710539
94.34195157
93.25362418
92.99009667
93.87276154
94.05764284
96.86543795
96.55067396
98.02506646
98.12771858
97.04404904
96.52290593
95.41684283
95.68699883
95.19111567
95.40842285
94.88387591
94.90358225
95.16728891
94.88190528
95.29484267
96.62734953
96.99764957
98.13094325
97.88909272
97.57916574
98.03420304
98.10174204
97.89590036
97.83391497
97.11463357
96.41685
96.51484425
95.04761768
95.04761768
94.4612645
94.48061254
94.15904091
94.15832432
94.15599539
93.88100237
93.55280224
91.97074146
91.90356076
91.60026227
91.60456184
90.17746455
89.45119635
88.08268064
88.45118919
88.26684534
86.8388523
86.61240854
88.25197601
88.08393468
88.92682857
90.2691886
89.40318454
89.86753757
89.27151037
88.81575647
88.14609922
88.22420798
90.48094218
92.99385879
92.99385879
94.52575798
94.10457975
93.52073465
93.52073465
93.0843288
92.67443694
93.17408222
93.67426495
93.06336842
92.56193165
94.65044536
94.51465077
95.5307813
95.5307813
94.82744412
94.69917377
93.89999212
94.65671556
94.65671556
94.65671556
98.09797992
101.0150556
101.5668332
101.8547249
100.4356893
100.2405965
102.0113007
102.4749371
102.6503235
102.6637597
102.1995858
100.7930906
101.9690216
103.0605737
102.7961505
102.1933156
102.3584906
101.8944958
101.3866097
102.6218389
103.9487922
103.174333
104.1630538
104.3300203
104.4907165
103.8264337
102.7269991
101.6922371
100.9303184
101.3959254
102.2732159
102.0770482
102.6440533
102.7391812
102.732911
102.0655827
100.7794753
99.43890676
98.50213903
98.83428043
97.47024343
97.47024343
97.47024343
97.87422339
96.92312378
97.2885868
97.54387348
97.21567335
93.75362776
94.16728174
93.09167389
93.9087704
94.06319644
95.0085633
95.71118389
95.79610029
96.2445091
97.41578227
97.03437502
96.33927868
95.63200023
95.07771464
95.46575038
95.99997134
98.14742492
100.4247612
100.1042645
100.0207812
100.0207812
100.3575805
100.5612724
99.95897498
99.95897498
99.95897498
101.7624634
100.9052376
100.2318182
99.13112957
97.29127403
97.19990828
98.26835019
98.26351317
97.3324782
96.7604569
97.29378211
97.29378211
99.46201693
99.38802858
99.38802858
99.28878029
98.6787795
98.40557797
99.5877792
99.97993536
99.86904242
100.165175
98.44033279
98.33284366
97.67769744
97.98332485
96.0352636
97.24326222
98.26727529
99.11213982
98.78823926
98.30471734
99.14205763
99.14205763
97.5960057
97.35039305
96.1400655
96.48206006
96.68826004
96.68826004
94.84607557
93.53058782
93.79214469
94.63880071
94.35897068
94.76187576
94.32994862
93.47272284
93.2197651
92.30646583
92.26544081
92.18016611
93.08540369
93.80486424
93.80486424
93.47111051
95.95625909
95.42472537
94.82798157
93.40285491
93.26007352
93.27565945
91.74805982
90.28244559
88.53323922
88.33026392
87.34208056
88.06243685
88.28977635
86.68514285
87.03340762
85.57442189
83.97946241
82.92481494
82.12545414
82.12545414
79.85779189
82.36802127
82.99790755
85.29154634
84.08050219
84.36069051
84.0059764
83.15394593
83.15394593
82.61130499
80.95006055
80.72343765
79.89720457
78.45631284
78.57831299
80.61075321
80.50093516
81.59839913
80.75604268
80.6612731
81.71609972
81.49180575
81.01276254
79.88968033
78.30833614
77.3726433
75.09118661
74.29935005
72.59618485
72.1656909
73.37422697
75.40810038
76.59119736
78.17648281
77.44985632
76.52921196
77.29793836
77.02473683
76.02992497
76.82803173
76.19492078
76.79256032
77.38661689
81.15733542
80.23382468
77.96168371
75.30723975
73.70636837
68.60511362
69.39784592
68.91289081
67.36092699
67.36003124
66.46625916
65.43042229
66.2833485
67.32061856
68.8102387
68.70239127
69.34445965
69.34445965
68.20023791
67.66261313
67.15311468
66.68231231
65.30537661
65.70290722
65.95174455
66.19234104
66.84963705
68.6629786
69.27638321
70.30792052
68.69701682
69.25148156
71.34071186
72.3258497
73.15208278
68.7541652
70.07896868
70.23536536
69.72102989
70.8267347
70.74880508
69.96467191
70.0144752
68.3123849
67.36773463
66.86343148
65.57768239
65.31325914
65.31325914
63.64413217
64.3720127
64.3720127
64.01855262
63.2161463
63.35373238
63.64305728
63.25018452
62.44562842
60.93056919
59.83185118
59.93593648
60.41157586
60.41157586
59.9090642
60.26986936
59.78151044
59.78151044
59.78151044
57.97408079
56.87034662
57.31194777
59.43127504
60.59430738
61.51763897
61.07765014
59.65377753
58.29959369
60.02479416
60.00114655
60.57495933
61.62512809
62.45709392
63.11224015
62.31072956
62.26558413
61.57872862
61.75859376
59.48931916
59.93289096
56.91172993
54.36190872
54.76302231
53.36225985
53.64047754
53.57526747
52.7963296
52.66680521
51.57579058
49.67574114
50.84683516
49.98441408
49.29505048
51.93659575
53.28056812
53.28056812
53.4484303
53.20872955
53.12578377
52.01900408
52.02778236
50.67879383
49.5449627
49.45843396
48.90844793
50.20064637
51.15228343
52.68615325
52.53763911
52.26712481
50.36044687
49.9195623
50.44697561
50.98639188
51.10391332
50.94877068
52.12488087
52.02617002
52.3051043
52.24204401
51.75888039
51.36242467
50.69527549
52.57830583
51.76550889
52.66734265
52.66734265
52.51166257
52.11610259
52.49983877
52.41098109
52.41098109
52.41098109
52.96777476
52.77931049
52.57078159
51.87693928
51.68668353
51.58725609
51.61789049
51.12845667
49.92762399
48.73789852
48.98207798
48.98207798
48.72320834
48.72320834
47.89536292
46.68431877
45.73626468
45.0391977
44.10153423
45.13683366
42.87060459
41.45676429
41.3881504
42.685365
42.685365
44.16477366
42.76938566
42.81578514
42.02179879
41.74680578
41.0678328
40.33224889
41.17102236
41.23605329
40.86861962
40.05564354
39.73729658
38.61134799
38.4744785
37.32613634
37.41373998
37.28744025
36.61939534
36.36142144
34.90207741
33.99755641
33.15932038
34.41353933
37.70252743
36.56815885
37.33276484
39.39189819
40.5341493
39.05115766
39.05115766
48.38425929
50.99033314
51.00144035
48.0945761
45.63146278
46.97203133
49.00966686
47.63971795
46.64329375
47.7937857
50.93318476
50.71247375
50.00644935
50.00644935
50.08921597
48.57218611
48.96452142
49.51038703
52.51112512
54.77359207
54.75496062
52.6866907
51.84236361
52.4032777
51.66948527
50.02561824
49.40451024
49.86205562
49.67108328
49.67108328
50.1044436
49.78681323
48.92582534
47.11821654
45.728203
45.26259593
45.40878114
43.52951293
41.10975356
40.54292757
40.39369684
38.94993873
37.29639768
37.02857061
39.6118926
39.98183434
40.19645429
41.81506138
43.86004199
44.16423622
42.49940881
42.44566425
40.90946549
40.92236419
40.67531835
40.06012225
40.01605171
39.98452157
39.88652731
40.94386201
42.09274162
44.72407541
44.78050721
44.78731485
44.26975471
44.06875004
43.93815076
43.08737433
42.33710023
41.38313424
40.8035887
40.93580033
41.44153666
41.6036661
41.11476972
41.95425979
41.54974238
40.93150076
39.19734287
38.70504267
38.62299264
38.62299264
36.62262001
36.8141298
33.73904507
34.79852955
33.23617511
32.99468287
33.68243413
37.5334112
37.30087639
36.78367455
37.42628037
37.27991602
35.17599553
35.29100889
33.97408795
33.88952984
33.31231324
32.91370773
32.08245849
31.17596686
31.14569076
30.78990175
28.88698593
29.48480462
29.48928333
29.07258382
28.68741446
28.33897054
28.25960774
28.9643781
28.9643781
31.6576973
31.04124716
31.04124716
28.39808956
28.25065031
28.17666196
28.55806921
28.97369383
30.0903267
30.55969588
29.49286631
28.72127353
28.42012483
28.42012483
27.79991258
27.93714036
28.12184251
28.82070097
28.82070097
28.82070097
28.25333754
27.71768339
27.60481981
26.60302116
25.0978151
23.80919964
25.00394127
28.16913772
28.61073888
29.56900444
34.06939498
33.9189102
34.30927488
33.47587586
33.37107396
33.48823711
33.99486919
36.06278082
37.11617425
42.38547034
49.06233653
47.02273037
42.38923246
44.17014812
44.96520935
43.60493447
43.45247906
43.45247906
41.73372794
40.66098646
39.16043827
40.08591964
41.39334571
42.41592559
43.29267856
42.94548868
41.94422748
41.5479509
41.00996782
41.57697296
42.51804026
42.22566984
41.23999455
39.84120273
39.84209847
39.5989939
40.16205777
39.65309676
38.64735684
39.89333496
39.31647665
38.71561244
37.7485686
37.35247117
36.75554823
36.99704047
36.24031702
35.02819798
34.45116052
34.40010319
33.81321256
33.64803761
33.5380404
33.33828978
32.16683745
32.16683745
31.43197013
32.21252033
32.56938423
33.03033343
33.03033343
33.03033343
33.03033343
31.76034941
32.07009724
32.04537474
31.86730109
32.13369497
31.61093953
31.31516528
30.95830139
30.42497617
29.99394478
29.89505478
29.89505478
29.1743402
29.1743402
27.89468215
27.72108722
27.10069581
27.10069581
27.03279852
26.50323542
26.29237759
26.36493275
25.58115787
24.96291625
25.66105812
25.85830067
25.67682319
25.59423572
25.32569205
23.76924951
23.3588202
22.65942429
21.75257436
21.79413683
21.70402511
21.81903847
21.76654795
20.98098159
20.19201141
18.945675
18.90411253
18.71475252
17.90177644
17.29983733
18.11997936
19.09633892
18.73033845
18.24215867
17.92202022
17.60994346
16.88080889
16.68661187
16.96035084
17.16583422
17.16583422
18.20041706
18.13359465
18.25774459
18.33352443
18.40303406
18.40303406
18.15598822
17.40141456
17.31685644
17.86110972
18.9080538
20.46736272
20.53346853
19.87330615
19.40160804
18.55943074
18.29876961
17.72065726
17.11907645
16.98578994
17.16422189
17.37633376
16.9590968
16.88277953
16.73677346
16.58557209
16.06711621
15.14306803
14.73962551
14.73962551
14.43059427
15.19287132
14.70612473
14.84586059
15.28065411
15.44027546
15.00261557
14.63768999
14.31468516
14.00493733
13.95835871
13.29389677
13.2464224
13.0260697
12.90747336
12.95835155
12.9028155
14.07426782
13.80249948
13.8309841
13.98523099
13.5789221
13.55993235
13.56620255
14.38509054
14.38150757
14.61422153
14.45674996
14.60132283
15.35786713
16.55565429
16.59417122
16.9476313
17.08808376
17.04293832
17.13412493
16.54311389
16.154899
16.47772467
17.3218726
18.99511999
20.18789099
20.00551778
19.66889766
18.77709622
19.67857168
21.07825925
20.98133989
21.73250973
21.36203054
20.90305197
20.90305197
20.71243793
20.74826763
21.41308788
22.48385872
21.95662455
22.92366839
23.74775169
24.25277143
24.55553247
25.11483422
24.19096518
22.42276906
23.23323707
21.99657468
21.95429562
22.49550337
22.93692538
23.16372744
23.82836853
25.69885847
27.05447549
26.81119177
26.19653312
26.10068865
25.60211825
25.05195308
24.3663516
23.06591233
22.62538607
22.53814072
22.53814072
23.68200417
24.60426087
24.60426087
24.95252564
23.91471813
24.02579022
23.59314649
23.0144967
23.58562225
23.44015364
23.88748755
24.03331446
23.92976661
24.38910347
24.66499222
24.09709134
24.194369
24.194369
24.194369
24.07111481
25.86295853
28.00682914
28.39916445
27.6365291
27.48281965
27.39002071
26.44895341
26.59191395
26.22519688
26.9482404
26.80814624
27.6549814
27.13419659
26.06880021
25.32103419
25.46650281
25.99409526
25.64923432
25.19097235
24.82461358
24.04621316
23.43334599
23.38676737
23.18576271
22.44856645
21.64741417
21.50982809
21.40215981
23.70403944
23.99157285
24.0227447
23.10962458
23.07934847
23.23682004
23.1433045
22.98816186
22.91327777
22.510731
23.02184179
23.02184179
23.41489369
23.35559553
23.12933092
22.95233216
23.26440892
22.66497789
22.80614694
24.02758171
24.16534694
25.03260503
24.70046364
24.88176196
25.07363005
25.38391533
25.41239995
25.40469656
25.20978294
25.60480548
25.55338985
25.24829988
25.23092247
24.55284524
25.10910146
25.09602362
25.09996489
25.09996489
26.08349039
26.6530036
26.78575267
26.57238676
26.57238676
26.57238676
26.57238676
30.69423643
31.6883317
30.53766061
30.20856473
30.24761912
30.69638622
32.75838594
33.33864807
32.59876459
33.03373725
34.73457352
34.73457352
40.70451956
40.70451956
40.61655762
38.18927402
37.88042193
37.89009595
37.05956331
35.7449713
35.58660399
35.33740837
36.28492501
35.81609327
35.73081857
35.26485321
34.90297315
34.45778902
34.17975048
34.25373883
33.25355252
33.25355252
34.10647873
34.80587464
34.76520792
35.17169596
35.79459545
36.36339207
37.89779934
38.41464289
37.6751177
37.7245627
37.68085045
37.95315624
38.68945675
39.16921655
40.35392586
41.49993909
40.90856975
40.40372916
40.14539696
39.35194806
38.73961834
38.82614709
38.82614709
39.90265068
40.75199392
40.36664541
39.11009753
37.89134999
38.53359752
39.17351611
38.65506023
37.94957327
38.12764692
37.63122631
37.18872941
37.07461179
37.56386646
36.88704326
35.99721245
34.37287261
34.18906621
34.18906621
34.42912525
34.19049939
33.63710955
34.31178296
34.02066658
33.73976166
33.09697669
32.2286437
32.38736931
31.82555948
31.82555948
31.84311604
31.79582082
31.42283356
31.83702499
32.92159027
34.39383299
35.44167282
35.64858938
36.54755677
36.19355925
36.0398498
35.07531405
34.14983268
33.89830812
33.01528495
32.73402174
32.67221549
32.94093831
32.37769529
32.63244452
33.04932318
33.64373804
33.02460068
32.5910612
32.00005016
32.50309927
32.33487879
31.22057485
30.33934317
29.34686024
27.86601839
27.48747752
28.62489162
29.06183491
29.27197615
30.91655977
30.01687579
30.0338949
29.72271389
29.94020022
29.58960652
29.56631721
30.36299078
29.55682233
29.59910139
29.15176748
28.23237716
27.77590667
28.05358691
28.01578657
28.76337344
28.76337344
28.75405771
28.95864535
29.73167131
31.44361479
31.03748504
31.35063669
31.504167
32.52405965
32.62312879
32.15734258
32.87214527
33.00220711
33.39955858
33.33954382
33.32431619
32.74047109
31.69621423
31.57421408
31.83057564
31.7001555
31.64623179
31.23168206
31.91782098
32.35207705
32.57977485
33.21342324
32.83936108
32.31123118
32.28507549
32.28507549
32.3707085
32.42893177
32.71807752
32.71807752
33.70823152
33.90332428
34.30622935
34.04270185
34.12940974
34.44166565
34.31500763
35.30068291
35.57119721
35.60541459
35.79029588
35.41050097
36.09753563
36.71649385
36.71649385
36.71649385
37.88382575
35.03661796
33.24423679
34.06204989
34.95582197
34.7987087
34.80569549
34.70304338
35.76199041
36.86267906
37.60256254
37.63839225
37.38812174
36.99632387
36.7967524
35.58320017
35.40530566
35.53339687
35.98073078
35.57585508
35.47015744
35.33776666
34.90888505
35.65217236
35.55184917
34.9832317
34.46889623
34.56957771
34.94507306
34.32718973
32.22541903
31.14515332
30.40526983
30.35618313
30.35618313
28.00181298
29.303148
29.69118374
30.37069416
29.12167052
27.91438849
27.99195981
29.89541308
29.1363607
28.32481781
28.86799619
29.70999434
30.04625615
31.02655698
29.8563587
30.49090284
28.96903597
29.50254033
30.51616278
30.51490874
29.48301314
29.14603473
29.72504282
30.21125196
30.99054812
31.15787286
30.97800772
30.60788684
30.49914367
30.51007173
29.79938946
29.86406209
29.86406209
30.64622462
30.64891185
30.64980759
31.72380311
31.72380311
31.72380311
29.27090126
28.85832217
29.23363836
29.12399946
29.48516292
29.71106923
29.20640779
29.34650195
29.18777634
28.77036023
28.77036023
28.32678844
28.36405134
28.41690016
28.41690016
27.11144473
26.24991938
25.25295774
24.10658622
24.48261901
24.27194032
25.07363005
25.07363005
24.4405191
24.42941189
23.14348365
22.40306272
22.02201377
21.26958989
21.89965532
21.99782872
22.18862192
23.40038266
24.077385
25.14349798
26.22680922
25.77589234
25.38301958
25.62863224
25.17216175
25.06735985
24.70404661
25.35113114
25.55374815
25.5351167
25.42243226
25.18506044
25.06592666
24.96399114
24.89842278
24.74220525
24.87799984
24.84002035
24.23288594
24.36581416
23.87942586
23.48601566
23.8260396
23.60389541
24.0467506
24.27158202
24.42403743
24.00250091
23.77498226
23.1802091
23.1802091
23.07343657
22.92563902
22.3018438
21.98313854
20.8820916
21.24647973
21.15923439
21.20008026
20.8441121
19.94568216
20.99405943
21.62699124
22.36203771
22.58883976
22.0734294
22.95609428
22.7318003
22.43889243
22.98672868
22.98672868
23.3831844
23.78644777
23.39142523
22.8233452
22.47902171
22.69507485
22.50535654
22.29664849
22.27515066
22.29915657
22.55480154
22.68038467
22.45913622
22.60138016
22.47938
22.36114196
21.94157608
21.55497352
21.30434471
20.61731005
20.26402912
20.18394972
19.64327942
20.17624634
19.68358784
19.74216942
19.26079728
19.42364331
18.18984729
19.20257401
19.36147876
19.58881826
18.83370716
18.62123698
18.39318089
17.93957678
17.9743316
18.18465199
17.98042265
17.38081247
16.92147561
16.43275839
16.88045059
16.66547234
17.02896474
17.39980222
18.24233782
19.24252413
19.86022831
19.86022831
19.59401357
18.95552817
19.32349927
19.13718479
18.79071151
18.77620047
19.48724104
19.50748483
20.20885137
21.08309626
21.21405384
21.63988993
20.96754545
20.81777727
20.44281937
20.54654637
20.64704871
20.90699324
21.24755462
20.66388867
20.50587966
20.21064286
20.3957033
20.43780321
20.39910712
20.22873686
19.99691865
19.47219256
19.09615977
19.10905847
19.10905847
19.12697332
19.10045934
19.10672954
19.10672954
18.70686999
18.84033565
18.81059699
18.78981576
18.48060538
18.58773621
18.48257601
18.3736537
18.07716286
17.97845201
17.90858408
18.11585895
18.14470186
18.3555597
18.3555597
18.3555597
18.49905768
19.11944908
19.91271883
20.97972755
21.59384876
21.07395968
21.38155773
22.95143641
23.05032641
22.19901253
22.74022028
22.88891357
23.02488732
23.11052032
23.45591871
23.59260905
24.59584089
23.72589556
23.17895506
22.54405263
23.53313173
23.19579503
23.72929939
23.370644
22.93352156
23.17716358
23.17716358
22.92993859
22.5225548
22.82424095
22.4546575
22.2095823
22.393747
21.92348207
22.00320318
21.89087704
21.78589599
22.87816466
22.68414679
23.10622075
22.94409132
22.13057779
21.07413883
20.55890762
20.68932776
21.20420068
20.89086987
21.45984565
21.79019556
21.50821575
20.93583616
20.5126873
20.0705487
19.95517703
20.16693061
20.01340031
19.89390823
20.03203176
20.1680055
19.96664254
19.79125612
19.78068635
19.82099478
19.76384639
19.58523529
19.0748411
19.15169582
19.15169582
18.91969846
19.00855613
19.21242718
19.99208163
19.99208163
19.99208163
19.48204573
20.29681331
20.38710417
19.88441336
19.72282137
20.12787623
20.07914783
19.9779289
20.09849587
20.39176203
20.39176203
20.36686039
20.13701281
20.25130958
20.25130958
20.25130958
20.5495919
20.64471978
20.20025224
20.10781159
19.96144723
19.80720034
19.82708583
19.7815821
19.71010183
20.25847552
20.86381844
21.13254126
20.89409455
21.1769701
20.53955958
20.31741539
20.46252571
20.43547428
20.58345097
20.40018201
20.18968248
20.29538012
20.53257279
20.57825567
20.68699883
21.35146078
21.10011537
21.26708181
21.0474457
20.92257917
20.71458771
20.75991229
20.81329855
20.91917534
21.00857047
20.95572165
20.93494042
20.87779203
20.94425614
21.22104064
21.21136662
21.08148392
21.08148392
21.17714925
21.12501702
20.35826126
20.39247863
20.39086629
20.09186737
20.32332729
20.42723344
20.31222008
20.12071029
19.88369677
19.68376699
19.75668045
19.36506173
19.08308193
18.85645902
18.90447083
18.97577195
19.1176576
20.16066041
20.18556206
20.25292191
20.58219693
20.24647257
19.97237529
19.97237529
19.92131796
20.10404947
20.10512436
20.54081362
20.28104823
20.25614659
20.40286924
20.67410014
21.51233617
22.36329175
21.87027496
21.79897384
21.45482949
21.80560233
22.13881862
22.23555884
22.32405822
22.55892196
22.39607593
21.64006908
21.60119385
21.60119385
20.31150349
19.17247705
18.19611749
18.18930985
18.87365728
18.42847315
18.0665931
18.38708984
18.29733642
18.15401759
17.87042544
18.00675748
17.70327985
17.88332414
17.86487184
18.37132477
18.18698092
18.02503063
18.59561874
18.6190872
18.49045855
18.25917778
17.99762091
18.24430845
18.48096368
18.3423027
18.22442296
18.08988241
18.08988241
18.140044
17.89908921
17.9252449
17.61316813
17.31793134
17.36379336
17.25146723
17.28281822
17.08324674
16.98704398
16.56102874
16.68750761
16.81362819
17.17049209
17.01588689
16.76131681
16.81165755
17.23194004
17.59543243
18.0662348
18.55763925
18.90608317
19.06480878
18.85681732
19.09150191
18.92937248
19.12554013
19.51214269
19.54958473
19.55137622
19.55137622
19.81974074
19.74414005
19.74414005
19.26509685
19.19272084
19.00963103
18.96108177
18.93528438
18.68537216
18.70812403
18.89605085
18.65778329
19.04653563
19.07627428
19.30719676
19.12106142
19.25882665
19.25882665
19.25882665
19.400354
20.12769708
20.68323671
20.82351002
20.86220611
20.89015328
20.80022071
21.06983927
21.54906162
21.33766634
21.03293467
20.93494042
20.75901655
20.59169181
20.89033243
21.88012813
22.39625508
22.7502526
22.72624669
22.75473131
22.70904843
22.80990906
22.4800966
22.3439437
23.08221485
23.36186572
23.14688747
23.40271159
23.51091731
23.23717834
23.76118783
23.97795756
24.66588797
24.93765631
24.40898896
24.61608467
23.46398039
22.77407936
23.28089058
23.28089058
24.42152936
24.44446037
25.0250808
26.15801618
25.55822686
25.78072935
25.58796552
25.4115042
25.24937477
24.86940071
24.48190241
24.87459602
24.63292464
24.46703309
24.63256634
25.11895463
25.27947173
25.35829709
25.02884292
25.05983561
24.39214899
24.45162631
24.1707214
24.30257472
23.76960781
23.21173925
23.01987116
23.45520212
23.45520212
23.60371626
23.77265333
24.23306509
24.28949688
24.28949688
24.28949688
25.32139249
25.17932769
25.25582412
25.085633
24.59118303
24.3050828
23.66104379
23.93137894
23.55086744
23.73539044
23.73539044
23.47490846
23.85470337
23.85470337
23.80651241
24.39286559
24.35542354
24.34252485
24.19562304
24.30759088
23.84001319
23.85756974
23.9854818
24.19956431
24.45055142
24.61572638
25.30276104
25.03224674
25.03224674
26.09316441
27.03548574
26.49463629
26.20710288
26.2045948
25.83662369
26.41527349
26.95236082
26.85974102
27.07006141
26.71445155
26.85956187
26.94573232
26.67288909
26.31907072
26.39646289
25.21587399
25.20369189
24.50519172
24.42332084
24.8771041
24.05194591
24.0220281
24.29307985
24.29307985
24.4962343
24.55230779
24.96721582
25.24561265
25.05929817
25.34772732
25.13597374
24.71121255
24.91096317
24.57846348
24.12557596
24.39089495
24.63829909
24.47814029
23.62628897
24.01396642
23.06429999
23.06429999
22.42653118
22.59170614
23.37888484
23.22087582
23.2418362
22.9897742
22.35845474
22.22821375
22.61141248
22.2461286
22.89607951
22.89607951
22.76476363
23.18110484
23.34950448
23.62198941
23.20331926
23.55749593
23.59225075
23.217472
22.95340705
23.11768626
23.15459086
22.86598256
22.59403507
22.44982049
22.1483135
22.01735591
21.86328816
21.56948455
21.9320812
21.96450709
22.52989989
22.68486338
22.85899576
22.42294821
21.9874381
22.48690424
22.16909473
22.09528553
22.00571126
21.79019556
21.36453862
21.01878193
21.13648253
21.40807172
20.91738386
20.94031487
21.15959269
21.2688733
21.5021247
21.08972476
21.25848268
21.24988355
20.79395051
20.59509563
20.31401157
20.66388867
21.02379809
21.14508166
22.12430759
21.99532064
22.13613139
22.13613139
22.11678335
22.12162036
22.91614415
22.49407018
22.52613777
22.77855807
22.86383278
23.07110764
23.02578306
22.87888125
23.29074375
22.93459645
22.5535475
22.22713885
22.06142645
22.28948255
22.84323069
22.85308386
22.82800307
22.61051674
23.27426209
23.60712008
23.672151
23.53313173
23.60479115
23.74416871
23.73664448
23.80024221
23.69902328
23.63614214
23.63614214
23.79218052
23.67680886
23.67680886
23.71210113
23.35469978
23.01915456
22.86042895
22.99210313
22.86652
22.79486059
22.79557718
23.00804735
23.04943067
23.12968921
23.26172169
23.33123132
23.33123132
23.33123132
23.33123132
22.92707221
23.42886728
24.10139091
24.21640427
23.91221005
23.62198941
23.78662692
24.11805172
24.89501895
24.78018474
24.65782628
24.51199937
24.93998524
25.46632366
25.30921038
25.45629134
25.38266129
25.07595898
25.47474364
25.1232542
25.03493397
24.81852253
24.91615848
25.00788254
24.90075171
25.35363922
25.51200654
25.27355982
25.58957785
25.70906993
25.14636436
24.87280453
24.87280453
24.99534214
24.90970913
24.2371855
23.7156841
24.08885051
23.78680607
23.73395725
23.91955514
24.07917649
24.68129474
24.38999921
24.15262739
24.10031602
24.11858917
23.75742571
23.60926986
23.7156841
23.88927903
24.23019871
24.04890039
24.63274549
24.66212585
24.60085705
24.56610223
24.46147948
24.62647529
25.03582971
25.05840242
25.09548617
24.74041376
24.48029008
24.5825839
24.66427563
25.37227067
25.37227067
25.56306387
25.42511949
25.35883453
25.90774567
25.90774567
25.90774567
26.18130549
25.97241829
25.90720822
26.02849178
25.58241191
25.21497825
24.66373819
24.34109166
24.47796115
24.92117464
25.10928061
25.10928061
25.17968599
25.17968599
25.47635598
25.40702549
25.24220883
25.56431791
25.6451139
25.76962214
25.89000996
25.89000996
25.59835613
25.42726927
25.67126959
25.95217451
26.07990742
26.69994052
26.75673061
26.92298046
27.28020265
27.50252599
27.45845545
27.49679324
27.37819691
28.03477632
28.30564891
28.27358132
28.35312328
28.71392844
28.61270951
29.26803488
29.15373811
28.91618715
30.05736336
29.98068779
30.64371654
30.46743438
30.96457158
30.02457918
30.13708446
30.36872353
30.35600398
30.57743158
30.57743158
31.51133294
32.36551319
32.27056446
31.96637024
32.598048
31.3750009
30.76553755
31.33576736
31.33576736
32.65842106
33.18834245
32.45956617
32.29869078
31.94540986
31.7492422
31.18689493
31.16217243
31.40402296
31.03443952
30.80638342
30.78148177
31.33057206
31.78345957
31.93161542
31.48123598
31.09033386
31.62258418
31.87554192
32.65107597
32.65107597
33.82969423
33.43144702
33.54663953
33.38701818
33.8642699
33.39185519
34.05900436
34.36857305
33.97193817
33.6609363
33.51528854
33.88523028
33.81177937
34.32163613
33.89257537
33.60217558
33.94058718
34.8603358
35.39276527
34.90458549
34.78598915
34.614544
34.91623014
34.66757196
34.84654136
34.38666705
34.14768289
34.79691721
34.45187712
34.41730145
35.44238941
35.28043913
35.76324445
35.89527693
35.76575253
35.23601029
34.92966628
34.62081419
33.56347949
33.691929
34.54736329
35.43504432
36.11831686
35.81358519
34.84994518
35.02855628
35.54325004
35.80856903
35.92859856
35.65736766
36.29710711
36.29710711
36.24425829
36.64644677
36.3664376
36.85425908
36.99883195
37.896187
39.29354564
39.88330264
40.54776458
39.83600742
39.61565472
38.88813248
38.21937097
38.07049853
38.60185311
38.87039678
37.82130291
37.42251826
36.24981189
35.70125906
35.95941211
35.87736207
36.19803797
37.8474586
38.09647507
38.65935979
38.65810575
38.904435
39.32901705
39.13858215
39.13858215
39.37398333
39.52106429
39.52106429
41.32741904
41.36486109
42.25576679
42.0339809
41.66475575
42.15186064
42.97271926
43.60081405
44.1298397
45.09079248
46.41434192
47.02040144
48.40342819
49.45180546
50.24489606
50.24489606
50.24489606
51.33196942
49.39752345
47.66067833
48.84825402
49.85847265
50.73934604
50.13597374
49.77731836
48.32621516
48.87387226
48.80776645
48.81654473
48.74470616
48.15889043
48.22875836
46.10136941
47.18826362
46.27066478
45.58792969
45.54117192
43.9272227
45.69398563
46.63326144
47.36526238
46.4962128
47.20116232
47.88855527
48.85971953
48.87261822
49.07021906
48.50948412
49.11357301
48.51629177
47.67930978
47.33928584
47.30578506
47.19954998
46.12107575
45.4938767
46.32673828
45.9980007
45.74611785
45.45267254
45.72211195
45.72211195
46.16640033
46.26188651
45.95894632
45.63737469
44.74664813
43.72299336
43.19414686
43.74037077
44.70347333
44.39515869
44.54241879
44.41683566
44.16996897
43.61890805
43.87921089
42.49278031
43.16888691
43.13664018
44.74414005
46.20993343
47.25365284
47.25365284
46.72158167
46.15923439
46.15959269
46.87618686
46.87618686
46.87618686
46.87618686
47.76691341
47.35702155
47.93280496
47.33641947
46.32745487
45.78588883
44.72962902
45.6603057
45.24020237
43.88297301
43.22370637
43.22370637
43.03022594
43.03022594
42.51911515
42.39066564
40.45908606
41.17585938
41.54329304
40.87435238
40.75091903
39.03700492
39.23729299
41.57356914
40.64522139
41.56944872
41.22369204
40.62067804
41.27546597
42.66171739
43.28354198
43.35502225
42.92631979
42.92631979
42.36486825
42.22065368
42.26794889
41.27062895
41.16313983
41.1848168
41.32240288
41.48435317
41.40552781
41.99833034
42.08073867
41.94279429
42.42165834
42.39406947
42.25881232
43.04849909
43.69522533
44.34141413
44.09795126
43.94889967
43.94889967
44.11532867
44.77638679
45.36524805
45.48456098
44.90179077
45.42580026
45.03722707
45.192728
44.27369598
43.8464267
43.79895234
43.50407384
43.82439143
44.63665093
44.23195437
44.10959591
42.9067926
42.97827286
43.20310429
42.93545636
43.35663459
43.35663459
42.86110972
42.26615741
42.14093258
41.7690202
41.52466159
41.63895836
40.87847279
40.87847279
40.43651334
40.97879598
41.41197715
41.60312865
41.54042666
41.19037041
41.19252019
41.21007675
41.82043583
42.51571133
42.75039592
42.06013658
43.03864592
43.13323635
43.04634931
43.08594114
43.26419394
43.31256405
43.225677
43.81722549
43.62679059
44.15778687
44.4804334
45.26922443
45.16263105
45.74074339
45.90824728
45.37259314
45.33748002
44.29680614
44.77656594
44.17176046
43.43026464
43.4352808
44.32296183
45.20759733
46.69757576
46.33372507
45.7459387
45.88406223
46.23949294
46.30112004
45.07896868
45.30559158
43.90035041
44.35700005
44.39945825
45.5370515
44.82636923
44.82905646
45.68610309
45.68610309
44.70418993
43.12392063
42.69378498
43.60188894
43.09113645
43.54724864
44.14220095
43.94191288
43.87562792
43.44173014
43.66620327
43.25792374
43.5275423
44.63611348
45.29412608
44.86954403
44.95016088
45.30218776
45.72909874
45.26797039
45.62465514
45.04672194
45.21386753
45.17535059
45.78678457
46.05264101
45.66926313
46.16496714
46.50051236
46.50051236
45.71046729
44.94586131
45.14973235
45.14973235
45.08183505
45.37599696
46.32100552
46.72444804
47.55605558
48.17053508
47.6642613
47.84376814
47.53599094
47.51198504
47.10549699
46.85504733
47.02720908
47.27353833
47.27353833
47.27353833
48.85989867
48.9054024
49.5080581
49.47258669
49.20905918
48.74416871
48.86240675
48.79612179
49.36832224
50.00573275
50.00483701
49.74775885
49.79380003
49.08329691
48.77229504
49.35846907
49.46757053
49.00948771
49.00035113
48.92403385
49.54066314
49.64797311
50.05929817
50.32210908
50.94518771
51.30008098
51.48478312
51.49768182
50.82426245
51.00627736
51.46346445
51.5426481
51.14135537
51.43551727
50.84576027
51.37084465
51.37084465
51.9914152
52.28916008
52.45970949
51.88338863
50.62218289
50.59513146
51.1060631
51.84021383
50.80079399
50.72913457
50.37549535
49.47509477
48.61625666
48.57523164
49.61429319
49.50160875
49.89161513
49.35972311
48.87888842
48.3278275
47.81098396
47.91059055
47.45967366
47.22463077
47.02720908
47.65297494
48.63435066
47.69740378
47.61105418
47.61105418
47.54333603
48.01754223
48.8692144
49.207626
49.207626
49.207626
49.207626
47.50983526
47.50141527
48.02757454
47.74129517
47.53240797
46.53759611
46.30076174
46.71907359
46.13272041
46.14329017
46.14329017
46.95017521
47.46594386
47.46594386
48.672151
48.43065877
47.84340984
47.86759489
47.7384288
47.53366201
47.18432235
46.68969323
47.18091853
47.54656071
47.04799031
47.04799031
46.51161957
46.43673548
46.4105798
46.41362532
47.04601968
46.89284767
46.83731163
47.28572043
47.52810841
47.94910748
47.89106335
48.02220009
47.50016123
47.63183541
47.2343048
48.0263205
48.45914338
48.36580699
48.35093766
48.10890798
48.87458885
48.54083512
49.03671829
48.76942866
48.33696408
48.33714323
48.41883496
47.56232578
47.56232578
47.5716415
46.8276376
46.55371948
45.0823725
45.5735978
45.65708103
46.24343421
47.16909473
47.37439896
46.7608152
46.50158726
46.28786304
46.48779282
46.3485944
46.3485944
47.35308028
47.11391698
47.72463436
48.17770102
48.69114075
48.65674423
49.56663967
49.8704756
49.56448989
49.49175558
49.38229582
49.03743488
49.21765831
48.94051552
48.94051552
48.57756057
47.93728368
47.80543035
48.3222739
49.02883575
49.85954754
49.83930376
50.20405019
49.86115988
50.27768024
49.98387663
50.03045525
50.38875234
51.41921476
51.24705301
51.09997205
50.88302317
51.16410723
51.82229898
51.48299164
51.35633362
50.85059728
51.19545823
50.74579538
50.571663
50.79613612
51.95074848
51.8076088
52.20854324
51.90918602
51.83358534
51.93695404
52.01434622
51.74795233
52.01147984
51.23505005
50.90756652
51.09352271
50.59835613
50.42189482
50.23450544
50.34736902
50.47366875
50.07631728
49.54155888
49.19598134
49.03671829
48.03241155
47.90306631
48.28142803
48.28142803
47.42420225
48.27049997
48.30919605
47.98529549
48.0639417
48.90253603
49.48709772
50.04711607
50.21282847
49.82335954
49.27014884
49.29397559
49.16982565
48.98028649
48.8625859
48.61589836
48.02220009
47.86777404
48.52865302
48.27408294
48.42026815
48.17178912
48.21962178
48.27032082
48.10317523
48.31922837
48.14975385
47.83355667
47.80919247
47.80919247
49.18272435
50.76371024
50.7008291
51.01702628
51.01702628
50.81440928
51.01111438
50.5960272
50.48262617
50.54801539
51.24275344
51.16303234
51.08438613
51.21964328
51.49159077
51.83430193
51.67468058
52.04659295
52.30779153
52.30779153
53.35831858
55.02708726
54.73113387
55.21626812
56.45239307
56.15428989
56.18044558
55.15356613
55.13636787
54.88770969
54.99269074
53.91117099
54.43589707
54.74761553
54.88573906
54.58190313
55.95955542
55.94629843
55.82788125
55.51096747
56.10789042
56.04303865
54.97370099
54.97907545
54.73758321
54.60268436
53.88573189
53.95613727
54.16377043
54.16377043
53.27877663
52.94143992
53.74115902
54.17021978
54.0075529
53.11127274
53.45631284
53.57293854
54.29042845
55.42820085
54.56345083
54.85385062
55.11666153
55.21608897
55.09426796
54.10590545
52.40614408
52.96759561
52.93122846
53.22574866
53.57652151
53.63707372
53.64979326
53.53065948
53.02581889
52.69708131
51.90112434
52.61825595
52.70926341
52.81908147
52.35508674
52.065941
52.27715713
52.57346882
52.98909344
53.73327648
56.03085655
56.03085655
56.2451182
54.9973486
54.66968592
54.33611133
54.33611133
54.33611133
54.90150413
55.11827387
55.11827387
55.7845273
55.77377839
55.61541107
55.01741324
55.64120846
55.34668826
54.92586833
54.92586833
54.98032949
55.52225383
54.88932203
54.88932203
56.21358806
56.58962085
56.53390565
56.15393159
56.15393159
54.69440842
54.46724806
54.41296605
53.22341973
53.13026249
51.7024486
51.96131825
50.79076167
49.83554164
51.16554042
51.67575547
50.8668998
50.72017714
51.00090291
51.82104494
51.09119377
50.01863145
48.78501458
47.88085189
47.31635483
47.31635483
47.31635483
45.62232621
45.74217658
47.37332407
46.81778443
45.69971838
46.01573641
46.92527356
46.92975227
46.84895628
46.76798114
47.52398799
47.8546962
48.60138733
49.26083311
50.24400032
48.94374019
49.5327806
49.40468939
49.34646612
49.34646612
49.3973443
48.09027653
47.20743251
46.66765796
47.17285685
47.38855169
48.20242352
49.4224251
49.20117665
49.60282768
49.81726849
50.32121334
49.98835534
49.87280453
49.44696845
49.99390895
50.66929896
50.70889078
51.11519968
51.67360569
51.38463909
50.50985675
51.55285957
51.55285957
51.60875391
51.8936001
51.71409326
51.57417825
51.47385506
51.49553204
50.73468817
50.34253201
50.10193552
49.44517696
49.85023182
49.65370587
50.05481945
50.69599209
51.26120574
50.92458563
51.13436857
50.44751306
50.42064078
49.79577066
50.0490867
50.89645931
51.30115587
51.3027682
51.71642219
51.63634279
51.63634279
51.40774925
50.45270837
50.71408609
50.77248852
51.16679446
50.66320791
50.28412959
50.24346287
49.88176196
50.41669951
51.21373138
50.98836251
50.71677332
51.37532336
51.1311439
52.04462232
52.29829666
52.87372178
52.1456621
52.80833256
53.07651793
53.46956983
53.46956983
54.00916524
54.18992612
53.74008413
53.51973142
52.80474959
52.96490838
53.64871837
53.51077399
53.79185806
53.91905352
54.39128908
54.3278705
54.77448781
54.61665795
54.30189396
54.40329203
53.99805803
53.95058367
53.80708568
53.25781625
53.00951637
53.28074726
53.21123763
52.85114906
54.04857792
53.4177959
54.12829902
54.22396434
54.60698393
54.54213215
54.54213215
54.91995643
54.84793872
54.16663681
54.16663681
53.97261894
53.80618994
53.77304746
53.97046915
53.44162266
44.60046292
50.00376212
48.6599689
48.92887086
49.28286838
49.70494235
49.61035192
48.94983124
49.23861869
49.23861869
49.23861869
47.63846391
46.70796638
45.05711256
45.41021433
44.13700564
44.52701202
46.0411755
46.78195473
47.67250213
47.59296018
47.34878072
47.627715
47.91345692
47.77515425
47.18127683
47.80758013
47.94194154
47.7074361
47.20062487
47.22982608
47.32674544
47.33337394
48.45591871
48.8079456
48.59404224
48.68451225
50.12827036
50.7189231
51.05321428
50.49695806
50.96453575
50.6332901
50.06807645
49.93855205
50.28842915
50.49731635
50.62719905
50.50663208
50.19097235
49.88212026
49.26943224
49.50895384
49.29003432
49.29003432
48.97598693
48.61231539
48.65549019
48.53653555
48.69973988
48.90432751
48.5743359
48.89304115
48.6293345
48.49156927
48.61876473
48.56430358
48.95502655
49.21891235
49.36151459
49.30257472
48.48117865
48.66050635
48.89626583
49.40003153
50.23790926
50.89628016
50.66679088
50.66679088
50.26478155
50.3505937
50.89735505
50.72608904
50.72608904
50.72608904
50.93873836
50.64081434
50.19724255
50.18559789
50.05284882
49.82156805
50.07864621
50.22787695
50.48925467
50.74203326
50.74203326
51.20154928
51.61914453
52.23702785
52.23702785
51.7459817
51.01236842
50.89198059
50.91795713
51.40183735
51.53745279
52.4032777
52.5689901
52.94878501
52.85741926
53.4174376
53.19618915
52.30062559
52.10678686
52.86798902
52.76766584
53.63940265
53.63940265
55.1324266
56.33594651
55.21429749
55.01974217
54.82626174
54.32840794
54.82267877
53.91170843
52.50091366
53.04606267
54.0754502
55.77019542
55.39201284
56.51061634
56.25694201
55.75711757
55.0833399
55.16861461
55.55629206
56.06525307
56.04178461
57.34670259
59.18548324
60.2965625
60.22418649
60.92071602
62.06493776
63.24355603
62.12208615
61.86214161
63.17046342
62.93792861
62.91016059
62.58643917
61.78474944
62.28887344
63.44438154
64.97681818
65.24589929
64.99132921
63.39708633
63.39708633
62.67458025
60.72293603
60.70072161
61.1815563
59.33811779
59.20017342
60.76467764
59.2266874
58.61901554
58.61901554
57.54502003
55.90921468
54.28935356
54.91225304
57.50435331
55.41243578
57.07887552
57.79134928
57.38396549
57.46583637
57.34903152
57.67866484
57.65716702
59.44506947
60.00240059
59.30855828
59.45975965
59.13800887
58.47372607
58.08945245
58.59160582
58.52137959
58.86014948
59.28383579
58.35781697
58.24513253
59.26269626
59.51905782
60.97661037
61.53698701
61.37037886
62.10650023
62.01674681
62.32954016
62.80965826
62.89941168
62.607937
62.44956969
62.78708554
63.78440548
64.14216512
64.84317337
66.18750403
66.09685487
67.09883267
66.97307039
65.99205297
65.24070398
65.32024594
63.96839103
63.96839103
64.45549592
67.02126135
67.17371676
69.08988957
68.51876402
68.39318089
68.09543601
67.11800156
65.17441902
66.5051344
65.89208808
65.19161728
65.27671284
64.30536944
63.89726906
64.42360748
64.00368329
63.3139614
61.76128098
61.75608568
60.01046227
60.33167561
61.67887265
62.48719088
61.60237623
61.51531003
63.68551548
63.59594121
62.16042394
62.34709672
62.34709672
63.59397058
63.15648984
63.15648984
63.03914754
62.46820113
62.52337888
62.70897678
61.21541537
60.82558814
60.03733456
58.8081964
60.72526496
60.72526496
63.41303055
63.32166479
64.13750726
64.66366653
64.66366653
64.66366653
63.18067489
62.37683538
61.22007324
59.99003934
60.49004292
61.55884313
59.49039406
59.21952146
58.86695713
57.88146099
57.68135207
59.18118367
58.9196268
56.91549205
55.03819447
54.8626289
53.93338541
56.65823474
55.29025647
56.38664555
57.12187117
59.11149489
61.06260167
61.38632308
61.07729185
59.83901712
59.51959527
60.54629557
60.31752288
61.48360074
62.55168435
62.77275366
62.20700256
61.90782449
62.86806068
62.3001598
62.3001598
62.28385728
63.2596794
62.98594042
62.70324402
63.52087797
63.89798565
63.6889193
62.35085884
61.82434127
62.23620377
61.80553067
60.6774323
61.95314907
62.50259765
61.29674881
61.60040559
60.55973171
61.16955335
60.93433131
59.90655612
60.27345234
60.70860415
62.04791865
61.69015901
62.15594522
62.36751965
61.78044988
62.30392192
62.51818358
62.50008957
62.27651219
62.27651219
62.66221901
62.60435403
61.98270858
62.50546403
62.50546403
62.50546403
63.10973207
64.24786276
64.1376864
63.68676952
64.33242087
63.15398176
63.23083648
62.67493855
63.20038123
62.90174061
62.76128815
62.76128815
63.47017893
63.47017893
63.88329547
64.1568553
64.17279952
63.73746856
63.26648704
63.14394944
63.98182717
64.53987488
65.81326272
65.81326272
65.98058746
67.15132319
66.22584182
66.08521021
64.53969573
64.47108184
62.41141105
62.50564318
62.35909967
60.49344675
59.93468244
59.95277644
59.91175143
60.44167282
59.48036174
58.40582878
58.42392278
58.5756616
57.77880888
58.59357645
57.71986901
56.78148894
54.85832933
57.07565085
57.04125433
56.69961806
57.89041842
57.73438004
57.72040645
57.22488158
57.22488158
56.29868362
54.66932762
54.8250077
53.99483336
53.34739052
53.14387778
52.97547815
53.82159672
52.63796229
50.66840321
48.53510237
48.53510237
48.07236168
50.27463472
49.98136855
51.10248013
50.88158998
50.30544827
50.42081993
49.60873958
48.92743767
49.66606712
50.07165942
49.67484539
49.03062723
50.07577983
52.86727243
51.512372
52.87031795
52.87031795
52.5822471
52.67880816
52.84487886
52.00252241
51.35275065
51.25224831
49.9874596
50.69814187
50.6635662
49.88677812
50.52383034
51.25511469
51.26317638
50.6576543
49.16946736
48.16695211
48.68881182
47.90002078
49.69329769
49.50035471
48.70654752
47.89643781
48.6780629
47.73789135
45.75202975
43.94907882
44.00568976
46.45608353
45.65152742
44.91719754
46.19273517
46.43010699
46.17607435
44.5291618
44.19379573
43.89748404
44.33639797
43.91880271
40.79660191
39.29103756
36.27919226
37.11223298
32.99414543
35.65378469
37.65057435
35.71254541
35.41856266
34.71325484
35.36768447
35.65073917
34.40368616
34.40368616
31.70105124
27.53602677
28.95237515
27.60983597
29.77287548
30.64658292
33.66398183
34.3617654
34.50848806
34.98681467
35.06993959
34.29333066
33.17078589
32.52119327
32.36479659
32.03731306
32.48482612
31.15106522
30.16019463
28.85724728
29.18078954
28.16555475
28.73668031
29.22091882
28.67863618
29.7390164
28.64459795
28.31030677
28.90705057
28.88268637
28.88268637
30.34346359
31.5337265
31.5337265
31.89399422
31.83577095
32.82950791
33.52711234
33.62582319
34.03481931
33.35405485
32.31409756
32.60843861
32.4500713
32.80227734
32.85405127
32.90331711
33.15770805
33.15770805
33.15770805
33.15770805
35.79083333
35.41695032
34.35710754
34.50759232
34.00615554
33.28257458
31.61004378
32.19263485
30.94056568
31.72326566
31.62652545
31.50685422
31.23741481
32.02172714
31.69030233
31.93824391
32.68833886
32.97031867
31.81283993
32.00667866
31.00488001
31.32609334
31.49950913
31.45615519
32.55326086
32.55326086
32.28776272
32.40116375
32.1308286
32.80783094
32.80353138
31.9584877
32.03408838
32.27414743
31.58550043
31.66217601
31.36425198
31.66199686
31.55002902
31.52584397
30.17166013
29.87678163
30.33056489
30.56453289
30.68456241
29.96277293
30.58262689
30.28255308
30.44754889
31.35063669
31.36532687
31.04948799
31.49735935
31.56041964
31.73920988
32.42767773
32.48948398
32.3828906
32.62348709
32.80568116
31.65321858
31.80585314
31.72917756
33.22041004
33.55416377
33.55416377
33.20948197
33.23241299
33.28776989
34.05112183
34.05112183
34.05112183
34.05112183
33.87340647
34.16523945
34.95277644
34.82486438
34.26645838
34.63174226
35.29459186
35.45725874
35.33077987
36.0892948
36.98002135
36.98002135
38.53825538
38.53825538
39.67996904
39.91286215
39.91286215
40.65184989
41.10366251
41.90302331
39.6975256
40.76955048
41.09398849
42.3897699
42.79589965
41.61996861
41.95766362
41.39352486
40.81845803
41.92165476
42.01069159
42.03881791
43.97989237
43.73356312
44.60476248
45.43601172
46.29699962
45.90914303
46.79019556
48.45753105
49.02561108
48.97437459
47.68540083
46.08954561
45.15707744
43.97810088
45.28713928
44.85234577
43.53202101
44.53776093
45.37707185
46.14293187
46.45357545
46.1216132
46.1216132
45.3776093
44.89247504
44.89247504
44.89247504
43.97039749
44.25130241
42.6421902
42.28693864
43.70292872
44.87921805
44.62912669
45.69738945
47.24881583
46.94014289
45.53723065
47.2332299
47.17805215
47.4365635
47.91148629
47.17572322
47.48188808
47.8787021
49.54747078
49.42887445
49.44661015
50.2576156
49.53367634
49.41758809
49.16033078
49.16033078
50.27785939
50.13955671
47.89536292
48.74416871
47.98511634
48.67573397
48.85918208
49.44428122
49.29200496
49.27319436
48.81009538
49.32138532
48.77587801
48.89339945
48.72822449
49.39680686
49.64134462
50.94984557
52.11807322
52.35401185
52.97064114
53.17809515
51.9674093
52.75476714
53.29364596
53.44950519
53.64173158
53.0668439
54.04320346
54.4622319
54.40705415
53.95757046
52.89987746
53.47996044
53.60285634
54.67667271
54.31658414
53.75835728
54.88950118
55.85582842
55.71967553
56.15823116
56.3502784
56.03049825
54.81067582
52.1453038
53.58458319
54.39970906
54.05574386
53.20120531
52.46347161
52.46347161
52.70281407
52.70908426
51.81602878
50.7189231
50.17556557
49.48835176
48.67233015
50.13919842
49.74525077
51.18739654
52.37712201
51.95898932
52.82911379
50.93855922
50.9340805
51.86153251
51.80008456
51.87192312
51.14780471
50.73647966
50.28699597
49.33858358
50.89000996
49.98047281
49.46918287
50.21264932
51.97385864
50.63149861
51.62577303
51.11717031
51.11717031
50.7443622
50.3565056
50.3565056
51.21767265
51.68041333
51.69295373
52.36207354
52.29901325
52.13706297
52.1397502
53.04032992
53.52833055
53.31156081
53.58064193
53.85509749
54.58190313
54.04839877
54.04839877
54.04839877
53.74868326
53.62542906
54.02063075
54.12131223
54.54804406
55.00738092
54.96510186
55.05700507
55.23704935
54.8257243
54.78523673
54.0019993
53.66287111
52.55215014
52.18328329
51.75583487
51.00000717
50.17126601
50.33626181
50.95432429
50.89484697
50.50215337
51.74580255
51.22537603
50.30616486
49.9140087
49.68129474
49.91060488
50.369046
50.4675777
49.55409928
49.9442848
50.42511949
50.32103419
50.62988628
51.17736422
52.05465464
52.26246695
52.48138647
52.90901404
52.90901404
54.04374091
54.31658414
53.8112061
53.43750224
53.27089409
53.1347412
53.07723452
53.59156999
54.38412314
54.51579732
55.89739088
56.97049065
56.31140316
57.6589585
57.45920788
58.25462741
58.78239901
58.72955019
58.21772281
57.23742198
58.65287462
59.03284868
60.01135802
59.91927567
60.37520871
60.37520871
61.29406158
58.50256899
58.75624333
56.25980838
56.25980838
56.25980838
56.25980838
54.74689894
54.00325334
57.39990971
56.97174469
56.85529814
56.17954984
57.10252313
56.69728912
55.50415983
55.77037456
56.74082222
56.74082222
59.94919347
59.94919347
58.5937556
57.26680234
57.99539947
57.24602111
57.49629163
56.79026722
56.68868999
55.44701144
55.8085332
56.27557345
56.27557345
56.27557345
54.48480462
52.69905195
53.32714674
53.6085891
53.6085891
55.38215967
54.05377323
54.66628209
56.12526783
56.59929487
55.55665035
55.10089646
55.73418656
55.85475353
56.16933837
56.77575619
56.53032268
57.42319902
57.36587149
57.37464976
58.77505392
58.46781417
58.56168801
57.30818566
57.29044995
58.02101771
57.61309648
57.197651
57.197651
57.16647916
57.17292851
58.24029552
57.96583996
58.14910892
58.18798415
58.01295602
57.83828619
57.78275015
57.63961046
58.08389885
58.14086808
57.98662119
58.33273617
58.46727673
59.22847889
59.22847889
61.00563243
60.98700098
61.05848125
60.4807272
60.99721245
61.13891895
61.36625845
62.12763975
61.84888462
61.43863446
60.37879168
60.47553189
60.47553189
60.47553189
60.24496772
60.82988771
61.72975084
62.56458305
62.78672724
62.54792224
62.15200396
61.5934188
61.34010276
62.21810977
63.30446653
63.77347742
64.56137271
64.66814524
65.21508574
65.51641359
65.13626038
65.13393145
65.06263033
65.04274484
66.05708389
64.52500555
64.31719324
64.60615984
64.60078539
64.62246236
65.92773864
67.0207239
67.30216626
67.38959075
68.53237931
68.42453188
69.35914983
70.16639317
70.30863711
69.76115916
69.91827243
71.16872926
70.62017643
69.91343542
71.08685838
71.03096403
72.25544432
72.00732359
71.98582577
70.57628503
71.25525801
70.59151266
70.79341307
71.27048564
71.27048564
71.72104422
70.54457574
70.74128084
70.54977105
72.10693018
72.08310343
73.21138095
74.96040817
76.10212184
76.92405535
76.11806606
75.5528524
74.05875356
72.98583293
73.75420103
71.84483586
70.88513712
72.46289834
72.91901053
73.95878867
73.29988033
72.69364166
71.51126128
70.98922242
72.4240231
71.37403349
72.55784706
74.19204007
74.39626941
74.39626941
74.91024658
73.73664448
74.31995213
74.31995213
74.06161993
74.41830468
74.1821869
73.27623272
72.83194433
71.38603645
72.18683043
72.71549778
72.96308107
72.75885173
72.49836975
73.30561308
73.84610424
73.69866499
73.69866499
73.69866499
74.96578263
75.63812711
75.59692294
74.44571441
72.6089044
71.95411648
72.61947416
74.44786419
74.16713842
73.28680249
73.30185096
74.09171689
73.06877871
71.41631255
68.43617654
68.65491691
69.81454543
70.73877276
70.22139177
68.84373948
68.67462325
70.49674308
70.68180352
70.84070828
70.54063447
70.15940637
68.85126371
66.72387477
66.76525808
68.7109904
69.22245949
70.51214985
71.59546109
71.59546109
71.84662735
71.200976
71.61964615
70.58201779
71.45106737
71.95877434
72.64437581
72.04172011
72.110334
72.40861633
73.06895786
74.55947373
74.31887724
74.33876273
73.26835019
74.63901569
73.05444683
73.3160037
72.80650524
72.98117507
74.45126801
74.48727687
74.93066951
75.47456449
75.89377208
75.31942185
75.52830905
77.04963848
76.51559667
78.09622427
79.49895736
79.20336226
79.20336226
80.34740485
79.80763029
79.09658973
79.59551842
79.59551842
79.59551842
79.59551842
79.98785373
80.27090843
81.40420211
81.54555031
81.01562892
80.97245412
80.21429749
80.53121126
79.78577417
79.71106923
79.71106923
77.63939548
77.84362482
77.84362482
75.86743724
77.83860866
78.93983475
80.14048829
78.70962888
78.52206035
78.52206035
78.52206035
77.76838243
77.91832976
77.26676651
76.00699396
76.90470731
76.33394005
76.85382912
77.07346523
77.84040015
77.5143498
76.92477194
76.11770776
75.74185412
74.75994095
73.42438857
72.36167941
72.70331568
72.80417631
72.57146235
74.24668038
73.80472092
72.93352156
72.74290751
72.21961462
73.69705265
73.22248816
72.39679252
73.1617568
72.38461042
72.75186494
74.42314169
75.33267884
75.33267884
79.18186443
78.77627213
77.4460942
78.1472816
78.75728239
77.66895499
76.17055658
77.31406173
77.67755412
77.67755412
77.7966879
79.10841353
79.40042566
79.50648159
81.36425198
81.60735656
81.00882127
81.53426395
81.80549484
81.58621703
82.18654379
81.64014074
80.65930247
79.87713993
77.46311332
76.28216612
73.41704348
74.63310378
74.82425528
74.82425528
76.51595497
75.688647
76.8626074
77.03799382
74.96578263
74.52346488
73.75527592
72.68629657
71.47919369
72.74075773
74.1459989
73.24326939
75.42243226
75.58886126
74.83303356
73.34771299
73.76530824
74.98047281
75.23110162
74.26172886
72.48869573
71.77622197
71.18736071
72.31922121
72.09600212
70.9736365
71.90395488
72.16139134
69.16799834
66.87005998
63.35462812
66.81434478
65.58574408
65.24661588
64.38616543
60.75106235
59.56330751
60.39885632
64.58394542
64.84030699
65.89692509
67.89102752
68.00120388
66.78353123
68.34588567
69.9960229
68.54169503
67.21563752
65.02160531
66.06120431
66.06120431
68.86040029
68.48848791
70.12375581
71.63845674
71.61427169
69.78874804
70.57144802
69.6579696
69.5786068
69.23070033
71.21548703
69.7505894
69.55280941
69.45069474
70.5927667
70.39229948
70.96396248
70.34858723
69.42865947
68.16333331
69.0003153
68.65169224
69.05280582
67.80861919
69.27799554
69.56982852
70.2912597
72.26261027
73.20779798
73.20779798
73.15906957
74.68183219
74.3611563
73.30668797
73.30668797
72.99658185
72.7506109
72.33498628
72.99550695
72.97006786
72.98457889
74.08867136
73.71210113
73.04136898
72.79038187
72.60424654
72.63649327
72.72248458
72.84430558
72.84430558
72.84430558
73.50231818
72.96720148
72.7189016
73.65584848
74.08652158
73.89966965
74.05732037
73.46200976
72.92098116
74.89197343
74.58115071
75.02955951
75.2217859
75.52615927
75.76962214
74.79380003
75.7495575
76.66106529
76.49750267
77.28969753
77.40309855
78.24348437
78.44484733
78.44753456
78.93141477
80.08656458
80.27395395
80.14765423
80.36442397
79.99878179
81.64927731
81.08925897
82.07780063
82.37948678
82.87071208
82.80532286
82.81732581
83.59715942
82.40564246
83.39687135
84.63657927
84.56527815
84.70089359
83.8520878
83.30066858
83.30066858
84.33471397
83.41765258
82.31141033
82.86336699
83.76287182
84.30622935
85.49022207
85.93433131
86.58213244
86.93290529
85.54396664
85.86016381
85.2039427
86.92591849
86.49775348
86.73225892
85.7634236
85.90889222
87.46515561
85.92626963
84.73833564
84.73833564
84.73833564
83.57207862
82.49557503
83.41066579
83.41066579
83.41066579
82.5116984
83.16021612
84.85675283
85.60057757
84.81662355
85.40333503
85.01565758
85.66274212
85.79316226
87.68156705
87.68156705
88.45907172
88.5416592
87.50188106
87.50188106
87.89851593
85.49344675
83.94040803
84.17455517
82.63871472
84.11131574
83.09285627
83.36946162
82.07654659
80.20587751
79.32213774
77.77160711
79.25674853
79.30977649
79.64138045
80.75299716
79.50683989
80.06148378
77.48783581
77.48783581
76.21283563
77.57042329
78.32159313
78.93248966
81.31910655
81.45902156
81.29384661
80.80351704
82.26124874
81.79850805
82.68475589
82.73258855
81.02619868
80.64461229
80.11289941
80.22218002
81.49198489
82.17221191
82.46279085
83.57637819
84.28132771
83.9321672
84.37609728
84.10253746
82.9792761
84.6503737
84.82002737
83.56831651
84.73761904
85.12744627
85.72150284
85.24335538
84.146608
83.87555626
81.97765659
82.14551878
82.15358046
80.94092398
81.4794445
83.09751413
83.80747981
83.71271023
83.71271023
83.14677998
83.76824628
83.64266315
84.05757118
84.58874661
85.12852116
85.12852116
86.43111022
86.17600269
85.60595203
84.87520513
85.25410429
85.18656529
84.79082616
84.88255022
84.34635863
84.20411468
84.26842901
82.93556385
82.29259973
83.33399021
83.98483687
83.93431698
83.74800249
84.28921024
84.4540269
84.81948993
84.59232958
85.51440713
85.33507943
87.31628317
88.16920938
86.90442067
87.64519989
87.14197164
87.09055601
87.05185992
86.97643838
85.85192298
86.39725114
87.86304452
87.33240654
87.3551584
87.2514314
87.6500369
87.6315846
86.54379465
85.90369691
85.64536471
86.30283986
86.50617346
85.87091273
85.40745545
85.98305971
86.64465528
86.13551512
86.16847846
86.16847846
84.80892016
85.06940215
84.35854073
84.72400375
85.83866599
85.98610524
86.0889365
86.66418247
86.31251388
85.86016381
85.98556779
85.50974926
85.78295079
86.02480132
85.4873557
84.24030269
84.1163319
84.83364266
84.69820636
84.45062308
84.50812976
84.90781016
85.10254463
85.46317064
85.72365262
85.77685974
86.57586224
87.41481487
87.87038961
87.61581953
87.61581953
88.50690438
88.63374155
88.63374155
89.32758386
90.35750883
90.39154706
90.80305126
91.01982099
91.20971845
92.19628948
92.3465951
91.67192169
91.60044142
91.83243878
92.02054475
92.91628747
92.41789622
92.41789622
92.41789622
93.37938645
93.17229074
93.77673792
93.03273402
93.21080767
93.28587091
92.34946148
92.27206931
92.68321521
92.26544081
91.58395976
91.91592201
92.81327706
93.02879275
92.86182631
93.12105425
93.48938366
94.57914424
95.24235215
95.49584734
96.44372228
95.35646977
97.01610187
97.79575633
97.30363528
96.60155214
96.04207124
95.46127167
94.1239278
93.94674989
96.27084393
96.79557001
96.28535496
96.33175444
97.13129438
98.4998101
97.23573798
97.56734194
97.56734194
96.16120502
95.12088944
97.19184659
97.36454579
97.29879827
97.23143842
97.56071344
96.88317365
97.58310701
98.02918688
97.97526317
98.01324266
98.14115472
99.01432472
98.70188966
97.45447836
95.5924084
94.99190249
92.23319408
94.33496478
95.82153939
96.98546747
95.68162438
96.79252449
95.75525443
96.7420046
95.50283413
96.1703416
93.42291955
93.42291955
92.4211209
92.92399086
95.10010821
95.32762686
95.32762686
95.32762686
94.67803424
94.90662778
95.97901096
96.6748239
96.08417115
96.67625709
97.62861074
97.98744527
97.85272557
99.21300045
99.21300045
98.51450028
97.91811478
97.91811478
99.72608188
100.606597
100.5843825
101.4150943
100.7912991
101.1092878
101.8728189
100.9342597
100.9595196
102.5347727
102.5901296
101.6657232
99.80042852
99.80042852
98.50823008
99.77409369
98.46308465
96.81348487
95.31401157
94.10762528
95.37366803
93.31095171
92.32097686
93.9209525
94.40268293
89.6480806
88.61081054
87.52230399
91.61638564
91.86862679
88.73890175
89.94672122
87.5337695
87.85408709
85.56582276
87.19034174
89.87685329
91.76687042
92.7163577
92.7163577
93.24502504
91.67460892
90.6016883
91.48542806
89.10167755
88.9476098
89.138403
93.37490774
93.49816194
93.11872532
92.64201105
93.61460849
95.0886427
94.09562233
94.09562233
95.81311941
94.99978502
92.38296226
93.77315495
92.20954647
91.27618256
90.79588532
91.3390637
90.52178805
90.47735921
90.63357674
90.24554099
91.27600341
89.79928197
89.79928197
92.31613985
92.75182911
92.07930548
91.54902579
88.11546482
86.39689285
85.06349024
85.13102924
84.42590058
83.85029631
82.68636823
81.51831973
82.73509663
82.40868799
84.24137758
84.11883998
83.09249798
83.95473991
85.23762263
89.79301177
90.25342353
91.36056152
90.23837505
89.97054798
93.26777691
93.02055192
92.27045697
95.90358942
95.377251
92.65544719
90.98972404
92.09202502
90.98094576
90.25055715
87.76540857
89.81397215
89.47502311
90.87363578
90.20397853
89.56047697
90.80251381
90.87130685
92.43688597
92.85358548
92.84821102
94.05961347
93.29482834
93.50980659
94.85879512
92.46537059
92.81112727
92.81112727
93.43617654
92.56981419
92.44960551
92.89998495
91.66063533
92.94047252
91.8612817
89.24141341
90.79982658
92.46465399
91.94422748
90.63393503
90.70165318
90.88796767
89.98308838
90.91197357
91.43669965
91.82276476
91.074103
90.54668969
88.40461057
87.07013307
86.77274649
87.08751048
87.86483601
86.87038245
87.39994554
87.80034253
88.45441386
87.8039255
87.8039255
86.77274649
87.2510731
87.2510731
87.68944958
86.68030584
85.81824305
85.15360196
86.07478377
87.09575131
86.88095221
86.39295158
85.30981949
84.98090277
85.38595762
83.37967309
82.48805079
82.48805079
82.48805079
82.48805079
77.3907373
77.51721617
78.61396355
81.01562892
81.02691528
80.89022494
80.46671778
82.73652982
83.2859784
81.34884521
82.99504117
82.75874424
82.21843224
82.62509943
82.67042401
84.32217357
84.56814452
82.48285548
81.1960315
81.05808712
80.42891744
81.13010484
82.42266157
80.86550244
81.17310049
82.1238418
82.35637661
81.77629363
82.07672574
83.2737963
82.84294406
82.84294406
84.39078747
83.69300389
83.14982551
81.98267275
81.95454643
