100
104.2574567
105.3695089
107.8712898
106.932491
106.0237714
105.927554
106.3369373
104.5951623
105.0652218
101.883629
101.3927056
102.3382865
102.2047419
101.302882
97.91117457
99.00541737
98.51092172
97.43236569
99.04277052
98.38423682
99.56133993
99.34987917
100.0210192
99.18866266
100.7666326
101.8079908
101.9018267
102.908265
102.7298345
102.8252235
104.0455299
104.6995336
104.9111756
106.5715141
108.9988993
109.412269
110.7957334
109.5663411
110.3587041
110.4604869
108.1466625
109.6742329
111.3914165
111.3914165
115.236513
115.1347561
117.6139646
117.0800968
119.4159759
119.2627322
119.8930763
117.9558896
117.5778799
124.9063712
129.4542661
130.3328028
131.9249323
132.2035925
136.0786906
138.8764235
137.1200488
142.6231282
148.3981116
149.7513673
154.7039083
159.7160125
162.2127457
164.6033473
166.5879826
168.8636255
168.038284
169.3265147
174.0090931
178.1725068
183.881611
185.237507
188.9197821
193.8157628
200.5221416
186.9024014
189.835905
192.2679238
182.7732863
182.6461613
184.2789832
176.9982512
184.8197626
195.9564374
194.3976746
194.3976746
194.3976746
194.3976746
194.3976746
194.3976746
189.4281784
183.2734509
187.2931469
178.9185085
178.9185085
165.6838448
170.4823656
173.3097635
173.6997066
176.190046
180.1738643
180.1314375
183.8412292
191.7361786
192.3271504
198.6006676
203.7738848
206.7272169
204.3251738
206.7292619
207.6471968
203.7444268
201.4446324
194.3314071
200.8790804
198.3154325
198.3927015
199.2476563
199.1785672
202.4580599
193.7668387
191.6649927
187.9359421
178.0361665
177.7884398
171.384096
170.9740138
178.7210002
181.241393
170.0868571
170.0868571
170.0313839
169.6697081
174.3833753
175.4360715
176.9618299
174.1515943
172.0440275
172.8198496
176.7011603
184.2659368
189.1079975
192.1840022
195.8695907
194.5422984
193.0064445
189.4834963
189.6909447
184.5735632
180.5611411
173.9638966
176.3737055
167.2256783
168.6645641
166.3058537
164.0420405
171.3748289
173.7136072
168.9510676
167.1666328
162.6992686
164.577151
165.7834273
168.5438329
167.3623033
167.6421542
167.1102019
167.1102019
165.4338919
167.1931916
171.6883831
172.6789534
171.1128909
169.7451392
171.310011
169.0504172
169.3897536
165.1157042
165.7862747
168.3622184
162.7485292
163.2172426
155.6748055
154.4042807
158.1380943
159.6908774
158.447222
154.344614
153.3054043
155.541675
159.4954917
160.3056383
163.231661
166.8244231
169.3843952
168.4117378
165.6010104
167.813725
161.0843337
162.0037441
176.0241701
177.4214833
181.9370469
183.0302801
184.3369673
184.2603455
182.6559462
179.9018308
179.9347834
179.5080308
177.8168106
177.3333164
171.0604464
174.6280993
171.0164147
166.0705263
167.6490657
163.6635907
162.4690147
161.1526204
156.9837966
160.3158891
161.3204895
161.4700315
162.1925031
161.6285818
165.6604958
162.8761977
160.9806095
158.1140206
150.0769842
145.9191619
144.1656865
149.1907335
151.5504275
156.033375
161.031941
156.872902
158.3463194
160.2969666
153.849963
152.0425676
148.2564647
152.6774676
154.9882375
157.7878341
155.3169608
160.0862048
160.7818845
163.3740326
163.3740326
161.8578261
161.0443143
158.3198382
159.6527995
159.6527995
155.9285377
156.1261237
160.5544005
162.1643394
161.1113843
161.4376743
169.5450681
174.6844267
181.0038653
176.7243281
181.9008586
182.1403277
183.0026859
190.8757359
193.9541998
191.8034815
188.5057912
186.9784537
185.5141222
180.8115341
182.939214
194.138817
200.9270985
199.7048506
203.4208289
200.8273606
203.3407643
199.2167746
199.3113094
201.1244515
200.8950519
200.5519103
208.3991522
208.2704482
208.2704482
208.2704482
208.2704482
208.2704482
208.2704482
225.4299366
232.5058864
232.0565873
227.8994639
232.8829902
249.3062358
245.8394596
248.039335
244.6763348
240.2437092
235.9419362
229.8277199
231.0997461
238.2301596
239.5749507
244.1119735
248.6015736
246.8625166
251.3656032
252.9858964
257.535215
255.8693629
256.2449911
250.5026238
249.7558455
249.9001069
255.0501562
256.5855441
260.8752027
262.7720334
265.6604182
261.7699957
262.9978867
261.8207059
260.6765295
254.05459
247.3969281
249.1314551
249.0941796
246.9777341
241.9808766
241.9808766
249.4917072
252.7780338
251.7464863
251.7464863
251.7464863
251.7464863
259.6106316
258.6252384
253.9414433
255.6130162
255.503623
254.9912144
260.9923099
262.1806992
261.6974638
251.2146634
255.6312139
253.8308335
258.3179486
256.7740184
246.0775568
246.8014003
239.6653696
232.4644951
231.6105239
239.6019495
246.9089039
244.5472684
249.400667
251.6155561
245.3139787
251.8416682
258.4242355
260.5156495
264.731223
273.0132421
274.6120501
267.1033163
267.9607044
268.3716667
269.5753804
269.1903556
273.218102
273.4690644
268.6665573
271.4355051
274.3228285
283.6025884
284.2114991
286.4169657
289.2993709
289.6259974
289.7414737
292.8127155
290.3555875
286.8552634
286.385411
279.7331334
271.4121044
267.8514665
262.2692802
261.6569526
258.3832842
261.0176779
256.130136
250.2399092
246.8169835
251.0954335
249.3182209
248.5445991
245.1332702
256.237303
255.1640795
257.028113
253.1877794
253.1305201
252.374656
255.3111365
253.4654301
250.2016242
247.096498
247.1755272
247.3383486
244.6159175
245.7403172
249.494477
249.062832
252.5253111
250.6588702
249.0129242
249.6997511
250.857647
250.857647
246.8725085
245.3206055
249.7513932
248.5471618
249.9195212
247.5216198
252.2121452
257.4611817
258.3071283
257.3640325
262.1195052
267.0428213
268.7463113
272.0128093
277.0301165
276.0300461
281.5790727
288.2032125
286.3589557
287.4699984
290.8333609
288.4018081
296.3415398
303.6689957
306.0033475
311.5112676
315.8964704
317.7139096
307.867381
305.6901816
312.4779453
310.6435251
311.7378715
317.1046882
323.9632236
328.9243587
323.7609523
328.1574931
327.3038584
324.8174019
324.8174019
324.8174019
325.465866
318.5269036
318.3658683
315.2895012
317.6437333
317.0433649
319.6601562
320.3138234
327.5431723
325.2783755
321.5368996
314.3509094
317.3953335
316.8345962
308.0340853
317.0717874
334.9951645
333.2755736
337.8673966
341.7622455
344.6308277
348.4457673
357.8827054
358.799346
361.3866535
357.6340209
365.5017644
368.5210793
367.7886159
363.7955563
356.9375128
357.0486921
351.8903593
343.6659101
356.6297053
368.7000793
366.1349042
368.0205264
365.4047704
365.1583639
365.1583639
376.8510647
377.1527633
377.1527633
377.1527633
377.1527633
386.7119598
401.5169831
409.5690849
424.1748914
441.782747
442.5002226
443.536999
437.0679667
449.1027996
454.3569874
456.8270842
463.5116155
465.9842231
476.2532849
480.6464347
523.6998878
579.1267336
652.3396843
596.1757933
607.0755616
625.7637852
612.7518167
609.2810023
569.4264596
578.4523837
601.2225585
605.8985879
605.8985879
605.8985879
622.836753
623.8565743
613.4249758
617.3107389
630.3077713
642.1286067
656.0514951
649.1185381
652.3007004
660.8108248
651.9447712
643.995177
649.1335519
611.7864073
575.80893
547.1722656
589.9764129
573.7886241
582.1926687
580.3950063
566.932988
594.7654854
590.6045567
618.1626651
625.5062737
637.4995858
647.8722942
653.9601328
664.6708833
637.5141854
636.3396709
615.5927269
627.7921156
650.5320041
641.1542926
640.7893034
631.2725594
633.3152564
613.0489075
617.8717868
620.2032136
609.8491947
606.1693788
606.6478253
618.0205523
615.0818974
615.2024215
615.2024215
615.2024215
615.2024215
615.2024215
587.1821488
591.8977575
582.8780201
583.0758908
580.3913047
594.1025252
580.540329
565.647993
583.1811164
596.6640246
592.0259179
589.4610533
568.8028458
576.2485996
589.1131487
619.3454631
611.9169751
611.9169751
619.5932933
627.559558
607.775176
604.7384399
603.1575708
626.6094471
642.3889139
631.0130288
655.051347
681.9744259
687.7693931
682.3462231
692.4039276
687.2808512
677.0804902
670.5288564
680.3620279
666.7171525
646.4212679
643.6645382
634.2831509
641.0063037
653.0018938
666.380327
711.4549919
677.0919317
672.1303048
680.3970772
728.824129
751.7595586
752.9133127
766.0663328
783.8578737
786.9021166
808.8296324
797.4270332
812.2279666
826.8988757
844.0777267
848.2778722
855.1438886
838.7087096
833.4920303
830.768279
807.5865723
806.5266282
796.8289428
795.2708272
772.1961581
748.8941863
755.970835
772.9679679
784.4274122
794.0784773
832.7896461
827.2864114
837.8820479
845.7381687
842.3974562
836.4772537
839.8718344
824.1249319
827.3507893
819.0287249
791.1269831
782.3683295
775.7220056
791.4218478
789.2427846
783.5366573
770.234846
769.5565096
796.7812353
800.1458921
801.5318674
823.8613631
838.8908936
861.56102
864.3734041
899.0255824
911.7386739
924.7096912
949.8953439
956.2704886
977.5984384
969.0955619
996.1154536
995.2432847
980.7511167
982.531125
984.8963327
1011.006702
1039.595996
1046.884183
1062.214635
1023.27474
1027.926049
1076.413828
1097.78801
1140.441243
1154.476191
1206.553627
1223.165476
1219.200296
1261.601221
1339.45554
1332.775305
1332.59074
1404.895981
1377.493601
1387.133199
1409.51545
1413.12219
1399.638557
1237.983002
1118.920056
1118.920056
1085.769019
1139.461079
1135.86006
1183.753192
1261.366773
1272.534563
1198.256957
1206.175617
1181.792656
1130.04837
1072.829039
1072.666554
1148.118985
1182.835749
1166.583504
1188.363782
1232.986973
1126.314971
1152.892863
1192.973259
1198.804544
1192.314026
1155.168609
1206.054058
1236.684547
1254.832794
1214.982807
1166.739181
1189.214854
1193.57311
1159.61788
1146.551706
1199.516998
1190.622263
1214.7006
1246.375424
1292.774172
1322.581235
1333.182463
1327.361532
1327.361532
1386.257846
1449.737984
1528.553985
1513.682461
1513.682461
1513.682461
1618.358387
1585.815407
1588.638223
1537.178318
1544.294546
1384.695123
1483.704449
1435.400406
1424.03208
1463.622174
1515.499952
1488.863688
1510.303309
1477.927757
1483.605332
1523.656451
1514.968544
1523.862191
1523.862191
1523.862191
1442.982837
1400.201624
1303.140874
1281.756261
1284.89465
1230.711279
1192.281488
1279.19867
1323.60833
1331.407942
1332.585485
1350.894741
1363.051781
1278.484922
1299.831976
1463.780336
1435.698947
1483.879592
1501.738876
1448.023286
1470.486352
1474.333261
1456.190476
1495.31957
1520.937489
1529.365245
1543.995332
1534.607965
1533.906435
1455.280617
1444.594976
1454.822672
1412.203194
1389.600215
1410.884547
1405.660025
1397.502749
1426.7615
1423.354028
1400.143019
1362.433344
1387.915389
1386.686851
1425.182055
1462.832684
1462.832684
1462.832684
1462.832684
1462.832684
1462.832684
1521.701921
1524.054367
1584.198996
1697.657209
1738.716631
1710.637597
1776.890696
1824.829982
1824.829982
1724.975693
1693.071392
1628.569128
1676.882102
1753.618208
1760.064409
1752.689608
1748.540846
1734.49821
1684.204432
1713.021753
1705.09103
1697.007063
1726.908402
1717.76361
1701.005998
1638.34605
1638.34605
1686.106958
1698.0807
1678.190756
1649.39329
1612.92243
1484.364484
1521.364242
1509.628389
1465.091216
1523.146813
1528.616914
1628.747947
1665.724615
1710.823949
1689.318216
1645.15957
1648.823725
1648.770711
1557.638318
1605.015314
1643.265509
1624.431419
1635.088975
1583.142547
1613.957161
1602.052715
1626.73124
1607.930258
1645.027501
1633.40917
1648.592824
1711.924249
1788.454046
1803.636587
1791.273755
1809.205235
1768.11752
1744.499328
1692.661853
1758.026138
1785.783955
1827.889834
1822.944153
1806.720616
1755.749331
1744.5796
1748.615423
1706.293165
1721.612331
1690.892173
1679.231493
1714.704431
1707.558383
1680.404921
1621.191402
1566.157554
1532.532419
1557.19228
1468.034893
1411.315908
1399.481922
1304.701915
1313.03744
1253.624472
1272.153887
1327.645085
1401.575847
1340.924091
1312.789739
1288.874896
1186.979437
1033.130329
1069.566553
1063.2971
1026.508959
1080.153777
1041.81979
1071.126403
1074.406207
1079.297295
1057.028372
1010.242011
945.1969751
939.8287864
894.4665307
864.0977985
787.7177769
923.0814511
888.231195
932.6098177
963.1933242
1046.445911
939.3284147
925.092438
947.4882789
895.0912059
828.5934352
831.0546531
761.5086013
769.2041268
747.5923656
748.1148178
781.6917016
865.4783119
844.0242208
805.3510264
802.3673562
794.9103162
810.3614998
869.7322998
892.0623909
888.792683
916.6816373
896.3291923
898.7301482
889.2133525
889.2133525
889.2133525
927.8492973
967.0656007
1028.767595
990.7960337
1024.909736
1020.243958
1012.535696
863.2232222
849.0998486
861.6640971
946.5530782
912.4767805
897.9055056
921.0948485
958.4654974
1043.069606
965.9082226
1005.608797
1040.692827
1053.700783
1046.308147
1018.240892
1055.26739
1060.87673
1034.881811
1019.576701
1020.370177
984.0357865
985.8752803
993.693815
1018.515695
1008.488898
941.0380138
936.7505296
976.0078103
1005.791007
1005.227577
1022.12606
1028.315241
1079.310963
1066.481514
1065.907368
1057.635755
1071.004637
1071.004637
1134.485992
1159.894521
1187.439945
1142.063504
1126.937394
1108.99103
1114.431207
1023.076429
1062.197292
1028.325569
1028.325569
1028.325569
1028.325569
1028.325569
1028.325569
1002.955066
1020.121725
1064.641477
1044.16491
1067.085947
1105.320895
1090.052724
1104.833001
1150.245035
1134.715572
1157.739428
1202.922865
1229.769115
1249.388112
1271.136991
1274.087475
1383.687597
1494.312485
1510.383347
1536.21472
1492.500223
1448.991724
1459.831929
1547.941564
1608.0221
1593.855057
1567.178048
1613.239246
1560.288657
1592.493674
1596.430432
1654.892512
1621.62561
1705.897035
1724.762524
1706.767003
1649.543505
1716.296742
1744.482166
1804.932195
1814.079083
1812.987325
1766.323922
1849.846938
1904.581831
1904.581831
1904.581831
1904.581831
1904.581831
1904.581831
1965.000823
2059.270286
2077.447757
2001.879177
1945.846242
1848.158617
1677.545916
1861.1228
1834.295498
1934.232907
1919.907391
2125.09557
2095.444935
2154.994605
2154.994605
2193.875222
2187.816868
2270.85116
2249.49647
2240.029116
2238.421171
2256.687068
2286.730261
2294.413465
2315.798105
2337.27073
2398.986469
2266.785879
2250.442621
2362.846559
2335.404496
2413.101067
2413.101067
2379.671422
2320.818052
2182.528122
2087.36775
2078.616706
2149.28532
2142.333259
2067.028403
2095.189908
2028.713338
2039.265357
2208.478363
2176.392835
2170.44232
2162.532978
2278.493904
2275.205714
2224.7735
2158.219169
2089.029124
2170.258713
2200.625012
2182.457635
2156.165289
2111.277053
2102.94787
2042.890994
1938.537527
1934.668719
2034.021782
2116.492412
2003.468355
2074.70643
1985.569078
1960.578681
2002.457594
2097.278345
2297.915834
2264.631977
2332.727132
2344.531193
2306.798998
2400.666636
2427.692145
2418.419892
2365.134886
2332.788921
2237.293587
2326.54041
2303.469158
2303.512723
2334.265108
2283.027303
2281.946159
2259.831877
2222.775352
2219.31396
2287.486099
2268.040873
2246.219281
2233.538107
2283.1368
2297.344225
2297.344225
2297.344225
2297.344225
2297.344225
2297.344225
2297.344225
2297.344225
2089.631951
2125.567079
2125.567079
2010.187444
2049.497713
2102.225347
2148.926414
2320.735036
2319.098953
2420.127705
2423.86786
2432.035723
2374.718001
2405.071279
2391.420631
2412.847257
2409.386797
2425.936417
2415.828934
2400.978611
2460.980169
2434.016502
2400.174703
2403.905333
2408.734321
2398.590728
2357.39186
2323.171223
2303.598509
2342.217524
2309.800788
2286.659567
2254.8717
2269.255355
2253.19029
2273.054996
2372.098465
2393.387819
2391.762323
2367.502785
2337.242333
2467.561675
2546.382155
2645.108989
2626.348079
2655.842726
2655.842726
2679.158728
2686.898726
2818.97672
2896.895184
2936.262609
2968.012864
3168.288133
3321.014499
3363.39764
3475.706629
3536.221321
3534.955689
3484.021989
3492.143258
3583.980417
3736.236646
3662.659534
3623.47652
3597.463429
3374.176108
3383.142081
3516.037418
3648.176348
3805.422057
3877.34556
4063.64384
4120.82266
4034.050878
4272.39786
4728.427663
5344.580894
4966.121806
5078.826407
5234.104565
5329.709215
5425.983659
5464.417928
5590.736548
5540.206486
5758.011358
6571.731638
6342.52031
6342.52031
6342.52031
6342.52031
6342.52031
7351.66448
7084.505354
6646.96417
6486.49584
6486.49584
6646.199919
6850.662727
7321.695424
7703.557221
7471.903597
8012.609652
7580.602067
7404.275525
7084.647752
7347.148192
7149.556266
7441.426274
7492.123662
7544.523402
6856.433155
6723.352734
6644.55053
6680.815106
6977.289984
6788.096719
6650.697725
6394.487809
6542.857187
6465.533423
6281.765631
6548.822146
6516.553813
6358.872991
6406.822399
6106.935313
5932.321994
5733.383207
6225.5129
6549.748856
6440.267938
6711.420409
7172.714702
7006.689294
6946.439906
6853.245997
7108.242517
7148.207903
7531.285295
7383.88042
7383.88042
7383.88042
7383.88042
7383.88042
7383.88042
7245.596651
7260.912375
6957.801165
7212.665436
7243.736837
7223.112074
7077.98279
6921.644921
6378.720379
6453.009271
6410.633689
6649.369397
6529.345158
6983.482168
6939.329838
6970.655955
6881.661208
7206.18315
7505.271065
7845.568462
7356.588935
7171.460666
7250.958498
7359.690179
7386.817341
7340.546158
7691.671361
8000.103465
7927.880981
8346.145999
8278.970461
8534.147406
8397.956345
7956.469162
7920.141787
7579.596068
7907.269679
7844.629818
7896.336389
7756.503072
7559.421122
7845.427695
7636.54567
7394.533109
7394.533109
7288.0202
6965.68721
7081.978205
7326.805143
7181.513892
7123.714487
7093.870899
7277.003713
7518.191217
7429.042113
7448.532252
7482.135927
7284.955766
7481.381461
7352.754607
7128.641376
6974.444932
6726.217459
6650.451629
6337.804779
6414.749369
6509.098404
6488.834773
6607.215086
6657.854671
6495.960372
6531.542211
6588.731567
6405.823027
6444.11042
6371.72087
6319.496377
6509.174586
6301.315307
6383.45051
6614.621571
6235.786259
6164.528667
5963.272768
5990.39496
5667.171836
5598.21937
5803.69923
5675.498974
5956.971294
6020.268161
6085.186072
6011.05019
6056.383221
6273.523243
6158.693784
6297.061009
6308.800692
6297.79927
6183.674861
6039.422302
5956.930342
5818.68491
5821.95731
5989.634617
6101.844593
5835.134326
5828.547643
5784.710835
5873.927113
5691.365986
5658.204672
5852.56867
5811.797926
5737.363142
5701.565441
5851.976171
5851.976171
5782.425382
5744.870323
5796.324766
5842.63325
5679.328953
5369.997991
5320.207588
5045.536441
5086.157823
5165.662774
5051.820882
5038.20065
4772.722027
4531.306547
4894.858105
4972.292893
4842.492146
4994.462493
4917.589917
4881.280636
4882.458257
4922.298096
4971.134661
5065.129009
5092.375143
5157.076105
5451.014722
5284.314913
5685.452126
5625.392143
5720.700091
5654.803025
6052.338261
5998.967935
5850.46729
5849.402117
5888.783157
5728.795163
5947.56516
5814.812427
5842.469419
5776.41357
5837.484986
5914.45132
6148.916681
6359.635741
6473.106068
6290.514086
6215.770303
6010.00746
6033.09647
6055.523218
5799.259797
5832.626566
5906.081315
5772.865642
5611.005822
5210.150324
4978.515364
5087.609937
4931.744664
4754.358178
4693.052651
4313.695508
4231.909323
3916.639987
3547.743072
3272.702302
3910.946854
4631.866845
4184.233398
4413.842513
4372.254789
4327.502066
4052.071197
4242.443843
4205.577113
4128.550154
4222.60624
4124.9401
4129.835537
4219.686016
4219.686016
4219.686016
4219.686016
4219.686016
4219.686016
4219.686016
4230.370001
4096.322902
4629.66376
4532.651106
4767.90725
4925.960129
5236.453827
5081.20171
4973.314889
4733.510409
4749.835367
4938.809664
4953.91535
5150.870435
5030.049431
4938.321045
4956.084914
5022.531172
4903.583288
4849.087527
4758.640899
4916.609028
4883.053422
4853.127284
4619.021736
4717.726619
4499.261971
4493.046826
4463.178492
4216.857453
4368.09412
4616.560026
4567.296269
4716.126025
4037.076095
4124.390779
3386.401823
3744.153934
3948.532459
4182.756279
4065.469744
4117.538663
4422.598915
4453.741657
4453.741657
4453.741657
4453.741657
4453.741657
4453.741657
4011.471015
3861.27607
3716.588112
3877.227185
3979.809367
3850.210555
4036.943456
3927.753106
3822.363199
3810.100727
3809.563312
3662.991208
3495.048676
3281.803709
3676.516828
3613.738841
3595.017224
3737.284786
3895.941087
3793.175556
3880.991362
3875.693971
4019.817697
4175.292716
4158.575771
4339.643548
4180.00408
4179.877705
4372.288156
4456.373902
4456.373902
4649.674305
4696.265539
5068.798316
5788.03392
5738.702523
5622.330065
5590.762305
5954.738828
5865.389679
5689.280164
5930.973165
5696.193603
5649.93394
5504.161395
5543.934811
5425.131759
5738.897287
5777.317811
5967.169403
5919.376888
5924.692141
5618.749055
5343.308945
5527.525441
5211.117649
5147.231492
5017.616087
5132.250213
5310.287026
5543.100332
5326.649648
5521.609173
5646.651858
5676.339717
5425.088478
5335.671689
5271.400896
5569.832711
5509.917093
5185.143542
5023.70579
5038.624814
5100.828396
5169.241118
5020.824679
5094.332598
5143.234213
5134.290994
5180.850984
5309.526658
5156.727346
5119.603622
5161.005408
4683.010219
4601.804444
4343.29388
4007.286867
4198.516228
4155.524487
4265.233407
4100.182029
4316.442453
4602.481409
4570.170908
4708.743588
4701.06362
4449.838602
4616.734237
4558.454237
4595.837622
4647.928518
4785.404833
4715.472358
4720.300259
4623.672656
4506.665376
4484.089655
4382.901654
4406.228295
4235.629417
4199.568562
4326.60414
4474.164434
4577.516691
4536.662518
4529.533347
4531.715568
4654.784801
4696.17468
4801.358666
4795.333522
4646.641219
4646.641219
4599.630947
4469.154866
4482.290336
4506.053178
4593.083817
4507.705207
4478.834483
4387.461404
4387.461404
3988.591473
3775.64119
3698.913782
3662.332234
3738.767936
3632.660424
3425.564258
3509.240232
3529.889354
3476.833462
3433.864035
3530.225222
3558.924271
3633.363223
3543.982027
3616.77612
3517.735654
3486.707093
3530.476779
3718.179258
3971.426782
3867.842148
3934.653705
3956.382315
4078.203777
4019.154504
4011.308763
4202.350763
4351.099058
4298.255973
4214.034197
4445.4315
4445.4315
4493.294864
4439.991737
4344.872471
4502.388298
4595.625333
4693.638135
4651.270784
4683.073949
4530.98559
4612.876793
4543.579012
4731.73418
5012.78319
5108.129992
5474.771377
5266.247507
5181.216931
5266.375978
5212.955848
5314.711213
5162.131206
4896.319822
4814.808026
5098.951834
5020.701799
4945.348174
5195.209167
5553.052966
5553.658175
5567.575162
5519.86877
5594.822305
5557.9483
5615.330737
5615.330737
5615.330737
5639.284849
5566.966614
5606.850796
5567.163708
5632.363152
5723.115128
5972.855443
6069.959654
6069.959654
6069.959654
6225.331648
6313.226872
6313.226872
6656.122241
6627.938422
6253.284696
6133.324006
6037.457729
6045.969173
5925.469024
5623.246188
5654.226601
5722.644085
5570.195525
5571.842481
5702.387651
5767.010128
5690.911251
5625.756537
5513.602915
5517.274473
5837.488196
5919.700978
5792.853796
5566.063848
5440.461176
5208.784772
5015.01141
5203.368617
5183.845423
5272.510308
5292.430823
5144.857613
5058.933771
5175.703005
4982.730963
5016.284291
5016.284291
5016.284291
4920.743398
5032.980191
4976.742707
5163.437893
5249.42707
5136.143405
5085.870828
5221.014059
5256.284156
5102.56999
4879.267449
4776.289499
4763.295003
4824.098969
4755.555705
4782.48787
4856.761697
5161.662958
5321.283685
5428.130442
5232.076856
5309.972023
5295.904019
5245.589843
5215.14335
5308.222637
5037.545222
5281.492459
5314.812375
5103.98198
5308.385485
5347.218394
5459.735427
5466.394435
5645.431733
5488.735294
5498.935189
5400.613881
5407.033031
5286.39794
5286.39794
5282.831866
5321.110716
5416.0639
5224.954467
5112.346342
5131.356455
5080.470101
5130.918882
5156.7742
5238.570764
5457.445417
5380.050001
5248.189265
5265.025026
5237.038379
5131.217319
5048.546618
4778.717946
4845.609672
4910.660662
4774.470843
4838.82095
4904.006158
5044.812261
4935.269114
4875.717579
4715.698496
4653.684631
4601.277074
4636.455303
4628.388472
4677.396504
4528.342292
4395.397641
4318.441506
4309.638562
4333.024352
4196.011522
4078.172248
4231.663952
4145.557253
4037.876871
4043.794381
3924.233833
3951.048244
3738.986438
3874.186488
4030.140472
4139.698581
3944.121888
3895.589817
3926.516672
4059.485241
3860.147606
3803.106576
3883.789173
3929.061217
4154.993078
4115.629873
4187.459774
4595.37714
4620.261068
4574.404912
4418.135433
4415.003981
4223.262936
4236.820784
4364.647845
4409.152764
4495.764572
4435.947942
4594.756244
4677.275695
4617.407137
4588.428289
4557.081049
4588.645781
4503.411665
4387.763621
4399.927934
4292.351975
4131.735371
4235.282626
4182.78641
4106.771663
4082.954927
4008.81713
3956.561936
3961.50112
3918.176695
3976.264002
4028.042379
4028.042379
3956.664884
3927.344991
4007.929714
3980.12054
4101.642426
4001.614132
3846.620951
3952.537633
3937.198172
3944.044955
3882.093759
3939.398436
3942.729907
3939.007897
3958.743044
3939.193964
3840.144489
3862.302958
3791.389335
3758.973945
3747.171075
3835.618701
3818.175815
3767.214185
3789.821461
3786.365583
3740.209333
3895.318638
3973.086007
3964.134401
3838.785228
3958.312513
3908.699764
4135.909087
4231.9364
4283.281243
4345.077124
4258.984455
4463.593647
4469.268453
4471.424918
4471.424918
4333.131079
4388.294719
4376.27024
4649.831639
5133.665983
5117.653415
5783.421233
5667.903575
5466.196901
5187.570021
5329.204028
5554.935068
5842.033321
6017.269969
5705.98836
5651.390557
5883.180185
5762.68674
5568.215006
5456.546845
5544.841615
5488.199356
5675.441016
5685.781755
5626.513799
5656.102076
5656.102076
5656.102076
5407.768446
5545.48687
5402.815206
5594.681978
5541.868973
5255.761057
4882.608575
4918.738986
4719.739548
4781.558675
4542.095861
4444.632769
4624.063686
4407.634565
4439.979804
4366.846685
4398.001464
4398.001464
4496.583261
4598.943421
4385.963706
4135.025166
4309.718083
4333.691454
4330.986185
4428.787268
4294.606133
4375.221271
4457.849572
4409.852223
4506.611016
4501.217847
4497.135249
4646.327173
4617.98175
4651.223154
4564.776238
4568.521235
4659.167856
4699.904559
4749.071426
4547.609114
4554.979436
4665.084382
4705.294647
4705.294647
4705.294647
4705.294647
4705.294647
4705.294647
4825.389192
5045.161641
4969.744751
4996.265824
5031.304011
4861.18024
4807.829044
4822.808512
4897.891631
4936.637849
4309.853647
4511.291213
4592.168264
4601.014075
4648.75285
4581.324331
4549.838292
4492.314104
4520.11383
4488.999329
4008.060644
4465.010194
4186.843615
4050.525688
3948.088466
3729.983423
3859.761804
3955.018291
4027.039202
4056.051754
3986.965148
4117.804613
4119.396795
4261.923472
4399.345323
4538.985377
4433.03947
4591.406446
4473.089864
4429.795207
4653.381716
4680.622413
4773.775604
4710.625949
4704.889923
4816.281935
4764.096737
4764.096737
4641.017227
4753.469287
4748.154993
4794.615374
4822.791375
4802.027787
4732.589213
4648.26669
4584.905108
4446.548031
4484.715081
4415.219195
4449.970827
4409.95323
4326.04141
4253.048178
4281.840985
4281.840985
4338.396553
4396.228807
4462.764268
4633.298224
4664.770492
4648.900399
4809.296068
4778.588206
4768.639481
4863.540012
4763.501857
4650.19844
4669.268065
4615.418619
4569.316652
4490.395814
4467.483863
4418.392634
4517.693382
4670.035034
4727.619147
4707.096814
4612.834599
4562.843556
4544.360917
4545.85349
4542.58826
4632.407132
4662.732842
4639.363878
4588.017638
4571.343688
4581.870313
4481.187499
4431.353349
4530.830586
4464.32505
4479.283808
4503.741683
4596.52419
4710.625949
4644.845964
4627.568256
4677.879247
4661.345236
4534.141608
4503.401363
4512.626452
4543.624079
4570.987707
4516.943006
4496.415935
4559.954265
4592.436906
4823.713918
5014.762079
4912.094318
5023.946113
5027.559998
5119.348802
5156.956901
5190.936878
5144.002088
5191.191594
5097.578698
5109.290839
5043.571712
5180.231486
5254.872632
5163.13314
5136.930902
5091.748448
5031.331631
5064.933883
5086.329032
5084.295887
5096.104271
5086.620816
5084.960219
5070.303728
5255.661474
5433.455609
5509.502326
5599.856722
5571.839789
5733.503213
5720.030452
5947.434825
6069.360425
6142.118045
6238.745571
6138.142925
6214.623694
6129.16696
5917.312887
5830.731651
5997.952307
6194.95471
6346.296965
7060.541872
6960.069819
6798.284913
6680.91795
6924.995988
6773.940496
6764.343636
6935.03332
7028.418266
6928.943437
6919.328637
7041.48167
6890.415772
6659.980073
6678.077869
6532.538658
6583.029944
6583.029944
6929.593946
7112.490293
7402.888462
7360.157391
7431.349104
7026.370936
7105.635045
7007.890497
6858.425219
7118.931006
7249.271316
7259.36319
7061.681518
7103.225029
7104.90517
6549.100056
6549.100056
6549.100056
6549.100056
6549.100056
6549.100056
6549.100056
7218.087441
7329.813586
7387.390296
7310.142273
7412.802164
7610.010851
7584.888981
7460.080898
7430.133198
7612.929988
7810.790168
7698.429045
7709.731622
7935.206755
8136.775069
8202.319105
8124.414645
8141.400751
7868.659439
8025.820786
7997.895022
8132.341331
8278.468459
8278.468459
8505.817255
8766.088465
8464.535035
8617.271781
8629.000126
8871.579326
8707.289171
8650.902015
8344.616616
8404.147572
8107.843152
7883.993515
8370.057761
8393.574197
8211.431125
8211.431125
8128.872872
7929.466381
7932.186482
7654.003828
7632.197898
7632.197898
7632.197898
7632.197898
7531.806298
7489.850453
7816.912021
7731.161561
8014.080403
8432.510287
8486.679913
8615.041645
8462.255923
8669.369304
8242.340715
8232.453079
8060.68955
8152.93529
8221.606273
8236.280884
8285.633481
8243.534229
8505.733178
8405.799135
8338.821753
8400.12816
8549.363676
8532.680305
8670.535302
8472.663681
8455.450402
8511.722392
8412.926597
8405.576906
8543.999759
8732.436487
8768.488748
8754.886144
8810.864797
8852.402457
9022.803386
9066.129701
8643.800853
8716.355296
8754.836392
8812.67636
8740.462314
8706.748935
8586.445802
8331.584586
8352.311288
8259.146086
8176.771
7993.091427
8022.325613
8255.053677
8573.120099
8392.417181
8274.857473
8357.706993
8357.706993
7980.035427
7837.182511
7831.269194
7627.672653
7754.230406
7644.592439
7912.361744
7897.697022
7610.477908
7355.181915
7254.799038
7382.010873
7399.502786
7173.172362
7131.637652
6875.561799
6968.091272
6968.091272
7056.648783
7176.146998
7393.902765
7218.880477
7413.869926
7382.242085
7454.729354
7337.14477
7212.481828
7269.454183
7348.09486
7667.092237
7802.458267
7615.125075
7626.950699
7717.037178
7654.431461
7403.566152
7482.679036
7421.870748
7336.839577
7356.256277
7278.443815
7271.158269
7302.659813
7336.24423
7552.034931
7717.082452
7732.341874
7850.747296
8016.397722
8080.143863
8136.40511
7996.355518
8021.302116
7909.007649
8026.91508
8056.543894
8115.199522
8178.029799
8330.761756
8420.754554
8312.601809
8292.801429
8271.709506
8185.452799
8317.706118
8189.971986
8257.496878
8370.767238
8407.178561
8528.928837
8665.509763
8547.096291
8372.127431
8503.030938
8407.000363
8436.879855
8502.971167
8276.81907
8209.033224
8220.557745
8222.512301
8529.170325
8442.942999
8404.786303
8449.738191
8484.473152
8630.007807
8579.174855
8574.427821
8703.798735
8703.798735
8868.641319
8995.266634
9005.367153
9096.514716
9112.843245
9218.344978
9388.52549
9352.423192
9159.36363
9182.818224
9479.160851
9429.01294
9458.855337
9068.249382
8877.96027
9256.918616
9380.115311
9750.099997
9753.650125
9651.253699
9726.398297
9682.774296
9564.074838
9462.030018
9587.06411
9428.518211
9737.035584
9811.27607
10043.24835
9946.430742
9716.763617
9874.981285
9725.719857
9797.982179
9731.522823
9834.408697
9686.261004
9675.203566
9684.17997
9550.085035
9646.064459
9824.731953
9983.803747
9983.803747
9945.769723
10090.90802
10204.73373
9992.105957
10084.77068
9803.516943
9763.664497
9782.332271
9609.756368
9551.944435
9551.944435
9551.944435
9795.905287
10065.56557
10095.69802
9983.482608
10230.86144
10256.28467
10233.10229
10144.92339
9949.813804
9830.240391
9857.723612
10149.29013
10093.96655
10129.43949
10159.46383
9971.10629
10029.49674
10151.22893
10482.75853
10342.0357
10257.32057
10555.83941
10778.75338
10725.53529
10571.94455
10804.41414
10793.68349
10837.53176
10853.73016
10990.20027
11001.66663
11001.66663
11001.66663
11202.64467
10980.45957
10680.26824
10744.50241
11104.83153
11219.71092
11413.47245
11464.47713
11574.91401
11510.07308
11759.53833
11721.91571
11792.75678
11792.75678
11792.75678
11563.80741
11705.95781
11776.08787
11869.80657
11779.04496
11868.25702
12061.36752
12116.65314
11951.68804
12056.93001
12246.28138
12274.00076
11953.86524
11850.95785
12049.35449
12133.20703
12216.30961
12003.72361
11723.6127
11851.10757
11642.00609
11564.84843
11686.13429
11870.19842
12163.4141
12303.03516
12012.74925
11745.7129
11885.65554
11927.32936
11977.88323
11919.38201
11917.0072
11817.04018
11839.71409
11578.73485
11418.16631
10907.17817
10575.57909
10944.22364
10610.35045
10863.37093
10546.43677
10793.44342
10990.84825
10686.22774
10535.31019
10591.89582
11041.12962
11105.49371
10982.21423
11098.64915
11267.89793
11145.19936
11125.08032
10946.5624
10803.69879
10920.23945
10585.99503
10269.32268
10084.68262
10454.37081
10462.24774
10524.50594
10647.68043
10681.40116
10537.97516
10382.34793
10138.71774
10198.29837
10497.69505
10440.56037
10631.12056
10853.75248
10765.9551
10640.1689
10632.34351
10624.27709
10820.86229
10920.52728
10739.21793
10688.83609
10853.88012
10853.88012
10968.13807
10425.60622
10336.62729
10315.78703
10305.38318
10464.61857
10662.68309
10803.27797
10788.83749
11041.04938
11141.386
10887.04765
10843.58717
10983.24757
10838.12768
10930.47323
10867.44074
11008.67766
11128.87903
11296.7845
11271.35573
11346.40998
11342.72936
11366.87814
11452.983
11454.71224
11278.71593
11352.57175
11470.02486
11418.04864
11712.62845
11723.03944
11551.95311
11706.51283
11651.70732
11740.11187
11721.16109
11636.14892
11813.84355
12049.83374
12032.96826
12014.99106
12168.00474
12206.21649
12322.42173
12386.00696
12422.58266
12176.0784
12377.80353
12487.15318
12600.84822
12644.09926
12520.79967
12607.18278
12783.08782
12682.82514
12673.11075
12558.51093
12565.25308
12346.69716
11940.27128
11918.98902
11994.08277
11845.05476
11889.01452
12079.74015
12296.19717
12409.0456
12490.64983
12670.65668
12759.77739
12735.83552
12735.83552
13144.61255
13635.14072
13445.78761
13544.78638
13484.87301
13292.3162
13361.61054
13692.09167
13941.76882
13844.63916
13931.92133
14229.67691
14265.55946
14188.47644
14390.08651
14445.05776
14229.24661
14127.83234
14267.48058
14209.32201
13975.67438
14248.91733
14262.26089
14684.90943
15278.76045
14836.03362
14254.46175
14159.98365
14177.71337
14446.01067
14042.43152
13579.52921
13264.58551
13471.73697
13366.88976
13011.0469
13313.58114
13335.2724
13510.4229
13415.08477
13316.8083
13231.67816
13123.86569
13551.55291
13959.92105
14132.79752
14132.79752
14132.79752
14372.18363
14305.66611
14364.73151
14721.05553
14445.78277
14466.68456
14548.1201
14785.7474
14908.47533
14977.4937
15071.88685
14859.63491
15292.4074
15677.5264
15566.19504
15484.19097
15903.34739
16232.70267
16259.47284
16394.20912
16619.68063
16498.9822
16293.14082
16345.899
15850.65325
16158.09864
15930.06191
15984.75707
15871.95457
15911.29605
16032.72845
15926.8469
16151.64061
16213.45474
16446.55662
16531.2197
16475.26872
16576.33744
16852.39296
16715.44619
16725.97835
17106.02589
17402.88028
17473.13475
17537.73471
17537.73471
17537.73471
17537.73471
17537.73471
17537.73471
18320.3715
18525.14385
17875.88118
18280.15396
18650.66273
18317.82379
18637.86279
19142.71065
19159.30857
18952.11399
18837.88728
18705.62751
18988.55262
18802.42112
18516.44942
18803.27004
18754.84447
18394.58617
18510.69835
18817.76278
18506.95185
18255.6146
18423.8952
19051.9757
19410.06055
19601.52791
19608.68573
19424.77938
19567.42823
19733.08376
20125.95777
19759.91712
19975.75284
19711.13354
19488.69704
19282.47829
18393.10082
17773.46661
17878.5946
17743.47436
18486.52755
17865.93499
17993.4114
18398.3604
18708.60104
18568.57743
18536.45414
18516.02181
18532.52584
17962.53782
17711.30773
17313.23031
17524.07223
17725.76782
17678.28415
18242.23137
18401.87524
18367.13236
18157.91178
18408.71788
17853.38808
17720.50118
17552.45811
17285.05957
17389.36357
17227.5608
17693.46077
18131.85212
18193.82832
18767.60635
18888.85318
18929.91615
18643.85066
18198.31616
18193.43995
18279.59089
18477.41726
18647.71835
18414.47073
18352.43393
18600.71579
18528.58494
18088.89977
18110.38865
17297.90012
16656.33391
16990.21601
16741.74415
16330.27251
16330.27251
14847.83287
15268.74789
14789.16109
14992.1066
15826.05679
15926.9156
15445.87919
15415.76427
15505.37748
15917.88773
15241.6741
15015.79321
14645.29609
14029.76937
13781.29751
13548.10242
12714.0811
12979.98756
13303.19008
13569.17713
13946.31892
13830.89768
13355.14477
13682.8613
13209.95331
12787.06072
13101.26022
13471.97921
13825.17882
14453.31654
14451.02756
14991.23345
14501.47461
14615.80561
14882.49853
14824.35221
14746.93228
14661.89
14284.1684
13698.29182
13177.78407
13569.23304
13515.13344
14362.21363
14211.60565
14164.6509
14330.50528
14662.09893
15058.46102
14726.45206
14706.69833
14542.06192
14502.31105
14310.36756
14742.02576
14654.47409
14943.02972
15478.78973
15385.76278
15392.77117
15497.54455
15561.85933
15879.57885
15630.57432
15362.98518
15248.78661
15244.72528
15220.22527
14990.27956
15084.05339
14993.27087
15129.92055
15129.92055
15291.44279
15361.74421
15756.17285
15784.13521
15534.50546
15396.27261
15321.60894
15223.15504
15410.60219
15488.98978
15335.79048
15680.28264
15718.43118
15747.1945
15676.17679
15454.70624
14796.09138
14670.70392
14831.93249
15041.40179
15230.71866
15052.67713
15092.12245
15017.77689
14775.26372
15056.85419
14964.74686
15021.59009
15288.2066
15393.5612
15679.86127
15772.3012
16013.68075
15765.48864
16398.49513
16386.35538
16284.31087
16284.31087
16284.31087
16284.31087
16708.48823
16764.48717
16425.38453
16701.84244
16689.7451
16174.74492
16030.88673
16190.17146
16449.61218
16224.1664
16280.23534
16167.27965
15895.12517
16189.20082
16199.97181
16019.75529
15617.58042
15598.82624
15670.14456
15283.67823
15401.90605
15156.67469
15514.6224
15012.26245
15422.49025
15473.48545
15480.23586
15218.13178
15458.67926
15450.38068
16273.0595
16010.09539
16068.46902
15957.02288
15743.93103
16080.54468
16381.86055
16200.03984
15858.92932
15835.25205
15903.79837
15944.29584
15779.84175
15846.78315
15772.08959
15998.04265
15904.44593
15904.44593
15904.44593
15904.44593
15863.02877
15615.3705
15389.76208
15071.04862
14905.09903
15356.36898
15600.44319
16041.69849
15958.06057
16105.21932
16569.2201
16583.86717
17056.08217
17066.40129
17433.45807
17435.28666
17284.0852
17035.9394
17086.37296
17012.27208
17621.79418
17991.92916
17840.01185
17758.4488
17592.94647
17374.82939
17567.20911
17481.00213
17709.91261
18012.47919
18294.28235
18237.80128
18496.55269
18369.8966
17892.16958
18256.84163
18069.15655
18090.34016
17280.7588
17098.36788
16333.19269
16675.00173
16327.61928
16513.92851
16582.4398
16939.55352
17112.64902
17073.78311
16886.41153
16423.3167
16755.35594
16980.19491
17031.04694
17017.64951
17239.47754
17635.38495
17716.61459
17664.45707
17593.83771
17563.91603
17794.05446
17774.92716
17700.32608
18039.12697
18195.62911
18658.55242
18712.684
18707.32717
18497.64152
18822.75775
18595.408
18769.49283
19019.04074
18950.17512
18523.83056
18837.48532
19276.13271
19276.13271
19103.59729
19556.17696
19476.62827
19132.98123
18378.86568
17752.82041
17992.92604
18324.67239
18190.78552
18101.8778
18126.45434
18293.02467
18271.05695
18164.34501
18270.8881
18166.57279
18438.32363
18586.32486
18661.64145
18695.4133
18744.53096
18775.85672
18718.23227
18730.91236
19052.774
19065.65032
18723.4191
19011.20416
18718.23476
18586.14291
18739.01786
18486.06942
18065.75252
17848.2919
18049.73208
17845.06491
17970.39039
18000.85923
18557.27304
18723.07123
18637.36526
18647.71517
18494.94109
18384.65521
18254.85658
18484.12652
18117.98957
18541.58935
18944.97363
19225.59731
19676.6021
20000.54865
20147.28653
20125.37607
20666.63264
20364.70736
20146.58326
20949.94872
21034.01534
20887.69448
20868.99238
20638.27662
21639.82873
21490.30418
22658.70929
22307.64637
22191.92742
21144.11524
20698.2202
20726.72886
21318.19031
20667.33518
20684.86858
20382.34542
20303.59721
20416.15349
21001.61527
20128.58582
19824.61575
20267.7861
20094.76282
19214.19264
17943.98583
18797.44836
18599.20406
18283.75865
18926.12137
19149.53864
18903.05312
19372.71092
19296.09236
19377.17549
19377.17549
20188.05059
20058.66922
20127.99633
19883.41981
19983.67269
19770.65691
19525.01426
19849.38022
19829.86652
20021.78434
20484.97091
20462.04972
20450.19407
21954.8074
21812.06672
21938.14119
21760.02672
21460.78975
21977.26674
22035.02431
21860.12123
21930.1355
22188.97303
21924.34866
22273.12225
23089.0277
22812.45128
23587.63668
23319.11782
23634.2518
23634.2518
23717.5484
23281.87508
23600.9828
22897.10136
22513.70954
21849.44718
22657.04496
22627.0305
22626.45217
22984.01875
22984.01875
23125.17142
23514.57042
23437.80087
23131.82465
22764.48741
23084.03542
22639.85871
22269.77281
21615.68788
21780.53766
22074.53561
22529.8716
22132.99852
21950.2858
21475.49087
21645.16459
21276.95259
21023.57944
21112.61185
21272.16308
20700.30328
21496.12079
21462.97379
21865.96155
21916.93037
21752.51094
22426.70714
22716.28885
22819.63419
22834.48097
22760.42888
22990.70624
22303.80984
22162.32921
21615.46017
21870.93076
21658.61708
21658.61708
21658.61708
22364.7005
22288.98372
22304.17154
22239.65636
22442.12993
22381.25268
22381.25268
22037.82841
21524.50128
21111.44842
21097.76355
21348.75539
21125.08586
20957.10184
20780.07796
20608.12849
20165.93517
19647.54427
19567.5031
19506.79933
18323.67341
18014.03448
17166.77977
18190.822
18351.53645
17567.8773
17933.69337
17796.11393
17127.46896
17884.13848
18419.38313
17841.6871
17363.948
16703.7269
16702.03542
16453.17688
17412.81094
17899.95012
18194.58705
17675.51093
18301.4072
18522.54336
18380.44015
18609.91549
18229.25937
17886.60842
18130.72018
18503.43331
18303.65453
17804.9674
17207.38842
17000.8679
17266.98217
16907.66822
16558.22901
16589.67899
17361.75377
17776.47298
17015.40001
17079.23846
15808.36669
16323.99602
16412.15021
15920.79538
15871.4727
16474.44258
16430.96273
16322.92973
16322.87439
15862.28497
15661.90225
16355.26465
16503.73596
16189.7518
16718.90056
17126.89631
17075.10023
17366.65692
16964.45634
16893.5603
16777.76421
16698.29459
16657.42642
16648.40075
17080.69909
17241.58493
17104.46128
17104.46128
17210.20642
17400.53024
17399.64231
17188.36989
17346.01781
16957.64743
17282.87727
17264.51337
17034.37605
17185.58766
16779.18562
16666.91756
16501.67823
16580.26995
16897.49894
16986.35197
16919.4044
16919.4044
16436.14985
16301.62405
16142.71344
15789.43918
15502.27334
15808.02909
15468.73383
15348.71534
15678.49284
15734.07526
15820.13803
15601.86155
15884.32283
15552.92851
15331.47273
15184.05303
15044.77625
15166.94924
15086.23173
15203.17662
15298.847
15017.17844
14933.04115
14876.19207
14760.58427
14645.91015
14767.57382
14379.93328
14081.20564
13762.71169
13032.99042
13158.55693
13336.81299
13489.37084
13747.98164
13676.91702
13942.96259
13903.44332
13668.2024
13985.52652
13744.06579
14214.91941
14764.26823
14858.65219
15174.47219
14730.55136
15104.84372
15289.78701
14742.5141
14989.20494
15428.94504
16341.07845
16667.08305
16966.6081
16992.95467
16530.19804
16429.95288
16224.53582
15945.16208
16260.68779
16164.31475
16087.08852
16280.5154
16455.44145
16341.06846
15727.10728
15459.38514
15364.71758
15905.93488
15817.13125
15555.5796
15323.90037
15581.59724
15445.67058
15316.7316
15712.6074
15660.25542
15341.95553
15174.81551
15765.45936
15586.68525
15267.49046
14510.62264
14373.34973
13618.52362
13142.80518
12783.03533
12572.89487
14278.74101
14202.37955
13921.59809
13832.66208
14292.09542
14381.83995
14213.13746
14213.13746
14213.13746
14213.13746
13579.03549
12417.50444
12404.77929
12148.13638
12207.99691
11329.14035
11517.74821
12178.78364
11767.35746
11036.87266
10324.89263
10712.36853
10718.54955
10289.7963
10083.16923
9730.279633
9785.990213
10012.28706
10012.28706
10779.84602
11248.41002
11295.36961
11837.81728
11211.41681
11019.69862
10705.78979
10772.76023
10406.95504
10182.14349
10081.14831
10193.14511
9608.545407
9382.583518
8730.060899
8448.309945
8747.533398
9641.599761
9781.169508
9781.464528
10171.80689
10319.77636
9753.205175
9791.358376
9576.243215
9877.037442
9599.818437
9599.818437
9599.818437
9599.818437
9599.818437
10002.89286
10283.77375
10662.57592
10835.75279
10654.7591
10568.26929
10580.40394
10607.88242
10495.36648
10497.72322
10681.74365
10634.44872
10609.00371
10791.24324
10791.24324
10827.18696
11243.25477
11529.18979
11198.55037
10522.29729
10607.59253
10272.62037
10444.65368
10026.01716
10034.61992
10268.41308
10024.35604
9885.729621
9908.95215
9872.264497
9924.65955
10395.48933
10321.08227
10709.55063
10495.74179
10392.02178
10100.13782
10257.54736
10455.64957
10308.90421
10716.65208
10853.14411
10382.85827
10142.72703
9986.779936
10041.34823
9911.268356
9496.260647
9500.74406
9740.099215
9385.166554
9575.71424
9585.162076
9641.657978
9639.827751
9572.064426
9434.555883
9442.069328
9513.68241
9136.715584
9214.710696
9131.362357
9231.611741
9213.508742
9312.508154
9331.735009
9323.35685
9236.784155
9253.147967
9456.549563
9474.764051
9846.317777
9892.042433
10109.67563
10065.97232
10176.87242
9938.953692
10180.23187
10218.23227
10559.88745
10492.57457
10500.40519
10377.11673
10919.2237
11286.71636
11391.95458
11217.48472
11090.21045
11146.88548
11642.81318
11605.99253
11228.71041
11263.49795
11361.45328
11361.45328
11644.03354
11589.01414
11412.00499
12061.23237
12434.34939
12434.34939
12619.35706
12972.48445
13258.40474
12970.11463
12909.16387
12622.00665
12961.47521
12858.00178
12993.2907
13120.82859
13190.75244
13190.75244
13813.68365
13688.49914
13775.19999
13881.53465
13653.08662
13742.85874
13662.11521
13667.3578
14046.07564
13862.57548
13517.09589
13269.02878
13461.00354
12999.98959
13047.8105
13272.60088
13411.65631
13448.49689
13414.01005
13331.81805
13370.55979
13821.94688
13867.12312
13661.20186
13422.62731
13766.59873
14045.10878
14221.3711
14288.77071
14316.25362
14404.43889
14336.67367
14211.35502
14207.45595
14388.87086
14356.5667
14319.8157
14251.99395
14337.27337
14213.49999
14762.21308
14871.96896
14666.21714
14856.38035
14724.69281
14790.57732
15091.07992
15324.91856
15502.09858
15570.99092
15717.8275
16432.57699
16645.79056
17406.43932
17340.67784
16980.25201
16864.925
17266.30803
17234.75412
16879.04698
16952.85854
17252.19827
17229.40255
17277.05269
17230.00975
17792.26332
18164.18234
18394.46125
18612.40308
18689.59853
18175.3733
18290.53679
18319.24606
17921.95099
18050.6342
17624.80472
17794.27692
17338.93322
17359.47093
17239.6575
17185.3302
17302.38734
17931.00671
17804.76593
17541.8341
17815.69166
17905.13312
17954.96838
17954.96838
17954.96838
18133.2508
18341.28313
18206.98483
18287.37453
18514.91066
18306.27525
18280.92258
17861.07478
18323.21683
18959.77871
18772.94835
19159.23221
19278.02491
19584.30575
19178.29619
19558.26038
19557.46491
19104.73696
19288.38079
19551.51926
19618.94115
19476.44916
19613.55837
19523.75068
19175.34123
18630.87503
18630.87503
18004.78527
18232.41969
17862.68772
18233.06595
18134.18525
17957.52929
18249.27564
18369.96116
18657.75695
18535.45836
18396.1942
18495.93371
17886.95513
17534.00105
17418.3216
17146.10831
17366.87441
17224.56253
17234.73773
17158.6943
17158.6943
17158.6943
17471.59387
18218.29551
18947.16634
19106.62699
18991.2897
18841.73519
18670.48713
18809.52169
18722.86947
19040.74442
19147.06352
19298.75534
18985.67676
19076.73911
19498.68969
19589.11566
19444.68718
19538.54861
19631.83014
19590.48339
19641.43885
19599.90609
20121.53889
20121.53889
20287.87615
20567.25809
20689.89166
20866.82841
20749.75877
20322.75881
20216.71283
20584.6914
20621.75059
20275.6509
20466.87966
20734.49844
20866.29428
20818.52219
20347.02606
20440.85935
20435.92511
20282.40242
20529.08229
20449.26769
20777.11422
20622.49211
20543.11113
19936.9675
19226.33084
18726.68405
19030.57165
18890.20258
19171.64554
19008.01477
19055.74586
19250.01457
19827.86131
19491.20813
19872.80031
19605.06476
19142.7064
18589.75579
18238.58327
18536.41075
19021.38671
19107.38283
19234.94122
19113.69067
19580.34393
19814.42474
19665.5255
19607.82079
19465.11601
19378.97686
19271.6765
19766.81881
20195.12802
19934.67946
19936.0898
20029.68791
20220.11942
20607.41231
21400.33615
21224.21781
21205.98831
21249.17474
21211.07882
21637.41168
21765.94086
21981.45083
21860.12105
21968.71595
21912.20866
22217.92848
22126.24707
21806.52166
22328.42427
22183.13206
21841.94096
21847.82554
22127.07122
21921.18366
21908.7543
21908.7543
22134.82654
21770.72127
21688.82178
21946.92687
22029.16512
21777.55373
21403.48024
21154.81188
20851.49604
19726.12582
21123.88973
21115.41893
21677.31802
21709.70157
20899.87409
21055.01122
21374.42213
21374.42213
20424.06622
20305.03222
20459.2291
19596.44159
20312.22608
20394.38375
20695.25002
20427.07011
20413.22682
20677.05631
20763.67796
20511.90776
20407.41666
20152.80889
20424.98413
20643.68641
20805.67921
21017.0224
21296.96435
21306.73105
21538.05548
21555.76673
21676.73784
21596.68383
21142.10818
21149.32117
21126.80113
21370.96886
20864.83544
20705.95385
20605.71656
21066.69634
21090.48913
21502.11456
21512.19413
21722.6657
21589.32438
21777.47507
22090.50565
22120.47369
21907.06622
21892.98312
22055.76924
22120.15737
22625.40069
22834.71777
22571.24734
22661.92112
23048.44802
23083.92013
23229.34847
22851.09163
23154.7832
22869.58004
22795.39153
22662.19214
22712.30091
22743.59835
22419.0587
22034.87958
22085.41715
22119.60404
22296.3215
22554.81172
22536.08816
22310.13893
22272.5765
22335.42083
22271.93694
22109.39109
22398.17345
22513.99516
22513.99516
22770.18605
23038.39195
23107.98226
23162.02109
23204.38254
23063.26663
23015.69202
23015.69202
23015.69202
23643.89497
23716.56098
24096.90298
24197.48546
24313.05028
24425.72428
24391.46735
24546.09472
24445.27039
24394.47885
24502.73087
24944.23206
24895.1883
24945.85346
24581.54172
24777.22071
25108.93491
25402.33976
25356.44941
25516.71995
26202.44012
26503.59318
26675.37143
26283.79497
26640.80295
26739.60816
26499.91108
26257.45696
26687.47453
26914.36253
26780.33907
26736.28384
25974.98939
26071.52973
26071.52973
26211.29991
26010.06858
26014.25128
26895.40328
26878.26551
26962.25722
27230.91614
26831.39
26595.00348
26436.49757
26604.41544
26604.41544
26604.41544
26604.41544
26604.41544
25690.98125
25153.96968
25493.62649
25430.63991
25010.20034
24184.80995
24700.47174
24964.39548
25299.88191
25219.40661
25541.02743
25593.26595
25494.0485
24743.51751
24195.72121
24857.25679
24946.66918
24458.51735
23990.9769
23660.08815
23696.89526
24181.81507
24424.68303
24703.48249
24694.8133
24708.40392
24698.41313
24805.85743
24820.12514
24452.80584
25022.03417
25222.01317
25451.22678
25578.83671
25321.3405
24947.51171
24880.13208
24914.52988
25184.97303
24842.36608
24345.88673
24105.74602
24172.86316
23757.7955
23949.35977
23579.02521
23544.9406
23839.76565
23555.62749
22922.98324
22957.99197
23574.74438
23798.26467
23216.07022
23817.15325
23607.3193
23721.19906
23825.29153
23341.50455
23493.01695
23464.67559
23582.26983
23763.90565
24060.34312
24078.96598
23815.9637
23646.89011
23144.06245
22309.39314
22440.07253
22371.07492
21451.63197
21429.02272
21965.55284
22188.20666
21845.983
22203.90093
22686.94739
22956.30582
23157.14434
23424.1371
23343.98469
22960.89778
22967.33789
23118.46372
23259.53582
23546.97248
23075.12311
23310.43846
23280.03871
23271.37651
23001.58325
23285.08201
23184.28364
23734.79414
24487.45832
24513.8042
24877.78823
25232.48189
24657.04621
24658.96644
24572.13942
24657.59263
24581.36772
24746.84248
24117.51148
24480.34657
24617.77536
24795.5512
24799.01852
24810.69333
24709.40505
24401.89639
24580.14837
24926.11071
25040.18283
25293.04934
25031.14481
24977.35276
24539.86622
24393.02736
24129.35489
23532.22207
23886.52804
23205.16152
23661.49561
23629.90768
23013.04919
23013.04919
22850.73078
22864.32678
23353.35526
22915.16124
22972.65485
22439.77192
22085.848
22719.73095
22786.01589
22792.34398
22687.23741
22973.68283
23324.33015
23180.08702
23051.21342
23050.98744
22978.14439
22519.68459
22038.93834
22175.53643
22365.46257
22130.82753
22502.11839
22230.07948
22410.57576
22569.76888
22495.20099
22806.18851
22853.94861
22926.99551
22933.89903
23317.4259
23167.8019
22902.83444
23240.77597
23061.05076
22812.52972
22692.95941
22915.94514
22709.05877
22690.84416
22442.0502
22369.03636
22332.60953
22123.8187
21742.86229
22280.97381
22381.52223
22257.46395
22741.48493
22660.34742
22516.88342
22510.95164
22398.42325
21661.64939
20575.85405
19171.0942
19561.59278
18582.30957
19105.56971
19115.85285
19507.5802
19786.35694
19826.86012
19056.33445
19472.06344
19531.55166
19184.12188
19448.32907
19423.91658
19714.1343
19765.12533
19765.12533
19765.12533
19765.12533
20306.44457
19836.41254
20234.90702
20268.74434
20820.91155
20557.10603
20444.22419
20857.7035
20648.67452
20999.16687
21297.63376
21305.62319
22442.57998
22408.87931
21356.65857
20748.95872
20952.03501
21524.30041
21829.56208
22115.81387
22161.93473
22043.91369
21174.80767
21160.01497
21085.50152
21108.34169
21475.1314
21580.3824
21864.8125
21509.16902
21810.43266
21474.07792
21639.57725
21290.45621
20524.13182
20840.72115
20604.05185
20612.45926
20283.01659
20722.4561
20911.11125
20503.43587
20082.61577
20489.30838
20829.394
20679.84755
20679.84755
20679.84755
20679.84755
20436.61613
20683.80623
20533.65775
20511.73192
20498.71627
20182.2229
19955.22639
19330.22957
19046.15785
18744.88176
18117.99197
18773.6463
19228.48425
19161.75827
20120.57535
19811.08884
20175.3054
20356.3116
20200.2105
20381.30691
19787.62047
19890.43658
19379.00158
19432.62926
19012.79049
19198.62081
19102.1172
18771.36706
19285.31879
19132.36737
19079.0008
19226.96354
19450.53754
19484.23881
19088.73454
19294.12085
18971.42986
19017.22513
19598.61431
19088.32557
18981.15708
18606.67964
18520.68912
18851.38887
19067.72377
19402.4125
19188.224
19605.8762
19845.10135
20162.68299
20245.13477
20309.79654
20393.72615
20218.17196
20240.14076
21019.7192
21214.369
21389.92148
21104.89691
21922.24847
22193.28433
22197.54189
22431.956
22335.48397
22570.40202
22178.60296
21833.9238
22286.28534
21975.30561
22042.80894
22097.82759
22485.10409
22596.28889
22521.00122
22326.64162
21854.323
21881.18369
21529.82314
21953.6706
22268.45592
22255.73209
22299.79734
21805.33591
21617.65005
21725.9228
21830.47593
21666.02396
21575.247
21696.51914
22269.98148
22388.41967
22818.18995
22890.71853
22738.46937
22674.32909
22538.32353
22409.11583
22822.08063
22811.05265
22557.12273
22439.04937
22759.81958
22947.35147
23051.61028
22705.71739
22522.2691
22094.23685
22055.02862
21782.22381
22089.37185
22166.88557
22054.6101
21987.61716
22029.59855
21800.00091
21652.98522
21698.39239
21698.39239
21508.86064
21621.47661
21919.13778
21853.27509
21612.28365
21612.28365
21255.29532
21399.86037
21349.04575
21263.90086
21199.2846
20977.69204
21203.93629
21218.28254
20847.58237
20709.51268
20935.04228
20644.99214
20563.96185
20413.15879
20653.81926
20165.78617
19917.77262
19867.69229
19886.04527
20086.01066
19976.2083
19932.79299
20124.03982
20164.00306
20132.84618
20266.3292
20435.05877
20665.87374
20736.31997
21033.40283
21037.83393
21107.34433
21126.46555
21041.88067
21406.0464
21458.26563
21867.03705
21894.60958
21574.7997
21836.87595
22243.42569
22125.4771
22783.07959
22502.98085
22787.13454
22865.42475
22502.51338
22805.31823
22715.22458
22919.08249
22903.11975
22637.37911
22746.52484
22768.31425
22742.59357
22735.36528
22672.76383
22498.87506
22146.8934
22332.70953
22469.90139
23313.98869
23523.78052
23771.97458
23444.30011
23379.17703
23287.83206
23878.74443
23951.25393
23687.30099
23590.83522
23527.17679
23816.00695
23840.06505
23476.47764
23703.38273
23796.16588
24098.81404
24098.81404
24098.81404
24226.15383
24209.65042
24024.66613
24129.67673
24245.87355
24261.35707
24261.35707
24781.81264
24686.09792
24587.81868
24866.96925
24875.86821
24958.80388
25027.95908
25033.32797
25077.28551
24720.05168
25082.37695
25033.47663
24822.38176
24605.18355
24588.08784
24944.46697
24700.02498
24954.18376
24557.80955
24586.61378
24463.25483
24601.62407
24908.05759
24672.97084
24743.90773
24933.08583
24970.0194
25215.37601
25333.8096
25794.83126
25804.51052
25857.82679
26052.07627
26242.23047
26096.22068
26305.32369
26485.54146
26277.77568
26245.24292
26245.24292
26245.24292
26245.24292
26669.72906
26989.08967
26970.37952
26505.74356
27025.89479
26684.36221
26542.52155
26974.76172
26643.88817
26447.654
26708.9362
26426.24919
26537.52441
26182.08206
26084.77731
26047.59081
25945.21644
25737.51087
26156.05851
26466.19351
26504.27364
26509.49327
26717.62774
26931.13275
27394.32139
27874.99353
28083.56865
27930.15502
28105.38023
28255.33705
28279.45038
28509.16871
28348.25911
28086.06658
28562.31844
28476.13815
28264.62439
28260.34944
28217.58764
28453.5282
28528.71637
28660.92226
28891.86618
28939.44407
28778.87564
28778.87564
29346.12366
29507.40312
29317.60035
29535.94295
29517.78491
29860.73524
29704.4341
29746.40752
30126.85031
30306.32195
30993.92453
31318.93028
31382.82084
31463.89918
31642.12356
31811.08361
31826.92101
31131.14631
29854.17838
30213.04777
28949.19982
28842.84546
29383.45356
29566.28732
29392.44232
29252.43368
28512.82
28741.55112
28183.35494
28481.70281
28404.94946
28273.41325
28481.62391
28432.63418
28617.55293
28830.00607
28232.24361
27738.48878
28039.04142
28388.65859
28599.0876
29023.40904
29214.57643
29461.98184
29618.33734
30063.30065
29943.40182
30632.36036
30471.05892
30577.96063
30293.97398
30068.81121
30525.97737
30635.20248
30175.16111
30102.79375
30172.82309
30209.89809
30342.63768
30823.57719
30900.26217
31326.31269
31560.13215
31623.20438
31563.18734
31082.30553
30418.98612
29942.94028
30453.47345
30222.22233
30072.52654
30757.10893
30980.26146
31227.4608
31057.3938
30940.6475
30439.80772
30501.73476
30786.41301
30786.41301
31014.79462
31062.8054
31150.41373
31181.8978
31563.18481
31563.18481
32644.36061
32813.36867
33010.222
32934.75041
33491.82414
33081.38855
32897.6701
33008.13359
33633.73792
33967.12708
33908.12846
33899.44027
33165.18938
33575.21462
34360.43799
33644.17128
33468.61963
33227.05398
32947.48059
31853.13663
31864.49408
31508.23954
28293.6393
29576.50743
29133.77796
27750.60363
28585.27258
27869.06905
27350.651
28106.02903
27920.39894
29263.18178
28887.21702
28403.06516
28800.83119
26777.70395
26644.28696
25812.62878
25931.16371
26930.50582
27638.93348
27956.62116
28047.63091
27900.09296
26868.39861
27511.83999
26625.58779
26071.18141
26184.27342
25854.99727
26132.67678
26974.94642
27848.93097
27587.08163
28160.3454
28144.02836
27699.47936
27642.6252
27470.98318
26948.10488
26898.48183
26367.66377
26563.4483
27151.56065
26743.13802
26737.12031
26999.74642
27077.01544
26951.36149
26747.09976
26747.09976
26747.09976
27487.36242
27529.91428
27553.4361
26920.73633
27027.22711
26309.59707
26297.70336
25389.04139
24936.86469
24811.96248
25157.7612
24029.82127
24109.95147
24416.83618
24416.83618
25190.5174
24622.47306
24612.09592
24541.49684
24740.81089
25667.31615
26417.57703
26434.20065
26783.65374
26379.1061
27329.52056
27544.34425
27500.33046
29422.23846
28760.20075
28351.21327
28201.50458
28043.19966
27780.63398
27455.76222
27336.30416
28124.69023
27596.61456
28041.03597
27964.53071
27821.3001
27480.68035
27241.84096
27705.45032
27909.99025
27949.28374
27949.28374
27949.28374
27949.28374
27949.28374
28979.32114
29092.57415
28760.89529
28817.08812
28938.99563
29048.22356
29048.22356
28830.75971
28362.35952
27848.95054
27712.87358
27144.14205
27588.63235
27579.89831
26869.61452
26189.41047
26145.9692
26336.33302
26954.98643
27053.17098
27573.12157
27196.16236
27469.26139
27154.7196
27514.40698
27855.36319
27499.11916
27236.32039
27119.12807
27578.10779
27301.27889
26646.04502
26626.33058
26169.93069
26686.48248
27011.34115
26974.43525
26903.38948
26569.68511
26966.19845
27269.75699
25911.81108
26141.18882
25312.46187
25481.33443
24959.13273
25249.01831
24180.39374
23639.4185
23510.23632
24993.30219
24909.30174
24909.30174
24625.57208
24193.92086
24924.59962
25111.75511
24637.94612
24302.68749
24876.4248
24939.925
24960.33903
24985.45735
24478.16909
24066.0646
24147.41241
24348.35874
24759.35711
24013.53307
23639.58479
23687.78379
23299.723
22763.38094
23022.04574
22734.44512
22656.56093
23029.02166
22881.09048
23685.60811
23721.42849
23479.23745
23553.0634
23652.7397
23344.22916
23769.57396
24038.62197
23462.13372
23206.20774
23323.9538
23370.44364
