100
100.0386216
99.55958605
98.98975782
100.0418223
99.76603009
99.8395391
99.57100181
99.05729222
99.56737437
100.3940041
99.64845834
99.59073936
98.76901739
97.68078523
95.84167289
96.18435933
96.46185853
97.27696575
97.71417902
96.92755788
96.77541876
97.51008215
98.10924997
98.94782887
99.05441161
99.46847327
99.4884242
100.3698922
100.723461
99.81276006
99.5418756
99.61389096
98.86642484
98.59404673
97.75514776
97.96329884
97.75973541
98.70799104
98.41758242
97.9676731
97.48725061
98.44436146
98.33447135
97.96084498
97.2967033
96.2856076
96.49973328
96.39315054
97.46068495
97.17507735
98.32668303
98.25264056
99.74117145
99.63256161
100.682919
101.1113838
101.2835805
101.1947082
101.7753121
101.7927024
101.0393684
101.4954657
102.5714286
101.4181159
101.5666275
102.9260642
103.0112024
103.3541022
103.7135389
103.4851168
103.135709
103.7242078
103.7231409
103.7231409
103.7231409
103.2401579
102.4292116
102.5525445
103.3288168
103.6112237
103.7908887
104.0314734
103.8681319
103.7945162
103.9006721
104.8065721
105.2451723
105.3927238
104.9179558
104.9179558
105.2156193
106.1471247
107.1352822
107.026779
107.0059746
106.6235997
106.5088019
106.2338632
105.3674384
106.0790569
106.2659767
107.313987
107.4869305
106.943668
106.943668
106.9822896
107.2932892
107.8719727
107.9558306
108.9985063
109.1972688
108.8606636
109.2867812
107.8966179
108.0665742
108.2394111
108.0058679
109.0053345
108.8461538
109.2320495
109.0649739
109.0959138
109.9458018
109.212312
106.9302251
107.0442761
106.0477969
106.4494826
106.9502827
107.299904
108.1535261
109.5233116
109.4788221
111.8354849
111.6067428
111.8762403
111.4100075
111.2995839
110.8204417
111.2334365
110.6368292
110.1684626
110.0441694
110.3920836
110.9913582
111.0960205
111.7173797
111.774992
112.1022085
111.9747146
111.6011949
113.1677158
112.4988798
112.7734983
112.8374053
112.3498346
112.2399445
112.4480956
112.2184999
111.4233436
111.5507308
112.2406913
112.3959245
113.6275472
114.4636723
114.285821
113.8199082
113.8929905
113.9865571
113.9865571
113.3281767
113.4097941
112.6270138
113.5818841
113.9937053
114.3289235
115.0702016
114.7555745
115.0050144
114.7287955
114.1865998
115.2223408
115.0447029
114.9835698
113.8816814
114.0650806
114.7035101
114.5432626
113.2683239
113.0836445
113.6721434
112.4288915
112.2714179
113.2570148
113.6415235
113.7356236
114.5168036
114.5250187
113.9117678
113.0794836
111.3725595
111.8250293
113.3696789
114.5966073
114.2209538
114.3394858
115.2207404
114.7345567
113.9115545
113.3241225
113.3330844
113.3821615
112.8742132
112.2186066
112.6780113
113.1689961
112.9196629
113.1840393
112.4402006
113.0209111
113.0739358
113.5446495
113.5861517
113.0741492
113.4930118
113.7683773
114.6006615
115.7579217
115.5403819
116.1432839
115.3015043
116.181372
115.3414062
116.007895
116.8121199
116.7351968
116.9474021
117.1388029
117.5377147
117.2680038
117.0677478
116.9835698
116.2362104
116.0459831
116.5871119
116.6260536
116.8380454
117.0451296
116.1804118
114.8553291
114.2254348
115.4302785
116.0941001
116.8428465
116.8428465
116.8428465
117.4644191
117.7300757
118.1416836
118.1416836
118.0181372
118.8508482
118.9466553
118.5664142
119.0737224
118.50016
117.6174117
117.1701696
117.3272165
117.638963
119.1321882
118.8865891
120.2290622
120.2385576
120.4510829
119.8655713
120.5408087
119.8418863
119.7659234
119.7503467
119.9586045
120.8910701
120.6683026
121.5405953
120.454817
120.4454284
119.7476795
119.2603222
119.4361464
119.7435186
120.3073722
120.2114584
121.5557452
121.3361784
120.4539635
119.4527899
119.8218287
120.2835805
120.3044916
119.2681105
119.6424837
120.2398378
119.9694868
120.814147
121.3462072
121.7360504
121.0591059
121.0820442
119.6505921
118.6184786
117.6931612
117.6245599
118.8583164
117.6758775
118.4536434
119.1410434
118.89043
119.3448202
119.5174437
118.6501654
117.9882642
118.3504748
118.3995519
119.3244425
120.0803371
120.4024325
120.2659767
121.2879548
121.2879548
121.2879548
121.2420783
121.5621466
120.9398272
121.5641737
122.3243359
123.4574843
122.8971514
123.5229916
124.8402859
124.7054305
124.0066147
123.5687613
123.6146378
123.9152886
123.1595007
123.4220634
123.0384082
122.1428571
121.0225115
121.0225115
120.2326896
119.721754
120.1756108
120.8830684
120.310893
120.7721114
121.1053025
120.4655927
121.5735624
121.3568761
121.6631815
120.8951243
120.3822682
120.5497706
120.5497706
120.8853089
121.4586578
120.5050677
120.5937267
120.4013656
120.8228956
120.6093033
120.8109463
119.0907927
119.7678438
120.5784701
121.0161101
120.8663181
120.6751307
120.920303
120.6434439
120.5954337
119.8209751
119.7080977
119.3608236
118.2890217
118.7376507
118.1943881
119.2156193
119.7586685
119.8630108
119.5538248
120.9363064
120.4978129
120.3808813
120.6170916
120.9590313
120.4271845
119.7263416
119.0172837
116.9058999
117.6510189
118.715566
119.4061666
118.4774352
119.3864291
118.0741492
118.7342366
118.464099
118.6393897
118.345247
119.4467086
120.4735944
121.5923397
122.1916142
122.1161848
122.800064
122.8922437
122.8476475
122.5873253
123.2003627
123.5589459
123.729649
124.8246026
124.4420143
125.0278459
124.7879014
125.3691454
126.0356343
126.0356343
126.0607063
126.4092606
125.340766
124.8119065
125.209538
124.2518937
124.7985704
125.2941428
125.4855436
126.0380881
126.3177211
125.9246773
126.8380454
127.7519471
128.1448842
127.9006721
127.2974501
127.815534
127.5313133
126.1651552
125.8768804
126.6393897
126.6639283
127.0680679
127.3197482
128.5115758
129.2225541
128.7396778
129.4723141
129.5594794
129.4805292
128.6612611
128.2340766
129.3200683
129.6804652
130.0170703
129.1768911
129.6765177
129.9983997
130.542089
130.0615598
129.0246453
128.1058359
128.7853409
128.9540169
127.9444148
127.0986877
127.6871866
126.8269497
126.2454924
125.9531633
126.4565241
125.3013976
125.5461432
125.6256268
126.2468793
126.1266403
126.0933532
127.0568655
127.0842846
127.6197589
127.1508588
126.9682066
129.0195242
130.2305559
130.6791849
130.173477
130.2034567
130.4480956
129.8145738
130.4606849
129.8981116
130.0361677
127.2609623
128.8542622
129.6884669
127.8993919
128.1115971
127.5124293
128.2318361
127.7635762
128.9793023
130.0242185
130.8964046
131.1824389
131.3646645
131.3646645
131.3646645
131.3384189
132.059426
132.1755041
132.1755041
130.2946762
131.4753014
132.0020271
131.2013229
131.4362531
131.2077243
130.1430705
131.7593087
133.6325616
133.3651979
134.4791422
134.8728262
134.3366051
134.3820548
135.1427505
136.7624026
135.1090366
134.8847754
135.5575589
134.6658487
135.2914755
136.6543263
136.162488
136.167289
136.6191187
136.1465913
137.4636723
137.393684
137.2907287
137.1225862
137.7020164
138.2732316
138.161101
138.0816174
138.9950923
139.0314734
138.6122906
138.5061346
139.1747573
138.6425904
139.0946335
138.0754294
138.147018
139.7063907
139.8130801
141.0438494
141.8305772
142.3666916
142.6948682
142.0839646
141.3260429
142.1536328
140.4205697
139.8793343
139.1002881
136.7151392
136.4782887
135.2141257
137.0249653
137.9095274
138.2846474
138.2846474
138.2846474
136.2571215
135.9822896
135.3853622
136.1308012
137.2443188
137.1612077
137.9540169
138.5947936
137.1991892
136.7916355
137.9149685
138.217113
138.3415129
138.5556385
139.0849248
139.6199723
140.759202
140.6436573
140.0507842
140.7654966
142.0898325
142.1544863
142.4573776
142.8112664
142.8112664
144.6679825
145.1146911
146.3155873
147.8558626
148.9497493
149.4977062
149.2978769
148.9663928
149.396778
147.8472207
146.5882855
147.5625733
147.9280913
148.3137736
148.3137736
148.9225435
148.7774459
148.6577403
147.0722287
145.3341513
145.104769
145.112664
145.7653899
147.8662115
149.0468367
150.6996693
150.2905153
151.3806679
152.1822255
150.926491
149.0485437
148.228102
148.1075429
146.3074789
145.5433693
146.0434226
147.3770404
147.8837085
147.3123866
146.2179665
149.7949429
150.5040009
152.6769444
152.0133362
151.731356
150.4198229
150.6811053
150.9451616
151.8044383
153.8082791
155.3338312
157.2811266
156.7346634
154.6401366
152.3862157
153.6291476
154.5771898
154.1412568
153.7412781
154.128134
154.5476368
156.0007468
155.1974821
155.2070842
155.0304065
157.118852
159.2010029
161.7363704
160.3445002
160.4821295
161.7331697
159.3574096
159.1131975
155.3688253
154.2276752
156.5160568
157.9456951
158.5679078
156.2569081
156.2569081
155.7668836
156.575056
154.5783634
153.7661368
155.3712792
157.7343433
158.4943988
159.0570788
159.1628081
158.9782354
157.9689534
156.3191081
154.575056
154.3248693
155.9078203
157.9992532
159.4208898
160.4367865
159.8334578
161.5095487
160.2635229
161.8543689
161.5061346
166.5048544
166.4706071
167.3911234
169.4804225
168.7923824
169.8499947
168.9764216
168.9979729
167.6022618
166.1944948
166.5069882
169.0347808
169.0018137
168.010989
169.0840713
168.5392084
167.0825776
167.346954
164.5925531
159.745439
159.4819161
155.5362211
151.9325723
155.8606636
153.710765
154.759522
156.9492158
156.4696469
156.7568548
155.6929478
152.8315374
153.6699029
153.5375013
151.0045876
150.5831644
151.7951563
155.2260749
154.4870372
154.1139443
155.8793343
158.0162168
156.4772218
155.3420463
156.0315801
156.4484157
154.4164088
157.0677478
158.5907394
158.557879
161.6915609
163.7227142
165.045343
164.4357196
163.0012803
160.3777873
160.7597354
162.4751947
164.6465379
164.8067854
163.243572
159.3167609
159.8091326
160.3434333
159.8581031
159.8581031
159.8581031
161.9082471
162.9788755
163.7104449
163.7104449
164.8512749
166.9183826
167.2270351
166.5886056
167.1279206
164.4189694
161.5974608
162.4329457
163.1991892
164.6366158
167.2979836
167.9974395
168.0745759
167.5792169
166.9328924
164.6243465
166.0570788
168.5946869
170.306092
171.6461112
172.3736264
177.5344073
177.8772005
177.5587325
177.5072015
177.6187987
177.2268217
178.003094
177.6250934
176.3271098
177.0852449
178.7478929
180.8841353
181.695295
181.1919343
182.1153313
181.3564494
179.0101355
181.9508162
182.17177
182.6573136
184.361037
183.8549024
181.7702977
180.4223834
183.5367545
184.450016
185.3224154
185.5214979
184.0825776
183.87496
183.5180839
185.6681959
186.9389736
190.2166862
189.5743092
189.3151606
189.8068921
189.607703
187.3825883
188.5054945
188.0711618
188.7007362
190.9432412
191.9020591
192.3772538
193.2358903
193.4343327
192.2575483
193.1743305
193.1743305
193.1743305
193.5130695
192.7950496
189.7877947
187.7882215
188.8686653
188.871866
188.1583271
187.4871439
186.7184466
182.8587432
185.4288915
186.162488
189.0150432
191.2654433
191.2654433
190.8559693
191.3208151
189.4411608
190.4480956
192.4137416
190.2799531
190.6503787
190.126747
189.3379921
186.2070842
187.532807
188.4265443
189.1263203
189.8009175
189.8009175
190.3938974
186.9573242
186.5923397
186.2608556
185.4099008
185.6692628
187.1861731
186.2244746
188.9119812
191.5753761
191.195455
190.1987624
186.0838579
183.5061346
181.6581671
181.990398
185.3038515
184.6036488
182.6580604
181.4642057
182.9524165
183.6704364
185.3679718
185.8336712
186.1383762
184.4693268
187.2707778
188.5213912
189.450016
189.2921157
189.7427718
190.2410114
188.9354529
187.6520858
188.5778299
192.7436253
194.4070202
193.3741598
194.9115545
194.93748
193.5898858
189.2004694
188.2941428
185.6324549
183.8350581
183.9086739
183.989011
186.0442761
183.9974395
183.2863544
180.7429852
177.7184466
176.6942281
178.9667129
176.128134
171.8902166
172.6388563
170.651659
172.3190014
172.9589246
178.5353675
179.7880081
179.0055479
172.6588072
175.1625947
178.3738398
175.1167182
170.0420356
166.3591166
166.3591166
163.7185533
165.8300437
162.3895231
163.3499413
169.1563
168.9262776
168.029873
162.6100501
161.7988904
166.2371706
166.7271951
167.2224475
162.2388776
160.184146
157.9599915
161.3426864
164.3818415
163.1564067
159.7232476
160.8999253
161.5408087
160.2076176
155.3186813
150.6633949
147.8417796
153.7681639
153.0742558
148.6888936
152.4325189
159.1347487
157.9823962
159.6297877
160.3072655
162.6608343
161.1998293
166.443828
165.07831
166.051531
165.9433479
166.2716313
169.2131655
168.2714179
169.9121946
172.1098901
175.4200363
174.8858423
178.3363918
174.3073722
174.5851915
172.9437747
172.8260962
174.2491198
173.1058359
173.446922
175.0705217
174.6916676
174.0089619
178.0959138
181.3418329
185.289235
184.1815854
182.8258829
184.8702657
185.2155126
182.042249
175.6947615
174.9373733
176.5760162
177.2981969
176.9713005
177.7672037
179.5275792
179.4958925
175.8523418
175.5395284
176.2127387
178.3470607
179.7584551
181.6131441
185.5771898
184.5647071
186.726555
185.6126107
185.6126107
185.6126107
187.7211138
185.9291582
185.9291582
185.9291582
185.7171663
188.571642
194.3665849
192.648565
193.7750987
191.8864824
190.364131
184.7840606
183.5430492
187.1516057
192.3019311
189.3192148
191.5559586
189.1313347
184.3010776
185.1447776
185.28134
185.2143391
185.4761549
185.9715139
189.693908
190.0442761
187.7046837
187.7085245
184.8946975
184.3131335
182.5807106
182.3598634
186.3714926
188.0261389
190.0497173
192.3523952
191.6721434
191.9316121
190.3964579
191.2465593
193.5993812
198.3635976
195.4806359
194.5517977
191.2003627
191.4574843
191.0586792
192.5443295
195.7216473
195.7685906
196.7225008
197.1035954
199.7291155
198.5391017
196.106476
196.0090686
193.936093
192.7822469
194.1122373
193.5643871
190.8308973
189.8268431
191.8504214
193.4013656
197.112664
197.6631815
198.6991358
199.4141684
199.4141684
199.4141684
201.9758882
203.6318148
202.8168143
203.854689
203.0028806
205.5256588
204.8512749
204.0512109
202.5926598
205.6435506
200.1112771
199.9578577
202.8137203
203.0198442
205.4165155
208.2626694
208.1336819
204.7140723
206.5442228
206.5442228
205.7987837
202.0551584
201.7954764
200.1203457
199.6350155
200.6488851
199.5971407
202.9798357
198.1151179
193.9647925
195.354849
197.2054838
200.4132082
199.8674917
198.3097194
196.0569722
195.7704044
194.8910701
195.5441161
195.5441161
196.570255
198.5212845
199.8457271
200.1905473
201.8666382
202.7228209
203.1220527
201.5481703
204.0995412
202.3409794
203.1163982
204.7488531
204.3536755
205.2705644
207.3360717
206.3788542
204.599808
202.2209538
202.7209005
201.8247093
198.6593407
199.009602
203.8898965
204.0284861
207.0820442
207.8685586
207.1794516
205.8511682
205.851595
205.43732
202.4084071
203.1492585
205.9152886
205.4921583
203.1632348
200.5611864
198.8007042
197.8624773
195.0454497
194.1024218
197.1456311
198.3027846
192.9283047
196.1673957
197.901419
196.901419
196.2880615
192.2180732
192.6430172
192.7823536
188.5100822
189.6345887
193.3933639
196.2550944
196.0776699
194.0876987
195.2403713
192.815854
194.729649
198.9071802
198.6686226
200.2208471
200.8059319
200.4821295
200.4821295
196.4554572
197.3785341
195.2198869
199.4810626
200.7773392
198.476475
196.662328
196.6830257
194.5292862
193.9092073
192.3392724
190.5879654
189.1337885
189.9455884
190.6532594
187.8430599
186.4567374
188.1138376
186.0645471
189.8913902
187.6509122
188.1622746
188.3012909
186.388883
188.9709805
189.7365838
189.9389736
193.1161848
193.3439667
194.5990611
192.3456737
190.391977
188.2559479
184.1816921
183.0316868
186.6293609
186.6271205
184.3727729
187.9087805
186.3339379
188.9323589
187.5331271
190.481276
194.0921797
195.1414702
193.6791849
194.3982716
196.3358583
197.1900139
197.5122159
199.2958498
199.1266403
202.1031687
201.082791
201.4254774
202.5169103
201.0864184
200.6457911
199.2194602
198.4056332
201.1990825
201.6309613
205.2367438
205.2652299
205.7297557
202.0149365
203.7199403
204.2103916
206.3676518
204.9855969
204.0291262
202.3575163
203.391977
204.779473
204.3978449
203.8802945
201.7914222
202.3135602
204.4788221
204.501547
204.0194175
204.4810626
206.0597461
207.0166436
207.0166436
207.0166436
207.9226502
210.6290409
210.6290409
210.6290409
203.1310146
198.9807959
196.5993812
197.8491412
200.5245919
198.1099968
198.1727302
197.7004161
201.4071269
201.7555745
197.3288168
195.6546463
192.2627761
192.0870586
192.5179772
189.0969807
192.104769
194.0634802
192.7651766
189.8614104
190.4788221
190.4225968
190.4026459
185.9332124
183.8668516
187.9198762
188.9714072
187.7739251
185.6065294
181.8776272
179.6180519
183.5548917
185.2372773
183.8934173
181.8922437
181.876667
185.9412141
184.0614531
187.1852128
184.1588606
188.3736264
192.0487571
194.0421423
196.1173584
199.3495146
195.6806785
193.9895444
198.2876347
199.5627867
197.084178
197.4034994
196.185853
199.3246559
199.0561186
201.1548064
201.7666702
201.9606316
201.3946442
205.0005334
203.2129521
202.2411181
200.3775739
196.5272591
199.739251
197.8260962
197.6348021
196.2107116
197.7840606
201.1102102
200.2151926
195.996906
195.272058
196.0751094
191.0288061
185.5706817
187.8554358
191.3582631
192.8726128
192.8726128
192.8726128
194.0629468
192.9816494
190.6687293
194.7497066
194.7497066
195.6871866
190.1630214
190.6447242
191.8237491
191.4009389
188.707671
188.104769
193.1384829
194.382695
193.6074896
195.5730289
191.8002774
192.9449483
187.3990185
187.2339699
189.0617732
190.5737757
193.8864824
193.0583591
193.0583591
196.98421
196.6016217
199.7426651
204.306412
201.804865
202.0019204
200.6106903
199.9829297
198.5034674
197.8662115
198.4055265
201.181052
199.9033394
201.009282
200.2486931
201.7054305
200.0775632
197.9169956
197.3801344
197.7225008
196.8065721
195.3925104
193.397098
195.5351542
200.2370639
198.6275472
197.307799
199.0138696
201.0694548
199.8056119
200.1165049
201.6923077
200.377894
200.2893417
201.5804972
199.1735837
199.8936306
199.7634695
196.809346
197.2401579
197.8055052
197.8524485
196.9869839
196.8415662
198.6425904
198.5584125
198.9327857
196.8350581
198.1306945
198.7184466
197.7768057
199.3246559
198.510829
198.4247306
199.4986664
201.128134
202.8850955
202.3066254
203.2208471
203.2586152
204.3744799
203.5937267
203.600128
203.9103809
203.9103809
204.434226
205.1383762
206.2832604
209.8241758
209.8487144
208.4542836
206.4418009
206.2021765
203.7364771
202.9552971
202.7712579
200.5068815
202.6639283
198.9751414
199.2628827
198.8861624
195.2801664
193.1691027
193.8446602
195.4446815
194.2750453
196.1315481
195.9495359
197.0769231
196.5886056
198.0085352
197.8743199
199.6167716
199.9517764
196.2530673
195.4780753
191.2891283
191.4893844
194.2412248
196.6095167
193.9235037
192.8558626
194.9741812
196.4503361
198.0105623
201.2898752
199.2915822
197.7819268
199.3866425
200.4466019
201.7271951
202.4436146
200.3841886
200.2570148
201.5669476
202.9073936
203.2288488
202.4020058
201.2487997
197.5305665
201.6839859
201.8583164
201.85949
202.3350048
199.4319855
200.5660941
195.882855
197.7937693
199.1809453
200.5163768
196.7326363
194.4724208
194.1243999
195.0433159
194.4687933
198.4473488
197.6668089
196.3392724
197.4731676
200.2814467
201.0438494
201.7401046
197.5633202
194.9826096
197.232583
198.34386
194.7875814
192.6396031
192.210925
192.210925
192.210925
195.892137
196.0538782
196.4573776
196.4573776
194.9414275
190.6403499
194.957751
194.9020591
193.4375333
191.514243
190.6353355
192.3580497
193.73445
193.8579964
191.4873573
194.8982183
195.3098261
195.0680679
195.8472207
195.3363918
196.9187027
196.748533
197.9813294
198.4053131
198.6215726
197.4823429
196.2971301
196.7714712
197.1760376
197.8962979
195.940574
195.237704
193.6768377
196.2652299
195.9943455
194.5040009
194.9762083
191.4199296
191.6388563
187.9213699
187.9322522
189.0274192
187.1243999
185.9953057
186.7476795
186.2037768
186.1433906
184.6494185
186.8953377
189.1723034
188.852982
188.973221
186.4780753
183.592233
180.9900779
178.3839752
181.8356983
176.4534301
176.2026032
179.2560546
175.9531633
168.728262
171.2627761
176.7246346
181.7546143
178.1305879
177.6376827
179.5172303
178.9032327
174.0230449
176.4694335
178.970447
178.6522992
180.4358263
184.597034
183.981436
183.3424731
183.3424731
183.3424731
183.3554892
187.4965326
186.9366265
186.9923184
186.8990718
185.771898
185.1919343
186.4024325
188.8972581
189.3073722
188.1412568
187.1503254
183.0138696
186.3106796
186.3106796
186.864291
187.2186066
189.9610584
187.9579644
181.323589
186.01547
187.0064014
187.5412355
187.6308546
188.4253707
189.5727088
187.1815854
187.7070308
186.8555425
186.8555425
186.1037021
183.9180625
183.9558306
184.384402
185.8180945
187.9440947
187.3192148
188.5715353
188.8659981
185.8084925
183.9150752
184.3769337
182.3665849
181.3417262
179.8672784
180.2634162
180.7117252
179.0751094
180.0134429
179.6831324
176.39059
178.0791636
179.1283474
179.2491198
181.6494185
179.5147765
178.3659447
176.6625413
174.2412248
174.0613464
174.2006828
171.74992
174.659234
176.4200363
175.724848
172.9072869
172.6048224
173.7199403
172.0296597
172.504641
169.8962979
168.5884989
169.0667876
172.8514883
174.4203563
176.9829297
177.42185
179.0497173
178.110957
177.3510082
177.9178491
175.9496426
173.6297877
174.4379601
174.4615385
176.9345994
175.5806039
173.1301611
171.5348341
172.123653
174.628294
173.7450123
173.2512536
175.4731676
175.4731676
174.3114264
173.6720367
171.0782034
171.4057399
170.431132
172.4233436
170.4171557
166.6436573
162.6239198
161.3708524
151.9561506
156.860877
158.9543369
152.8401792
157.3669049
155.7164195
151.8366585
146.8925637
143.0284861
148.5045343
150.2699243
151.5134962
153.6025819
157.7180198
154.0124827
155.4040329
156.8862691
161.215406
162.1093567
162.0585725
161.4701803
165.7524805
166.2719513
165.4325189
163.0297664
163.5163768
167.3910168
164.8258829
161.6594473
163.3252961
167.1721967
166.4214232
163.8290835
167.1741171
163.4622853
160.9190227
162.3106796
163.1854262
165.2422917
167.9005655
168.3728795
168.607703
170.6225328
169.4870372
166.2825136
170.3807746
169.3810946
169.7019097
171.4471354
173.1608877
171.511149
171.9109143
172.9348128
171.2226608
171.6074896
170.4309186
168.4490558
168.5195775
168.7915289
167.3159074
168.9372666
173.0289128
174.2000427
170.8199082
168.1902272
167.4000854
166.181372
164.5663075
164.1251467
166.4030727
167.0280593
165.9511362
164.6790782
167.112344
167.8051851
167.8051851
167.8051851
168.9153953
169.9095274
169.2324763
169.2324763
169.1648352
172.4918383
172.7082044
171.5940467
169.9988264
169.0706284
167.8164942
168.1101035
165.4071269
167.0503574
165.7197269
166.0440627
165.6839859
165.9794089
166.2685373
167.2098581
168.9723674
167.662328
168.6003414
165.7084178
164.3316974
166.8473274
167.4696469
166.770511
164.3217753
163.6333084
165.4624987
165.659554
166.70319
165.7219674
166.3256161
168.1101035
167.4160888
166.4626054
164.6041822
162.364131
163.9159287
163.0694548
164.7538675
166.0252854
167.4374267
165.2081511
167.4894911
169.8267364
168.9932786
169.8351648
171.1335752
171.3481276
170.4265443
170.1441374
170.9100608
170.5159501
171.4364664
171.6817454
172.1948149
170.617305
170.2357836
170.1166115
168.5820975
168.3493012
168.8999253
170.7986771
170.7986771
170.7986771
169.9785554
169.7635762
168.4734877
169.331164
167.478182
167.4897045
169.1081831
166.2705644
167.0793769
168.3692521
170.1633415
170.329777
169.146698
169.6560333
168.9452683
167.9763149
168.9468687
168.3715993
167.0934599
166.871866
167.1702763
165.7888616
167.1493652
167.7692308
167.7692308
164.9486824
168.0178171
167.6800384
166.693588
167.6533661
168.6917742
169.372026
169.0527046
168.2413315
167.9089939
167.5161634
165.9273445
166.6021551
166.2706711
165.0786301
163.0373413
163.4427611
162.0315801
163.3938974
163.3938974
163.3938974
160.3158007
159.3457804
158.2094313
158.6369359
158.9101675
156.1822255
153.6732103
149.1567268
153.2034567
151.5876454
149.8440201
147.5306732
148.3585832
146.2817668
149.1996159
146.0238984
146.4340126
149.9472954
150.8527686
146.3146271
141.2991572
143.7972901
148.2441054
147.8205484
145.8069988
141.7245279
135.6514456
135.5099755
128.1761442
129.004481
134.4030727
137.7690174
131.4495892
124.9347061
123.8151072
121.3129201
127.1057292
128.7903553
134.8601302
134.1863864
136.2391977
129.9549771
130.932999
128.4995199
132.5659874
131.4189694
135.9480422
138.6161314
135.4341193
136.9474021
133.836125
138.7827803
138.9950923
141.948469
140.0788435
139.9270244
142.1821189
140.8202283
140.8202283
142.6132508
137.0856716
134.9067534
135.3238024
133.9983997
129.2242612
129.053238
128.5409154
131.5861517
130.1253601
133.6526192
134.7169529
130.7950496
128.3622106
129.5074149
128.8142537
123.7450123
122.0818308
123.5962872
119.7817134
117.474768
118.2805932
123.1204524
124.9778086
119.101675
121.3785341
124.6273338
123.8610904
121.7260216
120.6149579
119.0258188
119.4416942
120.4670863
126.0411821
125.4413742
131.712472
129.4272912
132.8635442
131.7877947
131.9423877
131.3001174
127.776699
130.8119065
129.2139123
130.4836232
125.5940467
127.6861197
128.9190227
127.5086952
132.0182439
132.0104556
130.7143924
129.956044
128.5481703
127.9379068
130.118532
128.373413
129.0077883
130.2955297
131.1342153
130.5146698
130.4684733
133.487464
133.0561186
131.434226
129.8993919
132.2930759
133.7495999
133.193748
132.7309293
130.2348234
129.2872079
128.792169
128.2265017
125.7390377
125.4804225
127.0363811
125.745439
123.9745012
127.2700309
124.8196949
122.5523312
122.6871866
124.1465913
125.608023
125.7554678
125.7554678
125.7554678
122.2778193
124.5000533
125.8052918
125.8052918
127.8376187
127.8160674
127.7680572
126.4582311
125.4213165
125.8010242
127.0953803
126.3120666
126.1816921
124.3866425
124.2498666
122.3213486
121.0012803
119.6460045
117.7824603
116.0944201
115.5296063
111.5607596
111.8385789
111.7338099
114.6449376
114.4489491
118.1175717
115.0301931
117.7572816
115.2004694
115.1837192
114.6352288
117.4586578
115.762296
115.5411288
115.5889256
118.1059426
119.2990505
117.0822575
117.9909314
119.1912941
118.4250507
115.9315054
114.8713326
114.1388029
116.8719727
117.8218287
115.9381201
113.9364131
113.7144991
111.6870799
109.9184893
110.3416195
105.2367438
111.2852875
114.9497493
118.7829937
119.696682
120.2596821
120.2788862
123.1987624
119.5779366
120.1353889
121.103062
119.0511042
118.4820228
115.4822362
117.6834525
119.806252
120.3653046
121.8369786
125.6504854
123.5809239
123.3398058
121.4827697
121.5655607
122.8794409
125.0448096
123.1828657
124.1997226
124.1997226
124.1997226
125.212312
126.8464739
124.8472207
123.9096341
126.1165049
125.6963619
125.6851595
124.1992958
126.5523312
126.5523312
128.3568761
128.0199509
125.9541235
127.0947402
127.6793983
128.1345354
127.4105409
128.6668089
129.9224368
126.5061346
127.4570575
126.235997
128.0420356
127.6317081
127.6317081
128.0543049
130.5740958
130.9466553
129.732743
132.3387389
131.8816814
132.2513603
131.6855863
133.331484
132.6054625
132.0983677
133.3099328
133.7182332
132.8264163
133.4000854
134.6936947
135.2130588
132.8122266
133.6631815
131.4020058
130.4275045
130.7338099
129.898645
130.8126534
129.6749173
127.5278993
128.8940574
129.6167716
129.493652
131.2310893
131.2666169
130.6642484
129.8572495
130.6416302
132.7720047
131.9653259
131.2664035
130.5993812
131.1029553
130.2598954
131.3848288
131.6247733
133.6415235
132.9622319
133.4959991
133.1789182
133.2793129
133.7478929
131.9200896
131.9600982
132.5842313
130.9021658
131.6789715
133.3426864
134.2345034
134.5097621
134.3878161
136.2255414
136.651659
137.3961378
136.8326043
135.7415982
135.8996052
135.9799424
135.9799424
134.5016537
135.4426544
135.1623813
134.0538782
135.4629254
135.5335538
137.4143817
136.8954444
137.1901206
138.2944628
137.4079804
136.9207298
136.5705751
136.4457484
137.1555532
138.4402006
138.2451723
138.9004588
137.2038835
136.240478
135.9804758
136.4664462
135.3606103
133.9058999
133.4794623
131.876667
134.2710978
135.5597994
137.526619
137.4508695
137.5820975
137.4802091
138.8960845
138.7912088
140.2882748
139.4573776
140.5612931
139.6240265
139.7331697
139.8370852
139.9901846
137.8479676
136.324976
136.2457058
136.6129308
137.3131335
137.120239
138.1458444
137.7204737
139.1992958
139.0408621
138.1544863
138.7899285
140.5863651
139.4605783
139.5320602
140.3598634
140.2622426
141.0362744
139.1916142
139.8481809
139.0064014
138.3445002
138.662648
140.6690494
140.9148618
140.3472741
139.995519
139.3977382
141.5038942
140.6278673
141.0870586
140.6981756
140.3480209
140.123653
140.6662755
139.3374587
139.2486931
139.7101248
139.7470394
139.2117785
139.8504214
141.2275685
141.7563213
142.1054092
142.7147125
142.7993172
142.7993172
142.7993172
143.1940681
143.670223
143.8875493
143.8875493
144.9354529
144.9640457
144.6722501
143.6933746
144.4277179
143.6179452
143.0610264
142.9054732
143.6364024
143.4261176
144.4352929
145.3447135
144.7163128
145.0996479
143.9433479
143.345247
142.8307906
142.7666702
143.388883
141.6337352
141.0200576
140.8736797
141.1666489
141.3206017
140.9650059
141.5856183
142.5876454
141.6435506
141.3704257
140.6954017
141.7528006
141.5737757
143.2724848
142.704577
145.0115225
145.0565454
145.0862051
144.2432519
144.5463566
144.9533767
144.1991892
145.6673424
145.7345567
145.2210605
146.2008962
145.8401792
146.0630535
145.6680892
145.7775525
142.5209645
143.3849355
141.7008428
142.1518191
143.0588926
141.1555532
141.8809346
139.2574416
138.7584551
138.6426971
140.6569935
140.0942068
141.6193321
141.8572495
141.0354209
141.8252427
143.5169103
143.9547637
143.7888616
143.7776592
144.4224901
144.4224901
144.4224901
145.2730182
144.3039582
145.0257122
146.0376614
146.4052064
147.1587539
146.3628507
147.4446815
147.5091219
147.4691134
147.5940467
146.01547
145.8463672
144.8527686
144.8527686
146.6289342
147.3459938
145.7143924
145.1104236
141.7484263
143.5610797
142.2382375
143.5904193
143.2173264
141.8960845
142.3712792
144.0989011
142.7370106
142.7653899
142.6701163
142.3251894
143.010989
143.4284647
142.7346634
142.7346634
142.4176891
142.4897045
142.8869092
143.5290729
144.7168463
145.1292009
144.7223941
144.5823109
144.4948256
142.8917102
143.6323482
144.6648885
144.756428
145.1472314
145.0675344
144.0647605
144.6061026
145.0720154
144.7884349
145.570255
145.4298517
143.9630855
142.8182012
142.365518
142.1944948
141.1736904
140.698389
141.2890217
141.6272271
140.5904193
140.5498773
141.004801
140.0004268
140.0371279
139.5114691
140.0767097
141.2512536
138.9832498
139.3731996
138.0996479
139.2930759
140.2493332
142.25008
142.0294463
142.112344
142.5659874
141.7539742
141.8996052
139.4595114
138.7111917
139.8809346
138.603222
139.0314734
138.1976955
139.7128988
139.9554038
139.9201963
140.1463779
140.3634909
141.4979196
141.6815321
141.8433799
143.146698
144.318788
144.318788
143.3664782
144.6659554
145.1966286
146.226395
146.6297877
146.7563213
146.5298197
145.8666382
146.1014616
146.5648138
146.1285608
146.3344714
146.5496639
147.6043956
147.3164408
148.1932146
147.6672357
146.7834205
147.1472314
146.0464099
146.770511
147.4363598
146.8668516
149.6598741
150.4959991
151.2465593
151.1156513
150.8614104
150.8645044
150.4447882
149.2949963
148.9307586
148.6084498
148.4415875
148.498453
149.4392404
148.2093247
148.1522458
148.1957751
146.537288
147.092073
148.590846
149.0808706
148.4674064
150.0365945
150.710765
151.5619332
151.8944842
152.2911554
151.5425157
151.5225648
152.0137629
153.3521818
153.96874
154.2331164
153.2652299
153.932999
154.1891604
152.8243892
151.9294783
152.2477328
151.5483837
152.5618265
152.1608877
152.3512216
150.9449483
151.9503894
152.5027206
152.4882108
151.6678758
151.9225435
151.184466
150.6689427
150.8920303
152.3251894
151.8599168
152.0288061
152.3324443
151.1543796
152.217113
152.3257228
153.7204737
154.065614
154.3553825
154.3553825
154.3553825
155.1087165
155.1612077
155.0148298
155.0148298
156.07799
154.7649632
155.3287101
156.3090793
155.9568975
155.2744052
154.23429
154.8281233
155.5220314
156.2893417
155.5441161
155.4319855
154.948469
155.0089619
155.2897685
156.256268
156.4229169
156.6022618
155.9534834
156.5859383
158.3621039
158.7301824
158.5078417
159.5388883
160.6897471
161.1604609
160.9664995
161.2777126
162.6393897
162.5207511
163.037448
162.7642164
162.8481809
162.7899285
162.8060386
161.967033
160.6154913
160.1811586
161.3175077
160.1566201
161.1701696
160.9279846
161.6484583
162.3560226
162.0800171
161.5008002
160.9789822
159.8508482
160.4823429
160.2824069
161.1085031
159.148405
158.7047904
158.8137203
159.1429638
159.2654433
158.3310573
158.7802198
158.7802198
158.7802198
158.6365091
158.0022405
157.7576016
158.3978449
157.8522351
159.151499
159.360717
160.25008
160.4849034
160.1005014
159.2785661
159.7140723
159.1256801
157.4081937
155.2925424
156.2506135
155.1719834
155.0697749
156.0319001
156.492265
155.792169
153.9132615
153.7810733
154.153206
154.153206
156.0328603
156.5780433
157.2386642
157.7283687
157.4822362
156.854689
156.3380988
156.9807959
156.8209751
156.7260216
157.2291689
158.8078523
159.3448202
159.6289342
160.2339699
160.0363811
159.7285821
160.5011202
160.1867065
160.1867065
159.4962125
160.9997866
160.8949109
160.7755254
160.1534194
161.5557452
160.8754934
161.0294463
161.7330631
162.4154486
162.2691774
161.3890963
162.2446389
163.2853942
163.0679612
163.3196415
163.9609517
164.4165155
163.2178598
162.1111704
163.5637469
164.1227995
164.2516804
165.8378321
166.5403819
166.6712899
167.9960525
165.6930545
168.0921797
168.4348661
167.5171237
168.3962445
168.7566414
167.8069988
167.2331164
166.7365838
167.1330417
167.3271098
167.8759202
168.8143604
168.367225
168.7245279
168.9019524
169.2967033
169.5738824
170.6631815
170.8838152
170.3941107
170.3982716
171.1555532
171.6748106
172.0876987
171.4524699
170.990398
170.9610584
170.3893097
169.4172623
168.6086632
169.9479356
170.1266403
169.5560653
168.8003841
168.1640883
167.3287101
167.3287101
168.2613891
169.5564921
170.5494505
170.4680465
170.7883282
171.4394538
171.7466126
170.9261709
171.5444361
172.1350688
170.9415342
171.2616025
172.4059533
173.1133042
173.8116932
173.3272165
171.8508482
172.3474875
173.206124
174.4294249
174.2719513
175.6847327
175.1762509
175.1681425
175.8973648
175.6182652
173.5164835
171.6926278
171.3727729
171.7823536
172.0074683
170.7858743
168.3456737
168.6456844
169.0437427
168.3079057
165.2480529
165.1570468
164.4154486
166.4608983
165.6697962
167.1002881
165.6802518
166.5493439
169.6068495
170.4782887
171.17209
173.4597247
173.1480849
174.4746613
174.5110424
173.8085992
173.270351
174.5655607
174.7647498
173.7994239
173.4451083
174.3841886
175.5772965
175.6274405
176.2172197
176.7302891
176.135709
176.5382482
175.0663608
175.5399552
173.4999467
175.5118959
176.8592766
176.3220954
177.2330097
176.9629788
176.8992852
176.4840499
176.0365945
176.2521071
176.6030086
175.8522351
176.940574
177.2060173
177.4434013
178.7442654
179.1170383
179.1041289
179.1041289
179.1041289
179.8946975
180.4509762
179.8007042
179.8007042
181.7847007
182.7443721
181.978342
183.2590419
183.2249013
181.9589246
183.3011843
183.3464206
182.5545716
183.3109997
181.9765283
180.8400725
181.7233543
181.0402219
180.6643551
179.882855
182.126747
182.6949749
184.851595
184.5834845
183.9478289
185.287528
183.6007682
183.9690601
184.3986984
183.5121092
182.9843167
185.6599808
184.226715
185.07799
185.0328603
184.9850635
186.167289
186.6386429
187.1097834
186.9522031
187.2957431
186.1890537
186.9431345
187.4353996
184.8308973
186.429745
185.9659661
186.8631175
188.1144778
186.9722607
185.5447562
186.9568975
188.5031473
190.2082578
190.1570468
190.5937267
191.5418756
191.6487784
191.3335111
191.3259362
191.9309719
191.4013656
192.8507415
190.8291902
189.7096981
190.4828763
192.07799
190.534514
192.2808066
191.5990611
192.8214019
192.8262029
192.3403393
193.5207511
191.8549024
191.3465273
192.2573349
192.2573349
192.2573349
192.6509122
194.1407234
194.0231516
195.5840179
194.5336605
194.2192468
194.9002454
193.5251254
192.277926
192.277926
193.9668196
191.7995306
192.6526192
194.3436466
193.5644938
194.7029766
194.0016003
192.6121839
188.4796757
186.2846474
186.4910914
181.0768164
180.8049717
180.493652
176.457911
181.1616345
178.2614958
181.1174651
184.7801131
184.7801131
180.3334045
182.4368932
183.2459191
183.8821082
183.7092713
180.6371493
181.7422383
177.132935
180.1620612
179.0924997
175.8925637
175.5584125
179.1760376
178.4341193
179.2921157
180.268644
180.3938974
181.1151179
181.4144884
181.0767097
180.2286354
181.0539849
184.5274725
185.9187027
187.4985597
187.4789288
185.7474661
187.6305345
187.4947189
187.7178065
186.4715673
186.5430492
183.4598314
181.6239198
181.2884882
180.5610797
183.6239198
183.4937587
181.8648245
185.3944308
185.8977915
186.6486717
188.3005441
189.604609
188.2546677
186.8558626
188.4261176
185.5511576
187.1420036
185.2633095
185.0224048
186.2857143
185.0616665
184.8888296
186.4137416
187.3627441
187.4278246
187.6651019
187.829617
188.1817988
187.7955831
186.4372133
186.73445
187.0156833
187.0156833
187.3753334
188.6332017
187.9595647
189.3151606
190.4783954
190.3129201
188.7036168
186.3991251
187.115438
186.2179665
187.6494185
187.6656353
187.2673637
187.3260429
187.6704364
185.9316121
186.9869839
187.9196629
185.693908
184.9486824
187.2781393
189.0824709
190.3750133
190.1808386
190.0648672
189.3780006
190.4069135
191.6381095
191.5947936
192.292009
193.620399
193.7323162
195.2790995
196.3601835
196.818948
194.7487464
196.1153313
196.25008
196.2694975
196.5480636
197.1411501
198.149792
197.2831537
196.3925104
195.2983036
195.4184359
195.9284114
195.8726128
195.818628
198.2393044
198.9580711
198.7227142
198.4835165
197.8990718
197.5928731
197.3715993
198.835805
199.5816708
197.6133575
197.9602048
197.9680999
196.520431
195.9063267
195.2864611
193.0668943
192.3592233
194.3261496
193.2625627
192.3952843
193.2845407
194.4954657
194.6431239
195.9640457
196.6856929
196.9568975
196.8035848
197.9595647
199.0290195
199.9738611
199.6548597
198.3516484
198.2058039
197.8090259
198.0579324
198.0579324
198.0579324
199.7506668
199.6693695
199.0396885
199.0396885
201.912728
202.2515737
201.2756855
199.1896938
198.3878161
198.4424411
197.2696042
199.3647712
199.6832391
200.5126427
199.0650806
198.7210071
198.8972581
199.7476795
199.1760376
199.3538888
201.9882642
200.6273338
199.3606103
199.7232476
199.8066788
198.6409901
201.1742238
202.0850315
202.3631708
203.2463459
203.9472954
203.2283154
204.3699989
203.4105409
204.3383122
205.5480636
205.9773818
205.5712152
206.4227035
205.3687187
203.590846
204.2928625
204.8956577
205.9166756
201.1108503
197.5338739
195.8078523
195.8681319
193.9786621
196.5624667
197.2528539
199.5517977
200.0852449
199.7594153
197.4743412
192.2859277
196.5446495
196.4846901
198.4257975
199.4363598
200.7135389
202.6328817
203.2790995
201.8486077
201.9015257
201.0955937
202.8632242
202.4062733
202.784594
204.4118212
204.3726662
205.3949643
205.3949643
205.3949643
206.084498
205.8709058
205.900032
207.323269
209.0094954
208.4145951
206.8929905
206.601515
207.9654326
207.8061453
206.1073296
207.1909741
207.4137416
205.8483943
206.8270564
205.9536968
207.949856
209.6449376
211.8559693
211.8559693
210.1017817
210.0016003
209.2606423
210.3482343
210.0850315
210.5377147
210.2244746
210.9786621
212.8696255
212.7321028
211.6628614
211.9772752
210.3964579
210.4392404
210.4392404
211.5315267
211.3054518
211.8928838
213.6590206
213.214019
212.2124186
208.6729969
208.0537715
208.0062947
209.8526619
208.4487357
209.6362957
212.5777232
215.1502187
214.1988691
212.4533234
212.3915502
210.5548917
209.7356236
210.3690387
209.4478822
208.5062413
209.9636189
211.0419289
210.5508375
212.2307692
213.2945695
212.1163982
213.8042249
214.4495892
211.8460472
211.2666169
213.7834205
214.3573029
213.8280166
212.5474235
209.7003094
212.0617732
210.4097941
211.4854369
207.4769017
205.9550838
199.4799957
198.4811693
198.2439987
203.0683879
199.6895338
201.2159394
198.9410007
197.7760589
201.5480636
204.239091
200.2574416
193.0024539
198.7096981
196.288915
195.2499733
187.3449269
193.6033287
194.1152246
194.2597888
197.7675237
197.7604822
198.6834525
198.6834525
194.9175291
195.9799424
198.5237384
201.4851168
201.8218287
203.9053665
200.5137096
201.9437747
198.0292329
196.2111384
200.7824603
201.5875387
203.3010776
200.9974395
197.770511
200.6902806
206.2093247
205.2739784
206.206124
206.3003307
204.0668943
205.1766777
207.0057612
206.3595434
207.6782247
207.6157047
208.7309293
209.1428571
210.5542516
208.8311106
211.1328283
211.6114371
214.4217433
214.5872186
211.9401472
211.0035208
212.9526299
210.7421317
208.1880935
206.1179985
207.8923504
206.8071055
209.753334
212.2367438
213.6089832
212.0898325
214.1155446
209.959458
208.1617412
206.1407234
206.4828763
203.6321349
203.4267577
200.9771685
202.0103489
202.8299371
204.9931719
202.5813507
200.4192894
194.889043
198.2084711
193.3340446
196.0027739
199.3441801
196.7367972
195.2108183
200.4585512
201.756108
204.0373413
202.5256588
200.0627334
205.731356
205.471994
207.7188734
207.9841033
207.1880935
207.8808279
201.6696895
202.7551478
198.9666062
199.0874853
199.2691774
201.2990505
204.1424304
205.6051424
205.6051424
205.6051424
206.163875
205.5537181
204.9318255
204.9318255
203.6884669
205.4273978
201.1767844
200.6019417
201.2320495
198.4988798
196.8662115
196.2786728
196.909314
190.8604502
188.382695
187.2369572
187.2136989
177.1081831
182.381308
178.2122053
186.6103702
186.2454924
183.7610157
186.9313987
185.5154166
186.7889683
191.5957538
191.5337672
186.3914435
186.5770831
181.8250293
183.6839859
181.3177211
187.6964686
186.7943028
186.7648565
183.8259895
188.7695508
189.5445428
187.1601408
188.3582631
186.8913902
190.6230663
193.3286034
192.9896511
189.4154486
186.7140723
184.7664568
183.1784914
185.8683452
183.0260322
180.9482556
178.7029766
180.6227462
183.3255094
180.5759095
178.603222
171.748213
177.7586685
175.8830684
174.3402326
174.3402326
174.3402326
180.5956471
179.6780113
181.5876454
180.8407127
181.2141257
186.1349621
188.143604
187.2079377
188.8846687
190.9807959
190.1040222
189.8999253
189.3012909
187.0218713
185.0527046
187.3783207
191.7654966
189.7801131
192.2690707
192.0981543
191.3475942
192.7798997
191.6673424
193.0496106
193.1273872
193.0658274
193.0308332
192.9700203
196.9652192
196.9652192
196.8988584
198.4958925
198.9908247
196.8821082
197.4522565
197.0855649
197.112344
198.1959885
199.8790142
202.0903659
196.1402966
196.2274619
195.7507735
192.8032647
192.8032647
191.7662435
192.1385896
192.0404353
191.5363277
190.007895
191.5631068
188.8391123
189.6674491
186.8073189
185.7949429
184.181372
180.8426331
183.001707
183.4528966
183.2354636
185.3040649
181.9381201
180.3744799
177.6021551
179.006188
177.9452683
178.9788755
174.3721327
174.7603755
177.7173797
173.0927131
171.2882748
172.8802945
170.8253494
173.9651126
171.6806785
174.5580924
170.7064974
166.0245386
167.3038515
163.2011096
162.6870799
167.1983356
170.2537075
171.1623813
169.7682706
172.6182652
169.8610904
169.4406273
168.0347808
168.1803051
171.3259362
171.0117358
169.2555212
168.2585085
172.7114051
173.6982823
173.4441481
173.8918169
175.7568548
175.5003734
172.7052171
174.2069775
172.9769551
172.7658167
168.5497706
170.1225862
170.0419289
174.3719193
174.3719193
173.2943561
175.0256055
177.4096874
178.5267257
177.5394217
178.2040969
174.3897365
170.0125894
166.1909741
172.6683026
171.7346634
170.0977275
168.5217113
171.5608663
164.8364451
159.2381308
155.6167716
154.6598741
168.3619972
165.8959778
162.6202923
161.3590099
164.5876454
161.1798784
152.5999146
155.2320495
157.0729756
154.3996586
157.9510296
145.6407767
146.0592126
138.70319
136.9430278
124.9589246
135.1014616
139.3571962
129.4422277
122.4259042
128.5947936
135.4362531
133.8232156
127.9548704
129.3727729
122.8846687
121.9353462
124.2099648
134.1334685
135.8649312
138.4934386
140.6653153
146.9334258
143.5318468
135.4219567
138.3566628
139.4906647
134.5184039
132.4347594
131.934386
133.896938
130.631388
133.0378747
126.5830577
122.5074149
119.5003734
131.1010349
131.6882535
131.1368825
133.5239518
135.4780753
128.5184039
130.3059853
131.7589886
131.5288595
127.9961592
135.9272378
138.606316
138.1404033
138.7920623
135.3599701
135.2761122
136.220527
136.7519471
136.967033
135.6042889
134.4099008
134.6230663
133.373413
133.373413
133.373413
136.6371493
138.9731143
140.2702443
140.2702443
144.3615705
145.056332
146.9699136
142.7879014
142.6198656
140.8224688
140.1785981
139.3079057
132.3240158
130.2931825
131.026459
129.8518084
129.2474128
128.2677905
127.9995732
127.9609517
132.9861304
132.5226715
135.7634695
132.3742665
131.0918596
128.7930225
131.5092286
133.6109037
133.6791849
135.7126854
136.2076176
133.1766777
133.7765923
132.7776592
132.3537821
130.5977809
127.3233757
126.4717806
126.7934493
122.6660621
121.442121
120.371706
121.4281447
123.5744159
120.804545
114.2799531
110.7337032
114.9848501
111.2506135
111.246666
111.6492052
117.1797717
116.4777553
117.0552651
118.3797077
121.8768804
121.6594473
120.026459
120.473381
121.3681852
124.8775205
123.5434759
123.1571535
123.9581777
123.1732636
118.8606636
124.0192041
124.962552
130.4598314
127.5966073
126.4817028
124.3307372
124.1280273
126.0959138
126.0959138
126.0959138
126.4205697
125.7369039
128.4550304
129.8134002
126.5129628
126.3688253
127.7895018
127.3488744
131.7160994
131.9998933
129.7508802
132.7430919
134.5649205
134.5419823
134.5419823
137.6571002
139.507735
139.4288915
141.3754401
140.4837299
140.1087165
137.0941001
138.0489704
137.604609
140.7548277
141.9145418
141.7016964
137.76571
138.3951776
138.3951776
139.8016644
139.9795156
138.9941321
140.0273125
142.8511682
141.862584
138.8744265
139.0381948
140.6711832
139.586045
139.5792169
140.599808
141.4457484
140.7916355
137.1640883
137.2501867
135.7425584
135.8127601
137.8793343
134.332871
134.1860664
135.7768057
134.8910701
134.5248053
136.2172197
134.7982503
137.6718233
134.3114264
134.379601
133.0916462
132.8332444
131.3454604
131.9121946
130.9261709
133.3364985
134.4553505
137.8794409
138.3537821
139.1847861
140.9351328
142.09378
142.4895978
144.5684413
145.1300544
145.4287848
143.6163448
144.2026032
146.8589566
146.1321882
148.4749813
148.1518191
147.4241972
148.863971
150.2186066
149.9285181
148.2993705
149.7600555
150.993812
149.7222874
147.5123226
148.8249227
148.956364
151.054625
154.0268857
155.4576976
156.1266403
155.3192148
154.6472848
155.9112344
155.9112344
153.0603862
152.9552971
152.2976635
154.0230449
156.6610477
157.0852449
158.893844
158.3695722
159.1238664
159.3337245
160.0511042
162.6545396
163.9245706
164.2804865
163.0569722
163.3134535
163.2222341
161.3054518
161.415662
164.0569722
163.8636509
163.0415022
160.3271098
158.4262243
159.5408087
163.1037021
162.1762509
163.5895658
163.8328177
165.3493012
163.5686546
166.7819268
165.6995626
164.6827056
167.5670543
166.3416195
166.8167076
165.2413315
166.3293503
164.7153526
165.03126
161.2107116
163.0080017
160.0882322
161.9794089
159.8407127
162.056332
162.5831644
163.1181052
166.0197375
165.8808279
167.0076816
167.3152673
167.9648992
170.6684093
169.5041075
169.3752267
167.0289128
166.511149
169.8057186
168.8085992
170.0838579
164.6946549
166.3315907
164.5708951
168.3991251
168.8509549
168.4292116
168.7478929
168.3642377
165.5912728
164.9686333
166.2753654
166.787368
168.4937587
167.5576656
168.6467513
165.3788542
164.7099114
167.8060386
168.914115
170.2793129
171.2244746
171.2244746
171.2244746
172.3164408
171.0511042
171.5214979
171.5214979
174.3027846
175.0404353
175.2552011
175.150112
175.3901632
175.5289662
174.3057719
173.4943988
174.2418649
172.8702657
174.092393
174.6882535
171.7961165
169.0871653
168.0707351
166.7219674
167.2608556
165.3616772
163.0830044
164.4371066
166.3080124
167.4167289
166.4680465
162.8865891
160.3944308
161.3671183
161.9573242
162.6083431
163.5115758
162.9071802
163.7032967
166.1424304
167.1565134
168.6728902
169.7315694
169.5181905
168.3596501
169.2496533
167.2278886
169.6396031
171.1842526
173.6515523
175.195455
175.0133362
177.28134
177.5158434
177.3706391
178.5583058
177.8259895
178.0641203
177.0688147
177.8889363
178.6510189
178.5831644
178.8140403
178.6216793
179.5089086
179.6370426
181.2247946
180.4213165
180.6770511
179.4633522
179.6850528
181.704577
181.704577
181.704577
182.8090259
182.2667236
180.7325296
182.5633202
182.8092393
182.3380988
183.4206764
184.3343647
181.8060386
181.2991572
183.048437
181.0804438
179.2037768
181.0266724
181.9261709
177.2179665
176.7190867
177.6571002
175.659234
175.659234
171.1894804
168.995199
166.4416942
162.1073296
170.3761869
168.6954017
170.2581884
171.8087059
166.4435079
166.454817
167.8415662
163.1849995
160.5660941
160.2029233
160.3645578
156.3118532
159.3400192
164.3117465
164.0852449
164.0852449
163.2904086
162.8936306
164.7945162
162.1063694
160.3166542
159.0040542
160.7923824
162.2691774
163.2772858
164.4564174
164.9307586
165.5571322
166.0805505
165.9815427
167.4877841
165.8367652
163.6851595
161.206124
159.497066
160.2808066
155.3140937
155.4106476
151.9288382
152.9602048
152.5152032
156.9580711
158.5203243
161.3920836
162.2713112
163.3626374
166.6684093
166.1080764
164.776699
163.0983677
162.8185213
162.5272591
164.8672784
168.0059746
167.9614851
169.1558733
169.6511256
168.1986557
168.04705
166.2585085
170.6326683
170.6176251
170.3031047
169.7024432
168.6469647
171.1194922
170.0302998
165.9050464
166.5568121
166.840606
166.8417796
169.1582204
167.6488851
164.7683773
164.2694975
165.5134962
163.0280593
161.5784701
163.0273125
164.479569
164.479569
165.2183933
169.6501654
169.8204417
171.6014083
171.9592446
170.9658594
171.6306412
173.6690494
173.9096341
175.9137949
175.9522031
175.5932999
175.1021018
174.0952737
177.0461965
176.2287421
175.4437213
175.2716313
176.8942708
176.1031687
176.2273552
175.9520964
175.2921157
176.7019097
175.5332338
178.060813
179.493972
178.8992852
178.7449056
179.2102849
178.8589566
181.5557452
180.9159287
180.1687827
181.4331591
180.2161528
180.9841033
181.8848821
181.3770404
181.6920943
180.2935026
178.3784274
179.4033927
179.3137736
179.9272378
181.9055799
181.6398165
185.1901206
185.5788968
184.7805398
185.5596927
183.731356
183.6790782
183.1119172
183.8403926
179.4705004
179.7815001
182.1097834
180.96874
179.3427931
176.2259682
178.5713219
179.881148
178.9080337
175.2065507
174.4638856
178.0330737
181.964259
181.2595754
182.0437427
183.2605356
182.8411394
183.2817668
183.4215299
184.9116612
185.8829617
185.5774032
185.5287528
185.2453857
185.8715459
187.7487464
188.724848
189.1278139
189.5383548
189.5383548
189.5383548
189.1253601
188.3161208
186.0530246
186.0530246
189.7225008
190.7004161
189.9602048
188.8099861
187.9392937
189.757815
190.951563
190.1352822
189.4863971
188.9736477
191.1915075
188.7289022
185.3142004
186.2192468
187.7775525
186.9769551
188.5760162
188.4735944
185.8817881
185.3048117
188.2722714
189.5965006
189.0697749
189.565774
191.2453857
192.5078417
191.320495
190.3382055
191.7166329
191.6297877
190.8909634
192.3960312
192.5202176
192.3864291
190.2430385
189.6621146
187.3860023
187.300224
189.8714392
189.6105836
187.7571749
187.0928198
189.9008855
189.4926918
188.987304
189.0265657
187.838899
184.9166756
184.3611437
182.6471781
180.1330417
177.0492905
180.1631281
180.8707991
183.0189907
182.2799531
183.3467406
185.9727942
186.554785
186.6844127
187.5552118
188.0575056
186.7898218
189.9576443
190.1855329
189.8675984
190.949856
189.8901099
191.4190761
191.3485544
188.5288595
189.9686333
188.520111
189.548597
185.5929798
186.3885629
190.3250827
190.1489384
190.1489384
190.1489384
191.7413848
191.6941214
191.7446922
191.7446922
191.7446922
192.1341086
188.9927451
187.001387
188.782887
187.7140723
190.1029553
188.7638963
187.8390057
187.2670436
187.1874533
185.2444255
187.1941748
188.2194602
187.9676731
184.4611117
185.1795583
185.5429425
185.8693055
187.6960418
187.6960418
189.3193215
187.3569828
184.8090259
185.0593193
185.3115331
185.3428998
183.5892457
185.060813
182.2112451
182.4474555
183.3902699
181.4801024
180.1144778
180.6226395
179.9212632
182.5348341
182.4669796
179.356236
180.0947402
180.8469007
182.2079377
185.0180305
187.8637576
189.2494399
190.1025285
190.2702443
189.6414168
191.2754721
189.2831537
187.3463139
185.4391337
186.60941
184.7144991
184.5743092
181.7013763
182.8831751
184.8839219
186.3386322
187.4391337
187.1327216
187.3015043
184.9897578
185.5293929
183.7247413
182.409154
180.6742772
176.4900245
170.4618585
165.8647178
160.2728049
163.3111064
158.309186
163.1973754
168.1662221
169.1210925
169.3392724
168.485757
160.9483623
159.3198549
161.0828977
162.1992958
164.6088766
162.2300224
162.1853195
162.1853195
166.5600128
170.5467833
171.2853942
167.2834738
161.3082258
163.0181372
168.1338952
168.8180945
164.8415662
162.1712365
163.5731356
165.2355703
168.7493865
169.7562147
166.3290302
169.6355489
167.2719513
159.5343007
160.3497279
161.0627334
167.5012269
165.1065827
164.4398805
162.2678972
160.5854049
156.4664462
161.4069135
167.3260429
167.7271951
170.7500267
170.6488851
172.0799104
170.8618372
172.8443401
171.9327857
171.0944201
172.3721327
170.2956364
173.5619332
175.4527899
174.7602689
175.6205057
180.6326683
180.2762189
175.3045983
171.4447882
173.3787475
175.2745119
174.7271951
174.217113
176.0135496
172.654753
172.1764643
175.3268964
174.5250187
174.4415875
173.9232903
171.2257548
169.3089726
164.8868025
164.3870692
162.2899819
161.865678
163.0417156
167.6981756
168.4774352
173.8258829
173.317401
175.3027846
175.7860877
175.8269497
175.1460578
173.1559799
174.5946869
171.4140617
173.3750133
169.5022938
170.5672677
170.1519257
169.4553505
171.1815854
170.1825456
172.2874213
174.0206977
174.0206977
174.0206977
173.9215833
175.8032647
175.9739678
175.9739678
179.9672463
178.9943455
177.5938334
178.4490558
177.2541342
179.8767737
179.0359543
178.7901419
177.9194495
178.5926598
179.7459725
179.9994666
181.1842526
180.792169
182.4977062
181.543796
180.6301078
182.8281233
180.8898965
178.9145418
179.2680038
182.6838792
182.8125467
186.10925
185.884242
185.8286568
185.4068068
186.0359543
184.6892137
186.417049
186.2331164
185.947082
185.7267684
186.3003307
187.5408087
187.0113091
186.6897471
187.3639176
187.2644831
186.6504854
187.0521711
185.2558412
187.160781
186.5176571
185.4096874
181.990718
182.8397525
184.9699136
185.8653579
186.0200576
188.0119492
187.6827056
187.4968527
188.2964899
188.2090046
186.0423557
186.0518511
184.5870052
184.8878694
186.4021125
185.3651979
183.4954657
181.3840819
182.2132722
185.5644938
184.4254774
180.2120986
180.821722
180.821722
180.821722
176.7679505
177.9962659
180.3355382
178.4617518
178.8866958
182.0508909
181.3635976
181.3348981
182.1745439
178.8503147
180.2212739
180.4578043
181.4614318
182.3197482
181.0929265
183.43764
181.7213272
182.0509975
178.5509442
178.5509442
175.4649525
174.704897
175.1085031
176.1110637
172.6791849
171.8243892
170.7629361
168.6924144
166.4448949
167.5758028
170.6974288
166.3841886
169.0650806
169.1440307
169.2973434
170.3506881
167.4454284
168.2148725
166.3246559
166.3246559
166.3246559
170.1928945
172.2577617
171.8520218
171.764003
173.09378
173.4113944
172.8834951
173.2004694
173.6145311
176.6444041
177.8013443
176.0070415
174.3944308
172.3807746
172.2496533
174.7006295
173.7535474
176.2037768
178.4067001
179.9226502
179.7868345
180.0619866
179.1535261
178.0152566
179.1768911
179.1648352
177.3992318
179.2513603
179.1222661
178.0619866
179.8527686
180.7918489
178.8194815
175.0879121
174.0184573
173.9770618
176.3726662
178.0747893
180.1294143
178.3136669
180.7761656
179.1804118
183.2066574
183.8015577
184.6598741
184.8706924
185.0380881
184.8927771
184.4303851
185.5264056
184.5637469
184.5882855
185.1425371
184.243572
185.2704577
182.6237064
182.6769444
182.6694762
182.6694762
182.5573456
181.5792169
180.8271631
180.5179772
181.9970127
179.271738
178.8286568
182.6230663
183.2246879
183.1573669
183.1010349
182.7560013
183.9431345
187.0321135
186.3598634
185.5161634
186.1614211
185.0425691
184.9720474
184.5181905
185.1673957
182.2495466
182.6229596
181.400192
183.8884029
183.5141363
184.0091753
184.0738291
185.4176891
184.4770084
183.5150966
182.464099
184.1033821
182.9878374
183.3663715
185.434546
186.7518404
186.8978982
186.2382375
185.8359117
183.1721967
183.3737331
183.3812013
183.4420143
183.0657207
184.7824603
182.6404566
185.1464846
185.329777
184.378214
185.815854
182.8812547
182.3659447
182.1316548
182.0076816
182.6041822
180.5796437
179.2455991
176.9935986
181.1428571
181.5107223
181.6224261
182.8768804
183.7565347
182.7537608
183.1411501
183.2975568
185.510829
185.3883495
185.5355809
185.4691134
186.2144457
186.5450763
186.9353462
187.1284541
187.2199936
187.8756001
187.3997653
187.1493652
186.8556492
187.6190121
188.4002987
188.2972367
187.7019097
188.1833991
188.1833991
188.1833991
188.1891604
187.2740851
186.402966
186.402966
190.5293929
191.1713432
192.5381415
191.7628294
191.4087272
192.8621573
192.9511362
193.568548
193.1518191
193.4647391
192.9978662
193.8744265
194.5559586
195.3954977
195.3150539
195.8918169
197.95327
198.5435826
198.8555425
200.2911554
199.7993172
198.3361784
200.5867918
197.4504428
198.59362
199.0320068
196.9368399
198.0487571
198.4695402
200.3756535
201.0139763
200.0552651
200.1014616
199.7877947
201.7261282
202.2380241
198.9768484
200.3339379
200.9638323
198.2640563
200.038835
201.1129841
201.6346954
200.5500907
203.2835805
203.158007
203.4987731
204.8863758
205.5300331
205.707991
204.756428
206.2313027
204.9745012
203.9643657
203.4215299
203.126747
201.7500267
201.87496
201.4308119
202.0505708
201.6620079
202.4017924
202.4017924
202.4017924
204.85949
202.5902059
200.2449589
197.3050251
198.1596074
199.3616772
201.6211458
202.5079484
201.5354742
200.1783847
198.9754614
197.0808706
197.0775632
198.4639923
198.243572
202.1270671
202.9131548
203.2815534
202.795263
203.7629361
202.9210498
203.5738824
203.8627974
205.7679505
205.7679505
206.9103809
207.770191
208.0825776
209.0918596
209.2805932
211.0176038
211.232583
211.0331804
212.1251467
213.1131975
214.6890003
215.8241758
211.2572282
209.9208364
209.9208364
213.2168996
209.0228315
209.9365198
207.6039688
205.7581351
206.7880081
202.4477755
199.8413528
202.2270351
201.8721861
199.9461218
198.7196202
198.8324976
198.9740745
199.6758775
201.0661474
200.2910488
194.3134535
192.9132615
190.1688894
192.4616452
194.4126747
196.8773072
196.0206977
198.9528433
198.8083858
196.5274725
202.5464632
201.0795903
203.4260109
205.4172623
205.1685693
206.4180092
206.4962125
207.8147872
206.8624773
207.3774672
209.2879548
209.1459511
208.9213699
208.1469113
208.8429532
207.8094527
206.7745652
206.9541235
207.3009709
208.871866
210.831324
209.7372239
208.8444468
208.3207084
205.4047797
205.9869839
207.7034034
207.4643124
208.6196522
207.8526619
204.5307799
205.0812973
203.9759949
203.6241331
201.6447242
203.4168356
204.8424197
204.8424197
203.2350368
202.9345994
204.5364344
202.3513283
205.3116398
204.1258935
204.334578
206.150112
206.6205057
206.1003948
207.7760589
207.9352395
207.9671397
207.8053985
208.995199
207.3005441
206.9486824
209.0302998
208.070415
206.8684519
207.3024645
206.6492052
207.084178
205.4216366
203.8171343
203.6934813
202.9512429
203.3305238
203.440414
202.9370532
200.726555
199.8635442
202.732743
204.5463566
205.1404033
206.4080871
207.1032754
207.2803798
208.7611224
209.7537608
211.0901526
210.3863224
211.6326683
211.9197696
212.0791636
213.6068495
213.7055372
212.243572
212.3445002
213.2371706
212.7210071
212.5396351
211.1463779
211.4391337
211.9818628
211.8759202
208.8593833
209.9029126
210.8064654
211.7919556
211.0023472
210.4231303
210.4109677
210.2106049
210.8153206
208.9802625
209.389203
209.5886056
209.485757
207.6996693
205.7798997
205.0158967
204.6777979
206.37512
206.6158114
205.4647391
204.9996799
203.056332
202.8940574
205.4135282
204.2962765
204.4982396
207.4069135
208.0706284
210.3836552
210.8581031
210.8581031
210.8581031
212.6180519
212.0471567
212.6020484
212.6020484
211.5254454
211.909314
211.8809346
212.6025819
211.53142
210.5321669
212.0792702
212.596714
212.9078203
214.5599061
214.4665529
214.9485757
215.2054838
215.1197055
214.8481809
213.1936413
209.821722
206.3031047
206.9395071
206.0556919
205.7520538
204.884562
203.4653793
202.9612717
203.248373
206.3724528
206.7306092
207.3926171
209.9724741
210.0549451
209.5303531
209.6577403
211.9475088
213.8397525
213.8210818
214.3057719
215.0989011
