100
99.9475959
100.2984251
100.2017326
100.3958132
100.3301922
100.5442142
100.4605068
100.4479855
101.4371707
102.253608
102.3577206
102.2074646
101.643309
101.1834978
101.4019255
101.4376345
101.7975069
101.9396472
102.4847889
102.1439304
102.5378886
102.6035097
103.1192031
104.4248998
105.0191994
104.9684184
105.0273151
104.809583
104.987896
105.0532852
105.2557134
105.7057858
105.8611431
105.175716
105.175716
105.1972806
105.754248
106.2337686
106.4139367
105.5773262
106.3601414
105.9705888
105.8664762
105.9617775
105.9205035
105.130732
105.4020275
105.3697967
106.783316
106.8185613
107.5197559
107.249156
108.0090154
108.0085516
108.2153855
107.9144097
108.0447243
108.0291886
109.1354715
109.6006159
109.7766102
109.6467593
109.3501892
108.990085
109.3170309
110.0803684
110.1582789
110.2396676
110.2491745
110.4720079
110.212538
110.5552515
111.010657
111.010657
110.3748516
110.12628
110.0112692
110.1065705
110.7194201
111.7137067
111.570407
111.7329524
111.9808284
112.1916042
112.0682459
112.1983286
113.4606645
113.5248943
113.4592732
114.2768699
114.2520591
114.4579654
114.6223659
114.732971
115.1538269
115.2618814
115.0082084
113.2786414
113.26241
114.2995938
115.4005435
115.4269774
115.4156155
114.3077094
114.3077094
114.276638
116.349846
116.4219596
116.2675299
116.9585219
116.9970134
116.4611468
116.2547767
115.2853009
115.9475403
117.0679676
117.1359075
117.3473789
117.9066651
119.088076
119.0713809
119.0581639
120.5419418
120.1876345
118.9723696
118.485197
119.0321937
118.8677933
118.9897603
119.5054537
119.5054537
119.623247
121.0351432
121.4207539
121.583995
121.1227925
122.44588
122.5822234
122.389534
123.0362377
122.1052534
120.3170216
120.9222193
120.9282481
121.5366921
122.6054111
122.6935242
123.4960488
122.9824423
122.8071437
122.2995659
122.0442699
122.0029958
122.1500056
122.4296487
122.4709227
122.3561438
121.9584756
121.4114788
122.3266955
122.0774282
122.3967222
122.1662369
122.1483824
121.8652612
122.2422924
121.6806875
121.7038751
122.3487238
121.9573162
122.2165541
122.4155042
122.5910347
122.8998943
122.8998943
123.9284986
124.2651833
124.2913853
124.7757754
125.0486941
125.5854882
126.2043667
127.2503617
127.2264784
127.1594661
127.5095997
128.1560715
127.3166784
127.0998739
127.2190584
127.3071715
127.1812625
128.1393763
127.8629795
127.2825926
127.5620038
127.4481524
127.5610763
127.5466999
126.6349614
126.3868535
126.7891593
127.6475662
127.9981635
127.8172998
128.4888143
128.780515
129.5055929
128.8653818
128.4169326
128.8016157
127.8121986
126.6576853
127.2334347
127.9670921
127.5759164
128.1859835
129.4332474
129.6727758
129.2734845
128.8978445
130.0655747
130.5066038
130.3547247
130.2271926
129.5067522
130.6070064
131.3105198
131.7508533
131.1602638
131.8466183
131.4162555
131.4162555
131.7554908
132.0400033
133.0621151
133.3568302
132.9566113
133.329005
134.7780014
135.5932793
136.187347
135.2589133
135.5181513
135.9218483
135.6987831
136.2634025
135.1990892
134.9604882
132.8576
134.0148957
132.5598705
133.4607108
133.882958
133.882958
134.4267085
134.5092565
134.4267085
134.7367274
134.7367274
135.9647455
136.0693218
135.3020424
135.0346887
135.4678341
133.2995567
131.0842083
132.0604085
131.9407602
131.387039
133.2497032
132.7778345
133.1942847
134.0654448
134.4580118
134.359928
135.8015044
135.1014692
136.140276
136.705591
138.014534
139.3111876
139.8238666
139.2242339
140.4401944
141.4604511
142.2063979
143.5596294
143.5742376
144.6016825
144.4984974
143.5167322
142.782843
142.0269255
142.0269255
140.5248293
142.1310381
144.3927617
144.5474234
142.634442
141.9483194
141.3737293
140.5259887
141.310427
142.7545541
143.9839634
143.0752393
143.5000371
139.190148
140.4812366
139.8025339
140.1413056
140.6328838
140.9558878
143.3551143
143.0900794
142.6887011
142.4491727
142.8081175
142.7128163
143.3885045
142.4419845
142.4890554
141.7134284
143.5248479
143.8455331
144.0319619
144.0345125
144.0345125
141.4409735
140.8733398
138.9406489
138.3577113
139.6696687
140.9510184
141.5675781
140.8696297
141.4358722
141.7233991
142.386566
143.0293277
142.6940343
143.2651462
143.4538937
143.5927877
143.5691363
143.6839152
141.3081083
140.9115994
140.7029105
140.0759164
141.5281591
141.5174928
143.0831231
145.132216
146.1172275
145.9822754
145.9899273
146.8471748
147.8776341
147.7867385
148.9162091
148.4095589
148.9855402
148.9855402
147.6626846
146.7425985
147.7118424
147.1606719
146.839291
147.8537508
149.1538825
148.0904968
148.1002356
147.8532871
147.650627
147.3436225
147.1926708
146.7231209
146.5705461
145.7010091
145.7965423
145.8614677
146.9647362
147.4945741
147.4145767
146.4893893
147.3879109
147.7867385
149.008496
148.4582529
148.1704942
148.1704942
144.867413
143.755565
144.2387957
144.4460933
142.14611
142.1275599
138.6208911
138.4738814
139.7014358
141.9054222
140.8429639
139.8129684
138.0402723
138.1325592
139.2063794
140.2760258
139.1609316
140.0399755
141.041914
143.3504767
145.9776378
145.5210729
145.966044
146.3467853
146.0910255
145.5405506
146.7194108
145.5217686
145.9525952
145.915263
146.6760499
146.948273
146.8001039
146.546431
147.7881298
147.0860076
146.5392428
147.0700082
146.709672
145.0846813
143.9552107
143.9552107
144.5460321
144.6462028
143.2092639
144.7966907
146.5480541
146.6530942
147.2677988
148.1387271
150.2893819
151.0557338
150.7164985
150.5379536
150.8482043
151.6171069
151.4828504
151.2741615
151.3418695
151.4130556
151.4408808
151.7750148
152.0945407
153.1477239
152.9983954
154.8026267
155.166441
154.5074479
153.5388996
153.0644802
154.5408381
155.260351
155.0695166
155.4829524
156.1676838
156.9052831
156.6831454
155.9202716
155.797377
154.7761928
154.3467574
153.4742061
154.5229836
154.3838577
155.4117663
155.1179788
155.8861857
157.5823625
159.9690677
160.6602916
161.3645006
161.4943515
160.984455
161.2803295
162.3914818
162.6119964
162.3842936
163.5891241
163.9125918
163.6487163
164.8711694
166.7635138
166.4829432
166.4827113
166.4827113
166.9158566
166.7959765
164.7413185
164.1405265
163.7764803
162.7035876
165.1670439
164.6756975
163.256845
160.6582047
160.4842973
158.7746717
160.017298
161.2835757
164.4621392
165.1707539
164.7721581
165.7240113
165.7240113
166.7827595
166.9105235
166.3043982
163.5100542
163.5100542
162.6743712
165.183739
165.0933071
166.4803925
165.4772947
166.806179
167.8554203
167.8790718
169.9562217
169.6689267
170.0677543
171.5206927
171.9253172
173.2031888
174.3245437
172.2395099
170.7056467
169.5956537
169.6385509
171.3648716
173.8879202
174.4632058
174.6025636
175.1975588
172.6401926
173.1060325
175.2395285
174.2777046
175.3216127
178.1192031
180.0562996
179.3091934
179.3091934
181.1199173
180.3438265
178.0496401
177.6505806
179.7214699
180.2244101
178.7587186
176.3808247
175.4482173
176.4976905
175.4092621
177.8024597
177.0671793
178.3856292
180.2366996
179.7648308
178.2098668
174.936234
175.5592862
176.1598464
175.0217964
174.1469262
173.3571548
173.5969151
175.0273614
174.6883579
174.924872
171.2948449
171.2948449
167.345292
168.0747755
166.0198857
166.0702029
167.7937412
168.8146936
169.5949581
168.3425929
167.7972193
163.3271036
164.8036933
167.2474401
169.354734
168.9688914
170.1169121
168.8807784
172.0804426
171.9100134
171.501215
169.9077595
171.7374972
176.4789085
178.1182756
177.3885601
180.5423128
184.1060232
183.9784911
181.2133635
182.0604085
183.1908066
186.0326853
185.0868609
185.6929862
186.7352712
184.2504823
184.9723139
186.6128404
186.0830025
185.4550809
187.8410904
187.8410904
188.369537
187.8151202
187.2331101
187.9554055
187.3643522
187.1048824
186.1050308
186.7700527
190.0453087
191.2042276
191.7294279
192.8890424
195.9474939
198.2509553
198.3993563
198.5725681
197.2997978
199.3263987
199.4372357
194.9569173
198.903224
197.2742914
196.1478352
196.8991152
196.2737442
197.6418157
200.3339022
203.1797229
203.1797229
202.08828
203.5140888
201.1176449
202.3711694
203.2138087
203.6223752
205.4370409
208.0254786
206.9138625
203.3738035
202.5680326
207.2862562
207.7516324
208.4672034
208.1159104
207.4692068
208.8126994
211.168565
211.54606
209.9885453
210.6679435
211.1254359
212.6567485
210.5751929
206.4589208
207.0863786
204.7309768
203.8918157
204.7585702
199.5067986
201.9776749
204.8503933
207.7481543
204.6572401
204.0585349
203.2485902
201.5259794
201.7499722
199.5566521
198.7404467
198.7404467
204.6878478
204.8612915
205.4205777
205.1080081
205.778595
206.2840858
203.0640165
201.6523522
204.2201529
203.2810529
208.7468465
208.1499963
209.0524597
209.6507012
210.7829543
210.1492357
208.4120168
206.8431402
208.5235494
210.3291719
208.8690454
210.4145025
211.6051885
212.7114714
214.3285783
216.6438655
214.8032296
214.0746735
213.1930789
213.5091267
213.8003636
212.9373191
210.8441697
208.4236106
210.7555929
214.7937226
214.3030719
210.3743878
208.4018142
194.5281776
203.9180177
203.7373859
200.4192328
202.9262818
208.0015953
208.268949
208.7480059
207.7476905
205.4943144
204.1517493
204.7235568
200.9585776
203.3837742
205.988907
209.690584
208.1808359
209.6609038
212.8065408
213.9151425
210.4158937
211.5237998
211.6297674
211.6297674
212.5027825
216.7020665
216.0984919
217.1243136
216.539521
218.7648401
218.4487924
216.95087
215.5341044
212.3360633
211.8586295
214.1792498
215.2660551
214.4816168
212.2363564
210.5652222
211.934685
208.7020943
207.2484603
207.2484603
208.1217074
211.7452419
215.5614658
215.3928916
215.3928916
216.3134414
216.7298917
214.6047433
214.0528771
212.3903224
206.0503543
208.8532778
211.4887865
212.5934462
211.0310622
213.1898327
213.1898327
217.1421681
215.354632
213.8638978
212.4946668
212.5125213
215.0260629
217.101126
219.0261649
217.9140851
222.4630389
223.6414354
223.6834051
223.0457446
224.8189044
224.4395544
226.2275544
226.5185594
227.4497755
226.5577465
226.5577465
227.0303109
229.1670531
228.371021
229.6407769
230.851868
229.0784763
231.708188
232.8652519
232.9447856
232.4346572
233.3387438
231.9382095
229.5202011
234.0151276
233.8338002
236.2865901
237.3618016
237.6057357
237.1749091
239.4762837
239.8621262
241.0746086
241.975217
244.0217593
242.9641704
245.25998
244.4741504
244.2091155
243.0777899
242.7907268
244.7674742
246.2878886
248.9187597
249.4961323
249.0430456
246.5909513
244.7827781
246.6217908
246.6217908
246.5807487
247.9703847
248.6653187
246.1721822
249.750269
250.1555892
250.6956296
251.5071974
248.8823551
246.5039976
241.718066
241.5494917
243.507689
247.3774764
248.935223
249.3372969
247.896648
245.4519737
243.4260685
246.3117719
245.8303962
247.6109761
248.5085702
248.1806967
246.1431977
245.6583438
246.456231
248.4461954
247.5386306
246.5005194
246.5005194
242.7524672
242.5716035
243.7057116
242.1546895
241.9819415
242.3559583
240.0524968
243.0170383
247.2557413
247.9031405
248.7070565
247.35197
243.6175985
244.467426
239.6332641
242.0007235
246.1271982
246.1232563
244.9552942
245.5447243
249.1949247
252.1316409
251.2790309
252.1759294
253.4315408
252.3027658
255.5226033
255.0189675
255.0189675
257.5621893
257.4165708
260.0356162
258.2320806
259.4510555
259.7351043
262.4065538
261.6265211
263.6422238
264.340404
263.9768216
259.3033502
259.1449785
253.763588
253.9613786
255.4822568
251.5922961
250.2847444
254.0833457
249.5420439
247.6812347
238.8142762
241.0423778
243.1046876
243.1086295
242.0946334
238.9051718
242.4157824
240.223158
237.8067726
242.456129
246.180066
245.0934926
243.7534781
241.8335405
243.402649
244.3700378
242.6483546
233.7122969
230.0205906
214.5409772
222.7278419
221.5026063
219.88434
217.9052738
217.9052738
228.7547767
225.2977295
219.6890999
225.6469355
230.2779736
232.2670105
233.884813
228.2346776
228.6453309
229.6379944
231.0967296
238.8434926
233.6559509
233.9893893
234.8714477
234.9730096
228.3740354
221.2475421
224.5557246
221.431884
220.4675095
217.5692847
215.3305168
220.7432107
223.6275228
222.7941586
225.3241634
234.4960395
236.6102898
237.9498405
238.5378794
239.8695463
241.6893133
240.1559138
240.3975291
238.6167174
239.355476
243.3212603
245.7805428
248.8348204
248.8830508
250.5562718
254.3203235
255.889432
253.386093
252.9738165
251.1111523
250.3348297
252.2635787
254.6319656
255.4421422
256.8127643
258.8546691
261.2631706
267.0760833
266.1035932
267.2135861
267.2135861
268.4448505
262.2038937
264.4885731
263.9030849
258.828467
264.6230615
267.13869
266.1409253
266.1450991
261.9919585
262.2792535
256.6731747
261.5228723
260.9631224
265.1923184
266.9861152
270.3100653
270.9201324
276.6813367
276.0575889
276.0575889
276.0939935
279.9211156
277.7987497
277.403864
277.403864
277.0843381
280.7097277
286.9128886
286.7765452
287.8846832
285.2109149
279.7147455
278.772863
273.9387011
280.5970357
280.5970357
282.5825944
283.6248794
278.3793686
276.2461045
278.4607572
283.0762596
281.0663538
286.0252653
289.0913686
287.3337445
284.6532518
286.9866254
281.5593233
279.3040922
280.3041756
274.1351005
275.9940547
282.589087
277.7572438
277.7572438
280.3637679
276.8459691
279.5457075
280.3301458
287.31589
287.644691
283.6573421
282.0541478
280.7173796
280.3848687
278.273401
278.4301495
282.4117014
288.7430901
290.4909754
290.0759164
291.4822475
294.1045392
293.1199915
296.1503858
296.0226219
293.9512688
298.4255584
294.5995956
294.0653521
286.4458893
287.6289234
292.656934
290.9171644
297.100384
295.6013022
292.086054
293.8719671
293.8719671
300.1298509
299.1854177
301.2683646
305.4683442
306.4816447
309.095125
307.0824367
302.0089783
300.7030496
299.3315
292.3601321
296.4395359
303.98132
308.4535227
308.2362544
309.1396453
309.0696186
306.1495975
304.3462937
302.3477499
306.6149737
301.5575147
305.3614491
301.825332
304.2628181
303.4744379
306.9581509
308.5207669
309.2463085
302.5077447
303.5885212
302.1483361
304.8594364
303.6304908
301.5285301
296.2111375
291.1332734
295.8452363
290.6767085
295.0053795
295.0053795
292.9817931
293.6850746
294.7990094
301.6715979
302.6176542
298.6669418
298.9994528
295.2715738
293.0191252
292.7009906
294.5383802
301.2064536
303.4813942
303.964393
305.2946687
302.4268198
301.6233676
297.6789159
297.6654671
301.609455
306.075397
310.5659179
312.8730893
315.6732303
315.6732303
314.6699006
315.7803573
315.6036674
317.2530051
316.5281591
315.5021054
316.3723381
318.7813033
321.0087093
319.1005973
311.7016491
312.1401276
308.1810677
307.1935056
305.0076056
308.2170086
308.6851673
303.123145
300.1887475
299.8764098
298.5493804
294.7957632
296.8297841
293.7615938
292.649514
289.3334477
293.8316205
292.9006363
299.4645971
300.46955
303.3594272
300.4702456
298.3124026
301.5160088
307.4198171
308.5161293
312.5700267
308.1729521
305.1158919
299.6440695
297.9743266
299.8585553
297.4080841
306.4408344
306.4408344
304.9802441
303.4069619
304.2032259
305.2424965
303.314675
301.628237
297.4359093
297.5669196
301.1468613
301.0993266
295.0132633
295.5317393
288.5517919
288.3690732
289.2789567
289.2847537
285.8467203
288.8235512
288.6018773
293.3597518
292.9810974
298.3369815
296.8290884
300.75499
300.5759813
295.1141296
288.8182181
289.1913074
280.8210284
282.3831806
284.4153465
290.2166654
289.394895
293.1424835
291.5091452
289.1715979
292.2710915
302.4101247
307.4072958
305.4736774
303.9105977
305.2251057
306.9059787
308.6682403
310.449284
307.6317522
309.0399384
310.7998813
313.951779
313.3540013
319.0500482
316.7533112
320.205489
319.7642279
320.3434555
317.1952679
320.0396973
320.0396973
319.961323
317.9446928
313.6911497
316.3106589
319.0194405
324.5156099
322.7440732
320.1869389
319.1590302
321.0235494
322.7628552
322.9270238
319.9606274
322.7619277
324.2566038
324.8926412
325.1055038
327.5137735
328.3888755
333.2740502
333.2740502
332.4675837
332.8501799
334.3854344
334.4280997
335.2600727
333.1333012
319.7841693
320.6170698
317.8769849
328.8616717
332.9299455
328.3638328
326.4522427
330.7887976
333.9089282
333.9089282
331.3019403
331.8095181
329.0293185
328.2731691
319.4500352
321.3644079
319.8094439
318.528326
309.904606
316.9979409
321.2208763
320.7139942
324.3115586
323.908789
324.1246661
327.3978352
320.1809101
320.9117849
314.605207
315.3757327
317.5477202
313.4425781
313.2120928
304.058303
304.058303
305.1335145
307.4636418
306.1679157
301.4812273
304.8724215
309.1561086
311.478352
313.052098
319.0966554
314.3320565
306.0642669
308.6995437
316.0465515
314.1908437
312.1943867
307.1051606
314.3851562
329.2901796
330.4089838
329.3233379
337.8461917
339.7343622
346.1976887
346.110735
345.4278586
341.9756808
342.1681383
337.5389553
339.7100152
341.7338336
339.8027658
337.9642168
340.6198987
343.6556263
341.4690306
340.5695815
333.3709746
327.3129684
307.7560381
318.2030033
327.0558173
323.2685779
325.0871856
325.0871856
323.8651963
333.8166413
330.4328671
331.2346961
328.416005
331.4955572
326.739074
319.829849
318.351868
323.1635379
321.4267827
318.9626308
312.674603
318.3458392
321.1469077
328.162564
330.859288
326.2108592
323.4974401
317.5600096
315.9194832
310.1462213
315.4448319
311.2525043
310.3869092
310.3869092
319.9545986
319.4254563
325.4183053
331.4387475
329.6312699
327.5293092
330.8052608
328.5191901
326.8176801
324.277009
329.0981858
329.2604994
331.3077373
327.7175929
332.4710618
330.6271796
331.5296431
325.9894172
323.7028827
325.9789827
325.2147177
326.4204756
324.2707483
326.7849855
329.6475013
329.6475013
324.8056875
326.8318246
331.4577614
330.6274115
331.4749202
333.8929287
334.2630036
336.9803647
337.1688803
333.6700953
331.7874898
334.9347499
330.9395173
327.535338
328.9973195
323.9574831
324.8650479
318.8332437
320.6344606
322.6209468
322.8127087
325.4143634
327.5304686
330.359826
331.2940565
328.8690918
326.1742227
328.4598297
332.6417229
330.9499518
329.9925336
332.7219522
331.4617033
333.3786265
332.95893
334.7888996
335.2419863
335.0970635
336.955322
336.2573737
334.3970283
336.9965961
337.3935687
337.3935687
334.508329
330.9587631
332.6581862
331.2149866
330.074386
328.5171032
328.8159921
327.8179955
324.4453513
319.8507179
323.2393615
321.5151276
321.5533873
321.608342
319.3201844
316.5144784
316.3403391
322.9564721
318.3701862
317.5637197
314.9435149
317.1298787
317.2330637
311.8641946
310.0685427
306.871661
300.8688414
293.0186614
302.3373154
302.0296153
296.7910607
295.3432236
305.2098019
306.5753228
306.8285319
307.5647399
301.7154226
302.0866569
305.3088132
308.8340321
315.8042406
314.5126883
316.6236922
315.9913649
317.2722509
317.3983917
312.4958262
310.4196038
302.629248
299.169882
306.2815352
307.7945296
304.2720932
303.2810529
297.1673963
297.7475514
291.9348705
291.9348705
296.5700824
298.1241189
295.1458967
296.8179584
290.5635527
290.2354474
292.2223974
303.6205201
298.0102675
296.1700953
302.3370835
305.1562384
303.6856775
301.5255157
297.1483824
290.05041
292.2140499
288.1606162
278.1602452
280.5035894
287.1120706
287.1120706
288.9969949
291.7530793
292.8679417
289.8141278
289.8141278
282.1369277
296.2565853
292.8558841
285.024718
284.3276972
285.961963
288.7022798
291.5286228
289.9258923
289.9258923
292.0976478
292.3717259
296.3043519
295.3374267
295.1394042
298.7518086
300.0570416
298.4480504
297.8651128
299.6456927
301.8735624
300.1414447
301.7251614
296.1478352
297.3851284
297.1611356
294.6559416
292.7292795
288.1868183
291.8407286
289.1678879
288.35261
290.7713141
286.1994045
286.1994045
281.3123748
276.1600783
275.4549418
273.9027603
279.1032871
277.0041089
272.9641241
273.1890443
271.2635416
272.7642465
275.1428359
276.8378534
277.4785282
270.7323125
258.6339226
262.9774338
256.0816576
257.4944813
252.1900738
256.6766528
250.4440436
245.7550364
244.5017437
249.5262762
252.7955035
259.7752189
253.4820899
252.5413668
255.3187839
252.1290903
243.1573236
242.4463901
253.2740966
248.3418509
250.4637531
256.991773
256.2615938
259.8714477
259.8714477
259.2822494
262.1572865
272.1291367
275.8486681
273.6356385
269.4855124
266.1026657
270.6138236
271.9860689
275.7287879
274.9645229
278.9073514
279.2111097
274.9784355
279.1211416
278.5048138
277.8650664
276.5350226
276.3761872
274.2630964
275.1597629
275.0755917
282.8886714
283.481116
283.958086
288.0256641
287.3149625
282.9978853
284.076343
280.7913482
280.7913482
278.6035932
274.4694665
276.2015842
277.334301
278.8523967
282.2431272
279.2700063
280.6552367
278.0487126
276.0024022
276.3244787
273.3522854
268.7548694
267.2854678
266.1539104
267.1189805
270.0362191
272.9543852
270.2270535
268.6155116
267.9372728
266.8015415
270.3638607
269.70394
272.7774635
272.094819
272.094819
268.4791682
262.2845867
264.3872431
260.7497959
260.4938043
266.6985883
268.3678675
265.7956611
268.541543
267.0927784
268.6776545
267.6866142
263.1659494
258.847249
262.9287397
265.3430381
265.6841285
265.5795522
266.9207261
267.846609
269.0215274
267.6979762
264.5718168
265.6630278
261.0554092
260.9582529
262.5011594
262.5076519
261.2824163
259.3093789
260.1765972
255.6285709
257.6983008
254.5095348
256.1644376
255.3867237
260.4560084
259.1449785
255.2074831
252.1075258
247.6174687
248.8028215
248.8028215
249.1093622
249.1228111
243.4017215
238.7623358
240.6655784
240.6655784
240.6655784
240.6655784
240.6655784
228.4150775
227.261028
223.7160997
216.7625863
212.7951788
221.4188989
223.1681754
222.2146991
224.6259832
229.539215
229.1923277
231.9122394
236.3874564
235.6271333
235.9030663
233.9791868
232.5774931
237.9955201
241.5889107
240.3576464
240.0738295
241.731051
237.160069
235.5118906
236.6594476
240.4005435
239.1467871
239.0041831
242.0793296
242.9034188
236.9708578
232.9373655
232.6512299
237.9871726
238.4755046
241.708559
245.3724401
244.608175
245.4663501
245.9120168
245.3620056
249.9128144
250.6724419
251.1600783
250.2870631
253.0603064
251.1322531
249.8650479
249.8650479
252.7885472
254.274412
252.4289067
247.8282444
250.341786
250.1922256
248.0357739
251.2683646
256.7404189
256.1755676
254.1473436
250.0633023
249.3083123
249.4131205
245.5196817
246.244064
248.8598631
250.7002671
252.3507643
250.2525135
251.1308618
250.9442012
250.9442012
251.9860225
253.7088651
254.4773039
251.4802998
251.4802998
253.1491152
255.6573236
257.3314721
255.6111802
254.6938766
253.4470765
253.750371
251.3481301
249.8015137
251.650729
247.5731802
250.18411
247.5219355
247.5219355
245.5853027
247.474169
248.2808674
248.5827706
248.5883357
241.4653205
244.0458745
247.674974
245.8137011
239.6527417
238.9244175
237.520637
236.7793277
240.4193255
243.7979984
242.827827
245.2191697
244.8634711
241.8648438
241.8648438
237.334672
240.5848854
236.8412388
238.8330582
243.1308897
243.0453272
243.1237015
242.4494045
248.2562885
253.194563
251.5285301
255.0973418
253.799297
255.3380296
256.2525506
255.6459616
253.0916098
252.7822865
255.7486829
255.602137
256.5254693
252.3519236
252.8168361
251.8033038
248.1375677
249.4775822
250.6935427
251.2787991
251.2787991
251.0858778
248.8081546
246.3655673
246.5554741
245.7374137
246.1443571
244.3554296
246.9890833
240.8909624
242.5277788
240.5352638
246.2482377
245.7371819
245.457075
245.5959691
241.6494305
239.997774
238.3502912
238.1256029
234.6711063
232.2018532
234.7773058
236.9785097
236.4071659
233.7711935
229.1596331
228.3740354
237.424872
233.7915986
229.8694071
234.2189471
239.3448097
238.121661
239.7243916
241.6160403
238.3329005
235.6415096
236.9692346
239.4955294
236.5217129
236.5217129
234.5294298
232.9380611
232.3470079
232.6653743
226.718437
226.8060863
228.7401684
224.1037972
223.582075
224.2739946
220.2713419
221.8680437
219.6728686
219.2578096
225.5423592
225.753135
221.989547
218.674872
214.7642743
215.619435
211.8507457
211.1242765
214.7860707
214.6425391
209.6954534
205.3294502
206.6432626
206.6432626
214.3587223
211.6346368
206.2435075
199.5093493
201.2256993
200.0848668
199.5255806
196.082446
197.4692995
191.8847852
184.7378868
178.6335052
173.679695
183.7023262
182.4738443
185.8592417
196.0727072
197.0141259
198.9857721
192.8832455
188.4780552
181.9379777
187.4206982
191.2378497
197.6578152
198.3163445
197.3113916
192.8656229
200.6225885
202.8843122
202.6570732
207.480105
204.5501132
207.2542573
210.1756697
205.2967556
206.890443
203.8730337
200.1279958
200.0830118
199.6197225
199.6197225
191.1304908
194.4683535
191.2867756
194.549974
196.4546079
197.8880686
197.8767066
192.8674779
193.391287
193.7210154
189.8526193
188.9698653
183.1400256
183.4595515
181.0257754
177.8203142
182.2802274
185.5123544
179.3922052
176.8206945
184.0568654
179.7242524
177.7674464
173.7096071
170.3842658
173.123887
168.4548212
174.4506845
181.3606051
182.7013152
191.5274635
186.8131817
191.1003469
192.1989779
195.4635676
193.4896027
194.7310696
191.7345292
195.0072345
193.4334885
191.5478686
193.5907008
192.6042981
195.9685946
197.7352619
199.3959616
201.2268587
196.5241708
194.7287508
190.5714365
192.0883728
191.8817708
196.6159939
197.7763041
195.7863397
195.0162777
198.8461824
203.2778066
202.537193
203.1282463
198.7603881
204.4010165
204.4010165
203.8414985
203.472351
200.4078708
199.6264469
197.2385824
198.5092658
194.0115567
196.7537286
196.8909995
196.1928192
193.5702957
198.1742042
196.5160551
193.8928359
192.3796097
194.8924557
195.2847908
194.1597258
194.1597258
193.4731394
190.2948078
191.0630148
191.2014451
191.2014451
197.6095848
197.5437319
202.0838744
200.8032203
197.8836629
201.7077706
201.7963475
201.5085887
202.8080248
199.8650479
199.0295967
196.1807617
196.1807617
193.1589467
191.2088651
193.1981339
187.5463753
184.448273
186.876484
188.1726738
183.8606979
186.3362117
187.30476
184.6187022
183.6111987
182.459468
180.5965719
181.9720635
180.4319396
178.0593789
177.7567801
181.5474976
181.5474976
185.225755
183.9502022
182.1944331
184.6122097
181.2571882
182.5243934
180.1091675
182.2324609
183.1353881
181.7826204
179.0279272
180.8469986
179.1658937
180.6297303
175.9339987
174.4996104
175.1845737
181.195509
181.5275562
187.9584199
188.7998998
190.3898772
190.8369351
195.1790551
188.271917
190.536655
189.4584292
189.1201213
188.0098965
184.5911089
186.8440213
191.7604994
190.7989074
191.3452085
191.6359817
191.2812106
188.5696464
189.7445648
189.0459208
192.7200045
193.8698802
191.5425354
194.561336
194.561336
194.2508533
198.4877013
200.2664261
198.6270591
195.8352656
199.3266306
199.9429584
199.7702104
199.7076037
202.6899996
201.9108945
203.5984919
202.6021184
200.5938358
203.4783798
206.0369055
205.4228964
204.8582771
206.4491819
205.9654875
200.8129591
200.5474605
201.3935779
203.2970524
203.6573885
203.6573885
207.6567949
207.974002
207.1612748
210.1181643
210.8230689
211.812718
214.9861802
215.8304426
215.322633
212.6609223
214.603352
217.3749722
217.5382133
215.3708633
220.1442736
220.3664113
219.9599317
216.706704
216.8922052
213.82958
214.1567578
212.5162314
214.8317504
212.7949469
212.4204664
214.0171681
216.509609
214.8020702
214.8020702
218.9350375
219.6819118
218.5352823
215.5494083
217.6228482
218.9649495
218.2781313
216.8159179
214.1664966
216.6670531
213.4854753
215.4677877
215.6201306
214.0157769
217.7499165
217.3214087
215.8311382
215.435325
216.0708986
213.842797
214.4139089
210.5559472
210.8388365
212.4288139
213.1631669
213.8448839
215.9262076
214.5247459
215.9023243
215.9811624
218.0026619
218.5610206
218.1053832
218.7372468
216.5293185
216.6255472
217.2632077
217.3100467
218.6451918
219.7725755
219.7725755
222.7661015
223.6657824
224.0669288
222.6564239
224.9689285
223.0633672
220.2423573
221.4453328
221.908854
220.9929417
224.1395062
223.4406303
226.4425039
225.685427
222.7691159
224.1480856
219.8590654
218.4555168
217.0665764
219.2427376
216.9364937
221.7233527
222.1713382
224.2835015
225.2283984
226.3010592
225.1354159
226.1665708
226.066632
227.6373637
228.5386677
227.8650664
228.6406934
226.2973492
227.4532537
227.8070973
224.3386881
225.1210395
224.1687226
224.6621559
228.1537527
228.4257439
228.1732303
228.9766825
230.8140721
229.5473306
229.2871652
230.658483
229.5781702
228.224475
228.063089
230.742886
230.7802181
229.0399848
227.6042053
225.5418955
227.386937
225.4795207
225.8489
229.4353343
229.8496976
230.846303
230.846303
230.8101302
233.3976404
232.7184741
232.2326927
233.3106867
231.4899922
233.1766621
231.1215404
230.9038083
233.5423314
234.1651517
232.8629331
234.3828838
234.6474549
237.4891018
237.3956556
238.2872208
238.9962993
238.5932978
238.5932978
238.9659234
241.9374212
241.9269867
242.405348
242.405348
241.7245585
244.6986069
244.9622505
245.474002
246.7180196
244.5592491
245.7513263
244.3630815
246.3815667
246.685325
248.4515285
248.4515285
248.2282314
250.1681105
249.3607164
248.824386
251.8577948
249.3083123
245.9326538
247.1105866
246.5290402
247.3443181
247.4410106
245.3518031
245.6792127
248.7726775
248.1041775
249.3748609
252.000167
250.7563812
249.3737015
249.3737015
251.7119444
250.5699525
249.4430326
248.8199803
248.1248145
247.7514933
248.8021258
249.136028
249.1068116
251.4070268
249.9309008
250.3383079
251.1447744
251.5985568
249.4810603
248.035542
244.4365864
240.7722416
243.783854
240.2892428
241.6610243
244.4481802
244.0992061
241.3375566
238.2044409
237.8679881
237.2685872
241.1729242
240.9062662
244.0324256
245.0155821
244.829849
246.1986162
248.2428397
250.157676
249.4884804
247.823375
247.5991504
247.5991504
248.8478055
245.4220617
245.1368535
245.3186447
246.501215
246.8923907
243.0205164
244.3725885
247.8556058
247.9571678
246.9721563
247.5226311
244.0808878
242.2112673
240.7949655
243.0399941
243.4898345
243.9185742
242.2901054
239.0088206
236.4076297
238.2554537
238.6014135
238.4242599
238.1631669
235.6120613
237.2600078
236.6638532
236.8331231
237.7801068
238.2002671
242.039215
242.4674909
243.7901146
243.6097147
243.6097147
243.7270442
244.5110188
242.6128775
243.8828653
247.7637827
248.0782073
245.6799084
246.7963939
246.7963939
244.3422127
245.853352
246.2380352
245.8950898
246.5246346
245.4612488
246.3880593
248.5215552
247.785811
246.3804074
246.1791385
246.8047414
247.8474902
245.2388792
244.4952512
244.4952512
242.4568246
242.9581416
240.9391927
241.7924983
242.0299399
242.2112673
241.3959895
240.3891816
239.2808118
239.1741485
240.8547896
237.5468391
238.215571
235.8469522
235.2679565
237.5533316
237.6474735
238.7852916
239.1092231
240.2036803
238.7347425
238.4720264
234.65673
231.0420068
231.3107517
234.2991764
233.5947355
230.8066521
231.1231635
234.2277584
234.8406081
237.807932
236.8992079
238.5545745
237.933841
238.0713438
239.9511668
240.0100634
240.6454051
238.7502783
239.9115159
240.3632114
242.9917637
241.9552757
241.9552757
243.5958021
242.5233732
243.0012707
244.1738703
244.6615066
245.1456648
243.3854901
244.1235531
245.167925
243.8902853
245.466582
242.095561
240.9173963
241.2784281
239.8349967
241.1896194
242.2564833
242.1887753
245.8981042
246.724744
246.5311271
248.1368721
245.6356199
243.8395043
244.3500965
243.8179398
242.0876772
239.8577206
240.8564128
242.1563126
239.8725607
239.977137
240.6066818
238.2141797
237.9350004
241.3693237
244.5390758
244.9699024
245.5834477
245.6646045
245.6184611
248.4186021
252.3860095
253.3125881
252.9742803
252.7695333
252.5436855
254.8406544
257.2621411
257.2078819
255.4426059
256.9173407
257.2994732
254.4105235
255.9051996
255.8284485
256.91479
256.91479
257.1000594
256.2581157
255.2162944
259.0093307
258.7294557
258.9193626
258.7373395
255.8226516
257.0789586
258.477406
258.206806
260.4177488
261.5108147
262.1612284
261.5576538
259.7028734
259.7902909
262.2196613
263.1209653
263.2784095
263.2784095
262.1500983
264.056819
264.051254
264.0892817
263.7430901
261.4853083
258.4391463
257.4214402
258.3051217
257.9823496
258.9068413
257.2839374
258.3686559
256.178582
257.7565018
257.7565018
260.2329432
257.7435167
255.8613749
254.2305873
253.3204719
254.2421811
255.5497329
255.553211
254.845292
256.9653391
258.6928192
259.5222416
258.712065
261.6810121
261.36195
261.5423499
259.2706556
260.3363601
262.1459245
262.3689898
263.1942383
263.2197448
261.131001
261.3329654
261.3329654
257.512104
258.9409271
260.9944257
263.4963735
261.7749221
263.2301792
263.1844995
263.1998034
265.760184
266.5318691
265.277649
262.5459116
263.0078096
261.0707131
262.7353547
260.7938525
258.6197781
259.057561
258.9620279
257.7894283
255.2093381
255.3289864
255.1896286
255.1896286
255.810594
253.9210321
257.3940788
257.2136789
255.5376753
256.1570175
257.3022557
257.8678026
259.4614899
257.2806912
257.2477647
258.7396583
255.6972064
253.1352026
249.0959134
249.7917749
251.339087
248.0575703
252.871559
251.1862803
253.339022
251.1865122
252.1896101
249.2943997
252.2628831
253.4340914
253.2555465
256.4373562
255.8108259
255.5304871
257.158956
254.5039697
255.5089226
253.0229743
251.9048657
254.4297692
256.2224067
258.7811642
260.0293556
259.6762076
260.6788417
260.7099132
259.7745233
261.446353
261.705591
261.705591
260.0499926
262.389163
262.9134359
261.1602174
261.4950471
261.4282667
260.8061419
262.2048212
261.5690157
262.1716628
262.7942513
263.3567838
264.3846924
265.6370576
265.5058155
264.9690213
265.0114547
262.1918361
260.2359576
260.0775859
262.4731023
262.0916654
260.2974048
261.0025414
261.0025414
263.2684388
261.1991727
261.8461082
264.8922702
266.5432311
267.1261687
267.2840766
267.9138532
268.288102
266.8462937
268.7439712
269.9956407
268.1420197
269.5437134
268.4434592
268.9943979
270.2117496
271.7103677
269.7702567
270.0668268
271.9264766
272.0618925
270.0543055
267.8473047
266.9617682
268.7634488
268.2646824
270.1720988
268.6442643
269.3795448
266.3009201
266.4938414
266.1886918
266.3565705
266.8078022
265.9869593
264.3135063
264.9305298
263.3215385
264.9126753
264.0686447
266.7150516
266.9144654
266.1511278
266.1511278
269.4389052
270.1354623
269.0992061
271.2027899
271.1234882
269.1230893
268.1679899
268.3476942
270.5210729
269.0574683
267.0280849
264.5275284
265.4494695
265.6370576
265.7928786
265.6950267
265.8770498
268.2363935
268.6857702
268.3727369
265.6433182
261.6668676
260.5390202
261.5010759
259.6384117
259.1141389
257.3650942
257.1995344
259.3578411
260.1383375
257.4770906
261.3088503
257.4761631
258.1553295
262.4888699
261.8294131
260.6090469
257.8128478
262.0265081
263.9944442
263.1260666
265.934787
267.1679064
267.2564833
267.8419715
266.8639163
267.2622802
269.5439452
270.3907583
270.2173147
269.2211731
269.7417359
272.4175911
273.5929732
275.0795336
276.5178638
277.5191066
277.5191066
278.1233769
275.6543556
275.6569062
273.9723232
277.3635175
277.4891946
276.742784
277.0254415
275.6288492
275.4011464
276.1535857
276.5236607
278.0827985
279.2134284
278.7979057
278.0004823
276.2138736
276.2196705
276.9041701
278.068654
278.1871429
278.1871429
275.5312291
275.9138254
275.0772149
273.7627068
273.7627068
278.275256
279.3759739
279.4207261
282.1443478
283.2123711
283.1889515
284.1415003
282.2744305
282.5900145
282.5900145
281.5393819
280.3725792
281.9528178
276.6407583
277.2362173
278.0816391
277.445138
279.4511019
281.5231506
281.875371
280.9564443
281.3200267
278.7244008
277.2313479
277.4924408
275.1861969
277.4641519
276.9860225
277.670522
276.545689
279.2602675
280.2448152
282.3581379
281.8647047
281.8647047
280.9508793
283.0231598
282.0564666
282.4768587
283.5576352
280.6234696
282.9410755
282.5501317
282.1332177
280.145804
279.5192736
279.9512596
278.5008719
280.4340265
280.9780088
283.954376
285.2000167
285.5974531
286.1078133
285.6637698
283.8945518
285.5297451
284.9039104
285.3103899
284.9623433
283.2081973
285.4223863
284.8716795
283.8351914
284.3603918
286.0547136
287.2845867
286.7220542
283.8613935
284.0392428
281.8466183
282.1308989
282.374833
282.374833
281.5463382
286.36566
286.9286562
287.2607034
287.0988536
286.5129016
285.2009442
285.9635861
287.0313775
287.2287045
286.0231784
287.6289234
286.515916
287.5491578
290.591146
290.4302237
290.504888
289.9859483
286.3072271
283.0143485
283.6529365
283.1265768
278.3411089
276.4545615
277.572902
276.425345
275.1662555
275.5801551
278.7408641
280.2972193
280.2972193
275.8885509
278.1280144
281.6356107
282.2338521
277.1469448
276.6674241
274.8706129
275.1198802
273.9660626
270.2785301
267.4143912
268.7959116
274.7106181
273.7193459
271.1385601
271.0182162
273.8635731
272.3480281
272.3183479
273.6470004
271.1283576
272.5460507
278.5372765
278.0878998
280.3317689
280.3317689
278.1347388
278.7828337
276.8325202
277.1068302
278.1920123
275.120112
271.5049251
270.0301903
269.6390146
270.109724
275.2165727
272.6538733
270.5213048
275.0700267
277.0261371
276.8953588
275.5931402
279.0288547
278.7332121
277.3774301
279.0745344
279.490289
279.2412536
278.4762929
277.4034002
276.1185724
277.3751113
276.1846572
276.5222694
280.418027
282.739343
283.1898791
284.245381
283.1421125
283.3899885
282.0413946
282.720561
282.5104808
284.0260258
284.6353973
284.7501762
284.7812477
286.3485012
286.3485012
286.9068598
283.9733898
282.6468242
283.6853992
283.7591359
286.8066892
287.9289716
287.4561753
288.2134841
288.5005472
287.8313516
289.2951881
287.701037
286.9393225
289.4878775
291.6795745
291.8469893
292.4299269
291.6849076
290.6484195
291.1845181
294.7401128
295.5774189
294.7006938
295.0951158
295.7668621
294.9596999
297.7909123
298.4765712
299.3210655
298.1317708
298.5405691
298.8218353
299.0161479
300.8737108
300.8950434
301.9890369
303.8208615
301.2370613
301.3437245
301.3529996
299.0458281
298.920151
298.2957075
301.6787861
302.3050846
303.0559008
301.4740391
302.0381947
302.7563163
304.7337594
305.5212121
306.1679157
306.4681958
306.4048935
306.9219782
307.712909
307.712909
306.6599577
302.385082
303.4090487
306.2889553
306.5848297
305.8541868
308.5293463
309.7086703
309.2850319
308.0062328
308.4889998
309.1637605
308.7820917
309.0967482
311.6851859
311.9618146
310.8314165
311.4679176
311.055873
309.8902297
308.2851803
308.2851803
309.5470524
311.7062866
311.2260703
309.85568
309.85568
309.85568
309.5730226
310.109353
308.1745752
308.8238295
308.7895118
309.6015434
311.7526619
313.2821195
313.2821195
313.6183405
313.328263
312.2820361
313.2371355
311.5880296
312.7214421
315.448542
311.9110336
311.5356255
311.2710544
313.0592862
315.1496531
316.8057153
317.4162462
317.1748627
317.4505639
318.0079951
317.638152
315.2931847
314.1481784
316.5624768
319.0124842
319.4101525
319.1873191
319.1873191
320.1839245
319.7869518
319.5216851
318.4096053
317.9906044
307.0606404
308.6796023
307.876382
304.2551662
301.2011204
305.8905914
305.1778029
307.346776
307.5788844
308.4444795
302.2308841
304.1454886
305.3482322
304.1876901
307.574015
309.5472843
314.8164465
314.7053777
314.9713401
315.2366068
313.279337
310.8019682
311.9189174
311.6399699
312.5199414
315.4439044
315.8107331
316.7709338
316.7709338
316.9594494
317.7540903
315.6113193
317.5345032
318.6400905
322.0159809
322.6823941
322.8546783
322.3169567
325.2219058
324.5566521
324.4713215
327.6538269
327.5021796
327.4302979
324.6974011
325.5984733
327.8300531
329.1747051
329.8367125
330.6146583
330.2401777
331.3673295
326.746494
329.9347963
329.261195
328.7283427
331.4737609
331.1020628
333.2376456
333.8748423
333.7962362
333.3146286
329.9693459
331.7895767
331.7895767
332.480105
335.2085961
335.3377514
336.5903484
337.2739204
335.466211
332.4170346
326.4905023
330.2181494
330.5321103
327.0609186
331.9646435
333.6070249
335.809852
335.4017493
335.9907157
331.4617033
333.4825072
329.3182366
328.0950879
327.0147752
330.0103881
329.8619871
329.3265842
332.9171923
334.0638217
334.0638217
334.2803944
335.4900942
335.6707261
330.9024171
332.6987646
338.8458114
339.9444424
339.3631279
339.4679361
338.7217574
340.2488963
336.1611449
337.6889794
331.0155728
332.3423703
324.6389682
319.6179139
322.8539827
318.808201
320.9291756
322.4584014
314.0095162
321.3048156
323.4007476
328.0899866
318.6347574
318.5647307
318.3632299
312.6303146
308.1080266
308.7609909
316.3373247
316.3558748
316.843743
320.5892446
320.2474586
323.9027603
321.148299
313.6540495
320.4765526
319.264534
322.9759498
322.9759498
326.4369389
322.8187375
324.1179417
318.6646694
318.1712362
322.4869222
322.4632708
325.1532704
325.2464848
323.5078745
332.8633969
334.8222898
332.6092602
334.1519348
332.512104
332.4534392
334.198542
335.7036525
334.7316261
339.1669604
339.145164
337.5584329
338.3085535
341.6202141
340.5083661
343.2333791
342.8194795
341.0305521
342.7399458
339.8071715
337.4791311
338.0806188
337.8014395
329.1452567
330.665903
333.5481283
332.7465311
332.3725143
336.9325981
338.2742357
336.023874
340.0246717
331.2384062
331.4517326
329.6908622
333.7153113
324.1357962
323.8269366
319.1752616
315.7430252
324.9459728
322.6327725
318.5014284
320.1983008
314.6870594
315.9343233
311.0442791
311.0442791
316.1077669
308.9724623
313.4748089
322.3009572
322.517298
324.9197707
323.1222639
321.0314332
325.8412481
330.7774356
330.3915931
332.9164966
324.5573477
326.4260407
326.7998256
322.3308693
317.442912
319.3475458
319.0303387
320.7886585
326.0311549
328.6372153
328.6372153
328.9068877
324.2624008
324.6876623
322.5203124
322.5203124
318.0126326
317.9347221
310.0356162
310.8592417
305.1107906
309.0700824
311.4579469
307.2085776
310.5800623
302.8611245
301.1157899
292.4023336
290.6799547
290.6799547
287.5252745
293.5953384
296.8005676
292.1328931
297.3473325
299.1320861
297.5697021
302.5777714
306.490456
303.3118925
293.7351599
291.4263653
293.6484381
292.6186744
294.41479
296.3996531
300.4820713
296.4316521
296.6266602
296.6266602
296.3940881
298.875167
295.0747106
297.3477962
301.5496309
303.6228389
303.213345
300.555808
292.5115475
292.6634266
291.6438655
293.2609724
286.8020516
284.3409142
279.7727146
290.1317986
287.704747
289.3169845
283.383496
280.5706018
292.3230318
285.2116105
291.8634525
291.8634525
296.5035338
297.4560826
294.965033
291.5726794
289.2272483
290.9540328
301.2491189
300.7498887
301.2233806
301.5827892
302.0400497
300.6617756
298.1510165
299.6718947
293.5287898
292.5681253
293.870112
300.6137772
300.7118609
306.0515137
305.699757
303.0749147
303.9303072
305.7438135
307.7481543
307.4135564
306.0967296
305.0191994
310.0465144
311.0387141
309.8271592
312.193923
306.7601284
307.9995084
306.0737738
309.3798694
309.3863619
310.548759
313.9195481
314.4774431
314.6314091
311.8440213
306.819025
307.6138978
303.6606348
303.6606348
305.6269478
306.9569915
308.6306763
309.2414391
306.1764951
304.557997
304.3831621
310.4692253
301.2008886
301.41607
300.4904189
295.5192179
296.3648716
300.8333643
301.0541107
299.2946316
296.4323477
297.34455
291.9274505
291.9652463
290.8990781
292.6191382
284.1595867
283.2014729
283.5367663
284.5129665
279.0782444
279.0397529
279.0397529
276.6892205
281.3346349
275.135184
277.163408
274.222518
271.9440992
268.9327187
275.3552348
278.4871911
278.4762929
278.7079376
282.1227833
283.0776508
276.4865604
277.7106366
272.7394357
278.9184815
283.6872542
279.9027974
278.350384
275.4985345
283.0943459
284.2766844
279.3451343
285.6948412
287.646546
284.314944
283.7709616
285.3368238
286.3596312
282.0826686
279.5519682
281.3133023
282.0226126
285.0903391
279.5512725
280.637846
282.932728
287.0160737
283.1342287
283.1342287
281.6214662
280.7275822
272.4859947
273.7151721
278.8639905
269.2283613
271.0490558
274.6811698
275.5905895
262.6692699
267.2585702
254.7539326
265.6792591
276.6634822
266.0351896
261.8948023
261.395804
266.3843956
266.986579
243.6162072
256.6882466
255.3067263
244.6376234
241.2441103
231.757114
218.3889682
215.9375696
199.7224438
197.2847258
220.3184129
218.781999
198.9271073
207.2447503
206.268782
216.1253896
209.5224735
196.7020201
198.788677
192.0313312
185.770433
205.4261427
203.8006882
209.1755862
212.4169882
211.7726033
220.393309
208.8110763
198.29107
204.0214347
201.3026823
196.7973214
186.5650738
199.4738722
191.1587798
186.237896
187.9711731
176.348362
164.3510703
174.7618628
186.1117552
187.4385527
194.2253469
194.2253469
196.1118943
178.5115382
185.5904968
190.4105142
184.6884971
191.4801606
198.8271685
194.3023299
196.7201065
191.0683479
192.5734585
190.1120891
199.8826705
198.1846386
194.0581639
194.6849262
191.1144914
189.3800549
190.3701677
190.3701677
191.4678712
190.6669697
195.2602118
198.1044094
198.1044094
204.3666988
203.5817968
205.2642929
199.1204923
199.9086406
195.7112117
191.1719967
191.6647344
185.2027992
185.620177
187.0452901
187.0452901
177.1072939
184.778697
181.8533427
182.9055984
183.9140295
185.9448041
192.174399
185.858546
181.706333
181.6400163
184.4155784
183.2017048
186.2188822
191.2336759
191.5332604
182.3231246
183.6765879
184.1039363
182.307357
182.307357
174.0618276
173.867515
171.8427692
169.9316428
163.9826185
170.5871578
168.8202586
166.1968075
162.4788992
154.8033223
153.8941345
157.5686818
150.9200861
151.1484845
149.6408233
159.1391816
159.4779532
165.9264395
167.125473
166.4289159
171.7560473
175.2622524
173.182088
169.7781405
181.6059305
177.9868016
179.5774746
183.8189601
179.982331
173.7993433
176.0504007
178.889265
184.0886325
186.0111208
184.4524468
179.9763022
182.1079432
188.9791404
188.9791404
189.3979094
185.6262058
187.87935
190.8851655
191.8428155
183.6190825
187.5134488
186.0697856
187.7870631
191.0428415
189.1382077
188.6297025
192.7911905
192.6499777
193.678582
200.2267752
199.4052367
202.6770145
199.9021481
204.7200787
200.4055521
200.1885156
194.747301
196.7511779
194.5193663
200.4871726
200.1815593
199.2355031
195.872134
195.605476
195.605476
200.7334255
197.0159809
200.0134488
202.7289549
208.0090154
208.4354363
205.4497941
207.7864139
207.2704886
207.0010481
207.8643244
207.1935056
208.498043
208.6967611
203.774718
201.1199636
200.8412481
202.4439786
203.0976386
196.8928545
197.3419993
198.7272297
202.9283687
202.7145785
204.4684926
202.8316762
203.6664317
197.8059843
197.8059843
198.1475384
194.2167675
193.93411
194.6496809
193.8763727
198.600857
199.7066762
205.590775
207.4385991
207.3757606
209.7450749
210.6204088
210.5269626
215.457817
216.244806
216.7957446
216.2088651
215.117886
217.6555428
217.8224939
221.2742079
221.8840432
221.2134563
219.9787137
222.8787935
222.1249629
219.3371114
221.8631743
223.4264859
221.4754767
216.0797099
218.299232
219.841211
222.1801495
226.2287137
226.0863415
226.5656303
226.5533409
227.17477
226.7752467
224.8764098
220.0429435
219.3148512
221.2755992
224.1738239
224.1738239
226.2377569
227.9970042
230.3408121
230.1045299
231.5219912
232.2688655
235.8221414
235.0731802
235.612525
234.8716795
236.446353
233.9928675
231.6986811
230.3591304
234.4652
233.9910125
233.2452975
227.2758681
226.2173518
229.529708
232.6945908
233.33457
235.1786841
236.480207
237.5102026
236.8437894
240.9510184
241.9353343
240.0392799
242.3397269
240.7989074
238.673759
241.1511278
238.2357442
235.4270238
234.5795151
229.8636102
234.9790384
228.4531053
229.9218112
230.6517586
230.9198078
235.3379832
235.8678211
241.0753042
241.060696
242.2539326
239.7703031
241.1717649
244.6299714
244.8780793
244.702085
241.3973807
240.5816391
243.7407249
243.6389311
244.7943719
244.7943719
240.6066818
241.4616105
244.4189638
244.5339745
242.4461583
243.7154504
243.1663668
240.6433182
241.5369704
242.993155
243.8244324
245.5957372
244.3187931
244.6710136
241.8286711
243.2778994
245.7721952
246.6563404
247.2963197
248.5867125
248.5867125
248.86937
248.5023095
248.5512354
246.0513746
246.0513746
250.0470709
250.8284948
251.0446038
251.98324
252.75307
253.1604771
250.7510481
252.880834
253.4633079
250.7464106
250.7464106
253.9054964
251.3061605
246.7516417
241.2997607
242.3726534
241.3389478
242.4809397
239.5514117
237.1823292
240.5658715
243.6864658
242.3480745
234.8185798
235.4402408
233.4447114
236.4301217
235.8815018
238.2575406
237.6681105
237.6681105
241.9144654
243.0142558
244.5868424
245.0967389
244.8078207
241.8064109
244.0801922
243.6157435
243.9408344
246.452521
247.0899495
247.1532518
248.0030793
251.4580396
251.4478371
251.8941994
253.0795522
254.0814907
254.0629406
254.0891426
256.120381
257.5751744
257.369268
255.9933127
257.3344865
259.2110633
257.8026452
257.2368665
257.4214402
258.9230726
258.9757086
258.1611264
260.0912666
260.0912666
262.2433127
262.6581398
261.1240447
261.9574089
263.7456407
264.190148
264.3631279
267.3325388
267.5164169
263.2988146
264.3710117
266.610939
266.2700805
266.9112191
268.8708077
267.6893968
261.4679176
263.1237479
266.4727406
262.0281313
265.3840803
259.0067801
257.1897956
248.8846739
244.9845106
255.6257884
254.7956704
258.4301031
255.3282908
250.4463623
250.7171941
247.1685557
245.8368888
236.2497217
239.7814332
236.7408362
236.8090079
235.5591934
243.3258978
240.3629795
240.3629795
236.102712
242.2084848
243.351868
234.9785746
231.7399551
234.1062551
232.7998627
239.6877551
240.8506159
240.4643096
246.1084162
245.930335
246.2187894
246.5659086
245.6031572
241.5926208
240.8796004
236.7670383
237.4302052
236.9284244
229.4800864
227.212334
226.5109075
225.4985345
225.4985345
226.6757717
233.7839467
235.9992951
237.6917619
237.8281053
241.5038121
241.4852619
241.7449636
234.8299418
236.2385917
238.9805316
235.9060807
241.1668955
243.1276434
245.8672646
245.5373043
243.8068097
242.7030775
242.8076538
248.1211045
246.9216072
248.508802
248.2166376
247.3531294
248.6880426
247.136093
240.1909271
238.9420401
238.0010852
238.0393448
240.9941474
241.3456723
237.3189044
236.4818302
235.5128181
232.0824367
232.866875
231.0631075
234.8663464
231.4572976
231.477239
238.3159735
240.5194962
243.6757995
243.6757995
240.8925855
242.4266806
243.5617163
244.7623729
247.5031535
247.370752
248.2565204
248.202725
248.4494416
252.2018995
251.5524134
250.3870019
248.4021388
253.6107813
252.2016677
253.4765248
252.9223399
252.1281628
253.2490539
251.2161924
256.3900534
256.1238592
255.744741
257.3368053
257.3959338
258.3983361
260.2285375
259.2720468
259.8904615
261.6766064
257.4747718
260.2072049
260.6779142
261.309314
261.92912
262.0480726
261.4479762
261.7693571
261.7586907
262.0195518
264.0600653
264.9618331
270.0348279
271.0314332
270.554695
268.4643281
269.6907231
268.5985846
265.3567189
265.0735976
260.7472453
260.8889219
264.8776619
265.6303332
265.3077929
261.5040903
265.4357888
265.4357888
263.4604326
263.0912852
261.440788
267.0753877
270.4343511
271.1983843
270.9008867
271.0191437
271.8961008
272.879721
274.5118999
274.5118999
274.7954849
273.3877625
275.0934462
275.4377829
276.1487163
277.7857646
278.6821993
278.2416339
278.2416339
278.3717166
278.5553628
278.9365679
278.5518847
278.4827855
281.5924816
281.1706982
282.5403929
281.9653391
281.5141074
281.178582
282.2913575
284.7861171
284.3369722
286.4118034
286.4118034
286.8829766
283.8950156
283.4781016
284.0997626
285.7662592
285.8840525
287.2041255
287.8162796
282.7177784
284.8763171
289.6061345
288.8455795
289.4860225
290.269997
292.0693589
293.2978408
292.484186
292.7357721
294.3818635
295.1475198
294.1196112
295.9869129
296.9232303
297.4507494
297.4507494
291.2865437
289.4053295
289.128237
292.2792072
293.7945203
289.1553666
289.6295541
294.6508403
292.4844179
290.0142372
292.5224456
292.0967203
286.54606
288.5508644
286.8702233
283.7041812
278.280821
281.9310214
283.1328374
287.351599
286.3165022
287.1452289
289.8688506
290.8538621
290.0330192
292.1018216
294.1423351
293.7017697
295.2514005
295.3680344
295.338818
295.9354363
295.4802627
294.3169381
293.4949358
291.1817355
291.3565705
291.37628
292.561169
289.331129
290.9732785
294.9622505
296.5172145
296.5172145
296.0302738
298.6845644
300.5718075
301.6312514
302.3609668
301.881678
300.722991
298.649783
295.9910867
297.1551068
298.5711768
300.9928953
297.6573514
299.0822327
296.6607461
294.7607498
294.6088707
297.2585238
297.8987349
295.6905747
292.1115604
291.8432793
292.8549566
294.0769459
295.323746
295.323746
298.4271815
291.6851395
291.3570342
288.5030979
285.3481858
285.1241931
283.8936243
285.9445722
281.9194275
282.0047581
285.5714829
280.5893838
280.9017215
281.6620446
283.1836184
287.1139256
285.3386789
284.6353973
281.3397362
283.8836536
287.5962288
289.9896583
292.8890424
297.0994565
297.0994565
296.8177265
297.1219485
300.214022
298.1848705
292.7102656
291.4031776
292.3371763
290.3008366
292.0779383
289.6212065
294.377226
294.2037824
298.1092788
298.4633542
296.7381928
295.5945778
289.5145433
288.6329487
286.8604845
285.6899718
278.2972843
279.6917897
266.1242302
265.7717778
247.9029087
259.8007253
248.629146
260.1552645
261.5622913
267.2972935
264.6583067
264.8050846
252.9042535
249.0500019
249.072262
257.6345348
260.9972082
256.8616903
260.8884581
268.3305354
269.0113248
270.3007902
267.1015897
260.3349688
260.3349688
258.464189
265.9271351
263.140443
256.1310473
257.878237
260.280246
263.8335219
268.2915801
269.7449822
267.1695296
266.6118665
258.8474809
250.4621299
251.9820806
257.647288
260.4634284
254.993693
256.8691103
250.4625937
243.1684537
248.6769125
253.1864473
257.9225254
255.7850876
264.4990076
264.6448579
267.2070936
266.5362748
271.2187894
265.9252801
271.3280033
267.8503191
269.0027454
274.1202604
277.8567189
272.2643207
275.0742005
284.4311141
284.5688488
277.5944665
269.8662536
274.1536507
279.2839189
277.7066947
279.3940603
282.6173759
272.2144672
274.4421051
279.8000761
277.1854363
278.5386677
273.9486718
269.2884173
269.1212343
264.1386714
263.0553443
257.2294465
257.2294465
256.5479613
264.0436021
264.6304816
276.0541107
275.5495474
275.5337798
278.339022
278.5820286
279.0705925
273.1169307
277.7150423
273.5864807
271.1320676
267.9722861
268.8610689
269.833559
266.6248516
274.5854048
275.0999388
277.3894876
279.8691753
279.8691753
279.9129999
276.3495214
279.3073384
278.1697522
278.1697522
282.4529754
282.5274078
283.4549139
282.795689
283.4553777
286.0282797
286.1732025
286.9063961
285.5040068
285.5040068
286.5156841
289.7364491
291.1761705
291.3185427
291.4715812
291.2144301
293.8091285
292.1447188
291.7449636
291.0328708
290.934787
293.6493656
294.0340487
298.3365178
298.2641723
298.8274004
299.4548583
299.9795949
297.8514321
299.8615697
299.6213456
298.0840042
301.4543296
302.0569767
302.0569767
302.1831175
301.2280181
302.5754526
303.0834941
303.4301495
304.4306967
303.0030329
304.9449989
303.9711175
302.7210711
297.9866161
300.1096776
303.1096961
304.1800382
304.1408511
309.6291367
309.1758181
311.0273522
311.3867608
312.5953013
311.5743489
311.0646843
308.802265
309.7942328
314.0526452
313.1086759
311.4832214
311.0387141
312.2168788
314.5838744
313.3757977
310.1276712
309.94959
309.94959
306.4691233
301.1593827
303.4327002
307.6333754
303.8739612
303.6260852
308.2983973
307.1019144
305.333624
305.6925688
303.100653
304.1427061
308.3976404
310.4740948
311.192912
309.9618795
311.6626938
310.9239352
308.3482507
303.3543259
303.4962343
302.2116383
300.2015007
300.9738814
299.9942031
296.6243415
294.8950063
293.5693682
288.9830823
286.7853565
291.532101
291.6417786
292.1653558
292.5542127
291.9661739
291.9661739
295.1813738
290.8942087
290.1440881
282.8515712
282.8177172
284.5739501
291.1258533
290.9628441
293.3119852
289.5138477
292.880463
290.7360689
293.7956797
296.8448561
297.391389
300.3188302
299.8337445
293.0849781
295.1723306
290.4636139
291.8975384
294.4277751
293.733073
301.1276156
301.9104307
303.906192
303.906192
302.5608444
299.6670253
299.1221155
296.6554129
296.5550104
295.1041589
299.9190751
299.2067504
301.4278957
303.4410477
304.3013096
301.2275544
298.5141352
295.7919047
295.7371819
300.6144728
306.3865753
306.2138273
304.8306838
303.8741931
301.6430771
307.3681086
308.1156786
309.7589875
309.9437931
310.0891797
310.7980263
310.360939
310.3375195
310.783418
313.0203309
313.6113842
313.5851822
312.513217
312.5848668
310.1207149
312.0689415
311.9022223
311.7113879
311.9810603
309.5818339
311.1606812
311.1606812
310.8622561
310.5475996
316.8648438
318.2159884
316.2339078
317.1862247
317.8702604
322.9439508
324.3458763
323.2131595
322.7600727
323.1554222
322.8667359
322.8757791
322.1189341
318.6734807
316.8546412
319.9346572
318.580962
319.3728204
319.7062588
320.8310919
323.108815
322.9914855
321.88242
318.7008422
316.7275729
316.8639163
315.9157732
318.4179528
321.6952957
322.9993693
322.2796245
316.9761445
317.0883728
312.5781424
311.6545782
312.552636
312.2632541
312.2632541
312.2632541
312.4216257
315.9278307
312.9537824
313.5844865
316.047479
308.6223288
304.8478426
305.3725792
305.4068969
304.1545318
299.9114232
299.369064
300.9140573
306.8579803
307.0849874
307.8084422
307.8084422
311.7883709
311.1604493
309.5934277
312.0297544
313.4112748
313.5374156
312.0357832
311.5017715
312.0385657
313.0880389
314.0109075
314.145164
316.1478816
316.1933294
314.1725254
312.8823644
316.5144784
320.1769682
317.8788399
319.6016825
316.6111709
315.8619778
315.8619778
314.2905506
313.9355476
310.5320639
315.7887048
315.7887048
323.7710544
323.1695667
324.7987312
323.7865901
322.7916079
323.7956333
326.1783965
326.2143374
325.9177673
326.3186818
326.2929435
328.149347
329.2447318
329.2447318
330.7530886
331.2135954
331.3047229
333.1815315
332.6111152
334.1424278
332.8666432
332.081973
335.3558377
331.4988035
334.9410106
335.1455257
334.4937208
336.4630482
336.2212009
336.6993303
336.9061642
337.1331713
336.7406044
336.7406044
339.116875
334.8503469
332.652853
335.6099744
329.5716777
331.5910904
335.8047507
335.546904
336.2789382
337.8195259
341.058841
341.4333216
342.0981116
343.6192216
344.6786655
343.8596776
344.2935186
346.2412814
345.6488369
343.7442031
342.8776805
345.2231116
342.3821603
344.8024876
343.6264098
346.3066706
346.2097462
347.6360188
347.6360188
346.0571715
347.7067411
344.0205999
345.4269311
344.0136436
346.1728779
347.3450137
351.6018031
352.9204849
351.9359372
343.7047841
348.6418992
343.6716257
341.3811494
344.5228445
346.1343864
349.7542109
349.8179769
351.2410032
350.584097
353.1041311
354.1120984
350.7695982
354.0712881
357.6605049
358.3329469
360.1891185
361.7083735
360.3681272
361.9281925
361.8903966
365.5206556
367.3362488
365.4842509
369.1810585
368.8763727
369.5202938
366.3241077
365.2426356
364.9891946
364.9891946
367.1994416
364.5428322
365.9002374
360.6742042
362.6548935
360.6480022
355.6999889
358.809685
363.3669863
363.2570769
359.4927933
356.4375881
361.7021129
359.7019459
362.4077131
365.2157379
360.1796116
351.0849503
351.8881706
347.6394969
350.9815334
354.3956834
356.7218687
355.262206
357.2524022
357.01241
357.3490948
357.3490948
360.9058489
362.7590061
365.4158474
365.5389738
370.5043778
371.6528623
372.2244379
370.8023392
371.8555224
373.7212009
374.2855884
375.0500853
374.3815853
372.969921
374.2554445
374.5297544
373.1950731
373.5057876
373.4645136
378.2409383
378.8565705
378.3487609
376.1106886
374.7096906
376.1593827
374.9125825
374.4743359
375.4027695
373.411182
368.0548342
366.8402649
364.6724512
366.2137345
364.1412221
367.3186262
368.8951547
367.5338076
361.6559694
362.6912981
363.5332418
362.3179769
362.3179769
363.8094068
366.7189935
367.2087167
367.3028586
371.0156656
373.7318673
374.9462046
373.68155
374.6797785
376.6660329
378.3900349
382.9726107
382.3514135
379.5976478
377.8087204
376.9505454
376.0072716
377.4080378
375.916376
373.7272297
376.8577948
376.5760648
373.1473065
375.8310455
372.6228018
367.7953643
367.9027232
375.9627514
378.3413408
379.899783
377.2714625
382.5102489
385.176829
387.7752374
387.7768606
389.8797488
387.935696
389.2520591
390.8149069
391.209097
393.2456685
391.2415597
389.8278085
390.8798323
392.2492951
391.1481135
392.6613397
387.3182088
392.4044205
392.6991356
391.8017734
395.0976664
396.9598668
398.6604493
396.8828838
395.9252337
394.4933962
397.7916079
399.7347332
399.1664039
399.3261668
400.3329747
400.3329747
400.0248108
399.0152204
397.7809416
397.3447819
395.7302256
399.9979131
400.7596275
399.5937523
395.0037564
393.6544669
393.7789846
396.2681791
395.1765044
401.6229038
401.2495826
403.3506159
405.4667211
406.6924204
406.6924204
408.5801273
408.4145674
408.3565983
410.0546301
410.0546301
406.3789234
406.2047841
405.1638903
407.7595162
407.701779
407.7736607
408.7475421
403.5224364
407.9329599
410.0321381
409.547748
408.0039141
408.0039141
409.1387178
409.4668231
405.8268253
397.2912184
395.2643856
397.7974048
393.7495362
398.2161739
395.7172405
386.6782296
389.6689731
388.8998386
393.7328411
398.9567875
399.6389682
404.0223622
404.0256084
406.44153
408.3234399
408.3234399
409.0104901
406.3821696
408.9137976
408.1766621
