100
95.39748954
92.05020921
93.72384937
90.37656904
85.77405858
78.24267782
82.42677824
89.53974895
94.9790795
94.56066946
97.90794979
95.81589958
92.05020921
91.21338912
89.12133891
90.79497908
90.79497908
92.46861925
89.53974895
84.93723849
90.79497908
92.46861925
90.79497908
91.21338912
88.70292887
84.93723849
83.26359833
79.91631799
78.24267782
77.82426778
75.73221757
73.22175732
69.0376569
71.54811715
70.71129707
67.78242678
69.45606695
76.56903766
77.40585774
77.40585774
77.40585774
77.40585774
72.38493724
71.9665272
69.87447699
64.85355649
59.41422594
54.39330544
64.0167364
64.43514644
71.54811715
70.71129707
74.89539749
71.54811715
69.45606695
71.9665272
71.9665272
74.47698745
79.07949791
79.49790795
76.9874477
75.73221757
74.05857741
71.12970711
69.45606695
73.22175732
74.47698745
76.15062762
75.31380753
73.64016736
71.54811715
71.54811715
71.54811715
71.54811715
73.22175732
74.47698745
76.9874477
78.24267782
78.24267782
80.75313808
84.51882845
87.86610879
88.28451883
86.61087866
86.61087866
87.44769874
90.37656904
91.63179916
91.21338912
89.53974895
92.46861925
92.46861925
91.63179916
92.46861925
90.37656904
89.53974895
91.63179916
92.46861925
91.21338912
92.46861925
92.46861925
92.88702929
91.63179916
89.53974895
88.70292887
84.93723849
85.35564854
86.19246862
89.958159
92.05020921
89.958159
87.44769874
88.28451883
85.77405858
86.19246862
87.44769874
85.77405858
85.77405858
86.61087866
86.19246862
84.51882845
84.93723849
84.10041841
84.10041841
82.84518828
85.35564854
86.61087866
85.77405858
84.51882845
84.10041841
84.51882845
85.77405858
87.86610879
90.79497908
91.21338912
89.958159
92.46861925
92.46861925
92.05020921
92.05020921
89.958159
88.28451883
90.37656904
89.12133891
89.53974895
89.958159
89.53974895
89.53974895
89.12133891
88.70292887
88.28451883
89.53974895
91.63179916
94.9790795
98.32635983
97.07112971
96.23430962
97.48953975
94.56066946
92.46861925
94.14225941
94.56066946
94.9790795
94.9790795
96.23430962
96.23430962
99.16317992
98.32635983
97.90794979
99.16317992
96.65271967
93.72384937
94.56066946
97.07112971
98.32635983
99.16317992
98.74476987
98.74476987
98.74476987
100.41841
101.2552301
102.0920502
104.1841004
103.7656904
104.6025105
104.6025105
103.3472803
101.6736402
100.8368201
98.74476987
97.90794979
97.90794979
98.32635983
99.58158996
97.90794979
97.07112971
95.81589958
97.07112971
97.07112971
96.23430962
95.81589958
97.48953975
97.48953975
97.48953975
98.32635983
99.58158996
99.16317992
98.74476987
100.41841
98.74476987
98.32635983
94.9790795
89.958159
91.21338912
90.37656904
91.21338912
90.37656904
90.37656904
91.21338912
90.37656904
90.37656904
90.37656904
89.958159
87.0292887
83.26359833
83.26359833
83.26359833
86.61087866
87.86610879
85.77405858
87.44769874
87.86610879
89.12133891
87.0292887
87.0292887
85.77405858
87.86610879
91.21338912
91.63179916
91.63179916
90.79497908
90.79497908
91.21338912
90.79497908
90.79497908
91.63179916
91.63179916
88.28451883
87.86610879
86.19246862
85.77405858
89.12133891
89.958159
91.21338912
91.21338912
91.21338912
90.79497908
89.958159
89.958159
89.958159
91.63179916
97.07112971
96.65271967
96.65271967
97.48953975
96.23430962
95.39748954
97.07112971
99.16317992
100.41841
100
100
100
100.8368201
101.2552301
102.9288703
102.5104603
102.5104603
102.0920502
102.5104603
105.4393305
106.2761506
109.2050209
112.1338912
110.8786611
110.8786611
109.2050209
109.623431
109.623431
110.460251
111.2970711
109.623431
108.7866109
106.6945607
106.6945607
106.6945607
106.6945607
107.5313808
108.3682008
107.5313808
106.2761506
106.6945607
102.0920502
104.6025105
105.8577406
106.6945607
102.0920502
97.90794979
97.07112971
97.48953975
97.07112971
98.32635983
98.74476987
99.16317992
100
99.16317992
99.16317992
101.2552301
102.0920502
102.0920502
100.41841
101.2552301
100.8368201
100.8368201
101.6736402
101.2552301
101.2552301
101.2552301
101.2552301
98.74476987
98.74476987
98.74476987
98.74476987
100.8368201
100.41841
100
100
100
100.8368201
101.2552301
100.8368201
100.8368201
101.6736402
102.0920502
102.0920502
102.0920502
102.0920502
102.5104603
101.6736402
102.0920502
104.1841004
105.4393305
106.6945607
106.2761506
107.9497908
107.1129707
107.1129707
107.5313808
107.9497908
110.041841
110.460251
111.2970711
108.3682008
109.2050209
109.623431
110.460251
109.2050209
109.623431
110.460251
109.2050209
108.7866109
108.3682008
108.3682008
107.5313808
106.6945607
105.8577406
107.1129707
106.6945607
109.623431
112.9707113
114.2259414
113.8075314
113.8075314
117.1548117
119.2468619
117.1548117
119.665272
118.8284519
116.7364017
117.9916318
120.083682
121.3389121
122.1757322
120.083682
120.083682
121.7573222
120.5020921
120.083682
122.5941423
120.083682
117.9916318
117.5732218
117.5732218
120.9205021
119.2468619
118.4100418
116.3179916
116.3179916
114.6443515
113.3891213
116.3179916
116.3179916
118.4100418
119.665272
117.9916318
116.7364017
117.5732218
118.4100418
117.9916318
119.2468619
118.4100418
118.4100418
120.083682
120.083682
119.665272
120.5020921
119.665272
117.9916318
117.5732218
115.0627615
115.8995816
118.4100418
118.4100418
118.4100418
117.9916318
118.8284519
118.8284519
118.4100418
119.2468619
120.083682
120.083682
119.2468619
120.083682
121.3389121
122.5941423
122.1757322
121.7573222
122.5941423
123.4309623
122.5941423
122.5941423
121.7573222
122.5941423
121.7573222
121.3389121
122.5941423
123.8493724
123.8493724
124.6861925
124.6861925
125.5230126
125.5230126
125.9414226
125.5230126
125.9414226
127.6150628
127.1966527
127.1966527
127.6150628
128.0334728
126.7782427
126.3598326
126.3598326
125.5230126
124.2677824
125.9414226
125.9414226
125.1046025
126.3598326
126.3598326
126.3598326
126.7782427
126.3598326
125.1046025
125.9414226
125.1046025
125.5230126
125.1046025
125.1046025
125.1046025
125.1046025
124.6861925
125.5230126
125.5230126
125.9414226
125.5230126
125.1046025
125.5230126
125.9414226
126.3598326
128.4518828
128.0334728
130.9623431
129.2887029
128.8702929
129.2887029
126.7782427
126.3598326
125.9414226
125.9414226
127.6150628
130.125523
129.707113
130.5439331
130.5439331
130.5439331
130.5439331
131.3807531
132.2175732
133.0543933
133.0543933
133.0543933
131.7991632
132.6359833
134.7280335
137.6569038
139.3305439
139.3305439
139.3305439
138.4937238
142.2594142
142.6778243
143.5146444
146.0251046
146.4435146
147.2803347
146.4435146
147.2803347
145.6066946
145.6066946
147.2803347
145.1882845
146.0251046
148.9539749
151.8828452
152.3012552
153.5564854
153.5564854
156.9037657
156.9037657
156.9037657
163.5983264
164.0167364
164.4351464
165.6903766
167.3640167
165.2719665
164.0167364
163.5983264
166.9456067
169.4560669
166.9456067
164.4351464
165.2719665
166.5271967
166.5271967
167.7824268
168.6192469
169.4560669
172.8033473
174.0585774
169.874477
169.874477
172.8033473
169.4560669
168.2008368
166.9456067
169.4560669
169.0376569
168.6192469
169.4560669
167.7824268
167.7824268
167.7824268
164.4351464
165.2719665
166.1087866
165.6903766
170.292887
173.2217573
172.3849372
174.4769874
173.6401674
170.7112971
169.0376569
169.874477
170.7112971
168.2008368
167.7824268
167.7824268
169.0376569
171.1297071
172.8033473
172.8033473
174.0585774
175.3138075
176.1506276
176.1506276
177.4058577
176.1506276
178.6610879
177.4058577
179.916318
180.334728
182.4267782
182.0083682
176.9874477
178.2426778
179.4979079
179.916318
181.1715481
182.0083682
182.0083682
182.0083682
184.1004184
184.9372385
187.4476987
187.4476987
188.2845188
188.2845188
185.7740586
184.1004184
185.3556485
188.2845188
189.1213389
190.376569
192.0502092
197.4895397
198.7447699
200.41841
203.3472803
204.1841004
205.0209205
204.1841004
206.2761506
210.8786611
215.8995816
213.3891213
211.2970711
208.3682008
213.3891213
217.1548117
217.9916318
221.3389121
222.1757322
225.5230126
225.5230126
226.3598326
221.7573222
215.0627615
198.3263598
209.623431
197.9079498
190.376569
192.0502092
205.4393305
208.7866109
210.8786611
211.2970711
215.8995816
217.5732218
217.1548117
215.0627615
206.2761506
203.3472803
202.5104603
210.460251
207.1129707
204.6025105
202.9288703
202.0920502
202.0920502
201.6736402
194.1422594
192.0502092
192.0502092
186.1924686
189.958159
189.539749
192.8870293
196.6527197
199.1631799
192.8870293
183.2635983
174.8953975
187.8661088
189.958159
194.1422594
200.8368201
199.58159
199.58159
194.5606695
190.376569
192.4686192
186.6108787
192.0502092
198.3263598
201.2552301
200.8368201
201.6736402
198.3263598
198.7447699
197.4895397
200
200.8368201
203.7656904
208.7866109
212.5523013
214.2259414
215.4811715
211.7154812
210.8786611
214.2259414
215.4811715
215.4811715
217.9916318
216.3179916
212.9707113
210.8786611
214.6443515
218.4100418
217.1548117
200.8368201
194.9790795
170.7112971
178.6610879
170.7112971
155.2301255
155.6485356
168.2008368
174.4769874
171.1297071
164.0167364
153.9748954
156.4853556
153.1380753
138.4937238
141.4225941
151.8828452
156.9037657
156.4853556
160.6694561
158.5774059
162.3430962
156.4853556
157.3221757
160.251046
164.0167364
161.0878661
164.0167364
169.4560669
169.4560669
170.292887
169.874477
170.292887
168.2008368
162.7615063
157.3221757
158.5774059
164.4351464
167.7824268
170.292887
164.8535565
159.4142259
164.0167364
165.6903766
165.6903766
165.6903766
168.6192469
173.2217573
176.1506276
176.1506276
176.1506276
179.916318
181.5899582
174.0585774
168.6192469
164.4351464
155.6485356
156.9037657
159.832636
158.9958159
155.2301255
160.6694561
165.2719665
161.9246862
158.1589958
161.9246862
158.9958159
158.9958159
160.6694561
161.5062762
162.7615063
161.9246862
165.2719665
166.9456067
166.1087866
166.9456067
167.7824268
171.9665272
172.8033473
176.1506276
173.6401674
174.4769874
171.5481172
173.2217573
172.3849372
171.1297071
172.3849372
172.3849372
172.3849372
175.3138075
175.3138075
175.3138075
178.6610879
179.916318
179.4979079
180.334728
182.4267782
182.8451883
183.2635983
184.9372385
185.7740586
189.1213389
189.1213389
191.2133891
191.2133891
191.6317992
193.7238494
195.8158996
193.3054393
190.376569
192.0502092
190.7949791
188.7029289
191.2133891
190.7949791
190.376569
187.0292887
189.958159
188.7029289
189.539749
189.539749
189.539749
191.6317992
193.7238494
194.1422594
190.7949791
190.376569
189.539749
189.539749
184.5188285
183.2635983
185.3556485
176.1506276
179.916318
182.0083682
183.6820084
183.6820084
182.0083682
182.4267782
176.5690377
175.3138075
175.7322176
171.5481172
168.2008368
167.3640167
166.9456067
169.4560669
160.6694561
161.5062762
161.5062762
158.9958159
158.5774059
156.0669456
148.5355649
152.3012552
158.1589958
155.6485356
152.3012552
159.832636
155.2301255
159.4142259
161.9246862
163.5983264
161.0878661
154.3933054
154.3933054
150.209205
143.0962343
144.7698745
153.5564854
148.9539749
150.6276151
149.3723849
153.1380753
151.8828452
147.2803347
146.4435146
148.5355649
150.6276151
153.9748954
153.5564854
156.0669456
155.6485356
158.1589958
161.5062762
161.5062762
160.6694561
161.5062762
163.5983264
164.0167364
167.3640167
171.1297071
170.7112971
169.4560669
168.2008368
164.8535565
164.0167364
163.1799163
159.832636
161.9246862
166.9456067
164.4351464
161.5062762
154.3933054
153.1380753
151.0460251
146.0251046
143.0962343
137.6569038
130.5439331
135.9832636
136.4016736
134.3096234
134.3096234
132.2175732
125.5230126
121.7573222
120.083682
119.2468619
114.6443515
104.1841004
105.4393305
101.6736402
107.5313808
107.1129707
98.74476987
92.88702929
92.88702929
92.46861925
89.53974895
78.24267782
87.0292887
93.72384937
109.623431
106.2761506
102.0920502
105.4393305
101.6736402
103.7656904
114.6443515
108.3682008
105.8577406
107.9497908
108.3682008
105.8577406
96.23430962
102.0920502
97.48953975
100
97.90794979
97.48953975
102.5104603
102.5104603
103.7656904
101.2552301
106.2761506
105.8577406
107.5313808
109.623431
113.3891213
116.7364017
112.1338912
107.9497908
107.5313808
106.6945607
102.5104603
110.8786611
110.8786611
117.1548117
119.665272
126.3598326
129.707113
129.707113
125.1046025
120.9205021
116.7364017
117.5732218
122.5941423
126.7782427
130.125523
126.7782427
129.2887029
129.2887029
128.4518828
132.2175732
134.3096234
136.8200837
130.9623431
128.0334728
126.3598326
117.1548117
115.8995816
120.083682
116.7364017
115.4811715
115.8995816
111.2970711
102.9288703
106.2761506
101.6736402
102.5104603
104.6025105
109.623431
109.623431
109.623431
109.623431
109.623431
107.1129707
105.0209205
106.6945607
106.6945607
106.6945607
105.8577406
106.2761506
109.2050209
105.0209205
102.9288703
97.07112971
92.46861925
88.28451883
82.0083682
105.0209205
109.2050209
112.9707113
119.665272
116.3179916
113.8075314
113.8075314
120.083682
121.3389121
125.9414226
131.3807531
138.9121339
135.9832636
135.1464435
135.9832636
131.7991632
137.6569038
137.2384937
138.4937238
141.0041841
139.748954
139.748954
139.748954
139.3305439
136.8200837
139.3305439
138.4937238
137.6569038
138.0753138
134.7280335
137.6569038
140.5857741
140.5857741
141.0041841
144.7698745
145.1882845
146.4435146
143.0962343
146.0251046
144.7698745
143.5146444
149.790795
153.5564854
153.9748954
157.7405858
156.9037657
152.7196653
150.209205
149.790795
156.0669456
154.3933054
154.8117155
158.5774059
158.5774059
158.5774059
158.5774059
163.1799163
167.3640167
171.1297071
169.874477
167.7824268
168.2008368
166.1087866
167.7824268
169.0376569
171.9665272
169.0376569
165.2719665
165.2719665
166.5271967
166.9456067
163.1799163
163.1799163
166.5271967
167.3640167
171.5481172
173.2217573
171.9665272
177.4058577
182.4267782
187.0292887
189.958159
187.8661088
185.3556485
190.376569
189.958159
185.7740586
186.6108787
184.9372385
183.6820084
177.4058577
170.7112971
163.1799163
171.1297071
167.7824268
166.9456067
169.874477
170.292887
169.874477
169.874477
173.2217573
170.7112971
169.4560669
168.2008368
170.7112971
173.6401674
172.8033473
174.0585774
180.334728
180.7531381
184.1004184
184.5188285
184.1004184
181.5899582
176.9874477
174.4769874
174.0585774
175.7322176
179.916318
181.1715481
185.3556485
186.6108787
183.2635983
184.5188285
181.1715481
181.1715481
176.9874477
177.4058577
178.6610879
178.6610879
179.916318
182.4267782
180.334728
179.916318
179.0794979
175.7322176
170.7112971
171.1297071
169.4560669
168.2008368
166.5271967
164.0167364
163.5983264
162.7615063
162.3430962
161.0878661
160.251046
158.1589958
161.9246862
163.1799163
163.5983264
163.1799163
161.0878661
157.7405858
159.832636
164.0167364
165.6903766
166.9456067
170.7112971
169.4560669
169.4560669
169.4560669
170.292887
174.8953975
175.3138075
176.9874477
176.5690377
176.5690377
176.1506276
179.0794979
179.4979079
181.1715481
182.4267782
179.4979079
177.8242678
179.916318
183.6820084
182.0083682
183.2635983
180.7531381
182.8451883
184.9372385
182.8451883
183.2635983
179.4979079
176.1506276
178.2426778
176.1506276
180.7531381
180.7531381
183.2635983
183.6820084
183.6820084
180.334728
180.7531381
178.6610879
176.1506276
177.4058577
179.916318
179.916318
183.2635983
182.4267782
184.1004184
185.3556485
186.6108787
186.6108787
187.8661088
187.8661088
194.5606695
198.3263598
203.7656904
205.8577406
205.8577406
207.1129707
206.2761506
206.2761506
206.2761506
207.1129707
203.7656904
207.9497908
214.2259414
212.1338912
213.3891213
210.460251
212.1338912
217.5732218
217.9916318
218.8284519
219.2468619
225.1046025
226.3598326
224.6861925
223.4309623
223.8493724
224.2677824
227.6150628
227.1966527
224.6861925
219.665272
223.0125523
226.7782427
233.8912134
239.748954
242.2594142
242.6778243
242.6778243
241.8410042
244.7698745
251.8828452
257.7405858
257.7405858
255.2301255
242.2594142
245.1882845
244.3514644
247.2803347
256.0669456
250.6276151
250.209205
257.3221757
262.7615063
267.3640167
266.1087866
259.4142259
254.8117155
251.0460251
252.7196653
252.7196653
253.9748954
253.1380753
247.6987448
240.167364
241.8410042
244.3514644
253.5564854
258.5774059
260.6694561
267.7824268
262.7615063
262.3430962
256.4853556
250.209205
252.3012552
255.2301255
254.3933054
249.790795
251.4644351
248.1171548
251.4644351
251.8828452
251.4644351
248.1171548
248.1171548
251.4644351
251.4644351
257.3221757
257.3221757
257.3221757
254.8117155
257.3221757
254.3933054
246.0251046
241.8410042
242.6778243
246.8619247
245.6066946
244.7698745
251.8828452
251.8828452
253.5564854
258.1589958
263.5983264
255.6485356
252.3012552
248.5355649
252.7196653
247.2803347
242.2594142
242.6778243
246.8619247
250.6276151
243.9330544
240.5857741
238.9121339
228.8702929
216.3179916
214.2259414
220.9205021
213.8075314
218.4100418
218.4100418
213.8075314
220.5020921
221.7573222
221.7573222
227.6150628
227.6150628
228.8702929
223.4309623
222.1757322
223.4309623
219.2468619
215.8995816
213.3891213
214.6443515
215.8995816
223.0125523
227.6150628
221.7573222
218.8284519
215.4811715
210.041841
206.6945607
212.9707113
214.2259414
218.8284519
222.1757322
229.707113
226.3598326
233.0543933
242.6778243
240.5857741
239.748954
244.3514644
246.4435146
245.6066946
242.6778243
245.6066946
245.6066946
247.6987448
246.4435146
251.4644351
252.3012552
258.9958159
258.9958159
254.8117155
251.4644351
249.3723849
253.9748954
247.6987448
251.4644351
256.0669456
259.832636
256.9037657
258.5774059
262.3430962
261.0878661
253.1380753
254.3933054
247.2803347
252.3012552
259.4142259
258.9958159
253.9748954
258.5774059
258.9958159
258.5774059
253.9748954
254.3933054
251.4644351
244.7698745
244.3514644
241.4225941
241.8410042
247.2803347
248.9539749
251.8828452
248.5355649
243.5146444
248.5355649
255.2301255
260.6694561
260.6694561
255.6485356
259.832636
253.9748954
251.4644351
252.7196653
255.6485356
253.5564854
258.1589958
256.0669456
255.6485356
256.4853556
256.0669456
259.4142259
259.4142259
258.1589958
262.7615063
262.7615063
260.251046
260.251046
255.2301255
254.3933054
251.4644351
249.790795
242.2594142
243.9330544
243.0962343
242.6778243
243.9330544
244.3514644
244.7698745
241.0041841
243.0962343
242.6778243
238.9121339
241.4225941
243.9330544
248.5355649
243.0962343
241.8410042
242.2594142
239.3305439
239.3305439
237.2384937
235.1464435
228.8702929
224.2677824
229.707113
226.3598326
219.2468619
215.8995816
212.9707113
221.3389121
228.0334728
230.9623431
231.3807531
231.7991632
231.7991632
229.2887029
232.2175732
235.1464435
231.3807531
227.6150628
228.0334728
224.2677824
226.7782427
226.7782427
226.7782427
225.1046025
226.3598326
230.5439331
228.0334728
224.2677824
224.6861925
220.083682
218.4100418
217.5732218
211.7154812
213.8075314
215.0627615
223.8493724
220.083682
225.9414226
231.7991632
234.7280335
231.7991632
236.8200837
236.8200837
234.3096234
234.7280335
238.0753138
229.2887029
228.0334728
229.2887029
229.2887029
229.2887029
235.9832636
238.9121339
238.9121339
238.9121339
236.8200837
251.8828452
252.3012552
248.9539749
249.790795
255.6485356
253.5564854
254.8117155
254.3933054
255.6485356
254.3933054
260.251046
265.6903766
266.5271967
264.8535565
269.874477
268.2008368
268.2008368
269.0376569
270.7112971
268.6192469
269.874477
262.7615063
260.6694561
258.1589958
261.9246862
259.4142259
264.4351464
262.3430962
259.832636
262.7615063
264.0167364
261.9246862
252.3012552
249.790795
249.790795
245.6066946
249.790795
251.8828452
251.8828452
251.8828452
250.6276151
255.6485356
258.5774059
257.7405858
255.2301255
256.9037657
257.7405858
257.7405858
246.8619247
246.8619247
242.6778243
240.167364
242.2594142
237.2384937
237.6569038
238.4937238
226.7782427
230.9623431
234.3096234
237.6569038
234.7280335
230.5439331
233.4728033
227.6150628
224.2677824
225.9414226
233.8912134
234.3096234
237.2384937
241.0041841
236.8200837
238.0753138
238.0753138
232.6359833
231.7991632
240.167364
233.0543933
223.0125523
228.0334728
231.3807531
233.8912134
241.8410042
243.9330544
244.3514644
244.3514644
244.7698745
246.0251046
246.0251046
242.6778243
241.4225941
243.9330544
248.5355649
243.0962343
239.748954
241.0041841
245.6066946
248.1171548
249.3723849
251.8828452
251.0460251
249.790795
248.1171548
244.7698745
243.5146444
245.6066946
246.0251046
249.790795
255.6485356
256.0669456
257.3221757
254.8117155
256.0669456
253.9748954
251.8828452
250.209205
252.7196653
252.7196653
247.2803347
239.748954
241.0041841
244.3514644
244.3514644
241.8410042
240.167364
238.4937238
235.1464435
235.9832636
239.748954
238.9121339
233.4728033
230.9623431
232.2175732
230.9623431
230.9623431
227.1966527
229.2887029
232.2175732
234.3096234
230.125523
233.0543933
228.4518828
229.2887029
232.6359833
233.4728033
230.125523
233.0543933
232.2175732
233.4728033
230.9623431
233.0543933
231.3807531
230.9623431
232.6359833
234.7280335
234.7280335
234.3096234
232.6359833
235.1464435
233.4728033
234.7280335
233.0543933
231.3807531
224.2677824
224.2677824
223.0125523
223.8493724
221.7573222
225.9414226
225.5230126
226.3598326
226.7782427
223.8493724
223.4309623
220.083682
222.5941423
223.0125523
218.8284519
218.8284519
215.0627615
200.41841
205.0209205
189.958159
187.8661088
200.8368201
202.5104603
203.3472803
197.4895397
195.3974895
194.5606695
190.7949791
187.0292887
191.2133891
194.5606695
192.0502092
189.539749
188.7029289
188.2845188
190.376569
189.539749
192.8870293
197.4895397
202.5104603
202.5104603
209.623431
206.2761506
207.9497908
204.1841004
206.6945607
211.2970711
210.8786611
209.2050209
210.460251
212.1338912
207.1129707
202.0920502
206.6945607
207.5313808
207.5313808
216.3179916
217.9916318
218.8284519
216.7364017
219.2468619
215.4811715
219.2468619
217.1548117
217.1548117
215.8995816
217.9916318
215.4811715
216.7364017
220.9205021
221.7573222
223.8493724
221.7573222
214.6443515
212.1338912
212.9707113
219.665272
216.7364017
221.3389121
222.1757322
218.8284519
219.2468619
217.5732218
218.4100418
213.3891213
211.2970711
210.460251
215.8995816
214.6443515
210.8786611
216.3179916
216.3179916
216.3179916
216.7364017
221.7573222
221.3389121
221.3389121
221.3389121
223.8493724
228.8702929
229.2887029
230.5439331
229.2887029
227.1966527
221.7573222
221.3389121
213.8075314
211.7154812
213.8075314
217.9916318
217.9916318
215.0627615
214.2259414
216.7364017
216.3179916
216.3179916
217.5732218
211.2970711
210.8786611
215.0627615
214.6443515
213.8075314
216.3179916
216.7364017
216.3179916
214.6443515
214.6443515
214.6443515
219.665272
223.8493724
225.1046025
223.0125523
222.1757322
225.5230126
230.125523
231.3807531
235.9832636
236.4016736
240.5857741
240.167364
245.6066946
246.8619247
239.748954
237.2384937
236.4016736
237.2384937
235.1464435
241.4225941
243.5146444
242.2594142
246.0251046
245.1882845
244.7698745
243.9330544
239.748954
234.7280335
232.6359833
236.8200837
235.5648536
233.8912134
233.8912134
238.4937238
234.7280335
232.2175732
235.5648536
234.3096234
233.8912134
233.4728033
236.8200837
237.2384937
241.0041841
238.9121339
241.0041841
243.0962343
240.5857741
238.4937238
237.2384937
238.0753138
240.167364
237.6569038
233.8912134
234.3096234
234.3096234
234.3096234
228.0334728
228.8702929
226.7782427
225.9414226
230.125523
223.8493724
223.4309623
222.1757322
225.1046025
225.9414226
230.5439331
230.9623431
230.5439331
231.3807531
229.2887029
231.7991632
232.6359833
232.6359833
232.6359833
235.1464435
235.1464435
231.3807531
231.3807531
232.2175732
231.3807531
224.6861925
224.6861925
229.2887029
225.5230126
223.0125523
219.665272
214.2259414
217.1548117
216.7364017
211.7154812
201.6736402
193.7238494
197.4895397
202.5104603
204.6025105
210.460251
212.5523013
210.460251
209.623431
206.6945607
207.1129707
204.6025105
206.2761506
206.2761506
203.3472803
203.7656904
206.2761506
202.9288703
203.7656904
207.1129707
206.6945607
203.7656904
192.8870293
188.7029289
192.0502092
186.1924686
178.2426778
177.4058577
179.4979079
189.539749
187.8661088
190.376569
186.1924686
187.8661088
189.539749
198.7447699
197.4895397
192.0502092
185.7740586
184.5188285
181.5899582
186.1924686
184.1004184
181.5899582
184.5188285
188.7029289
188.7029289
194.5606695
199.58159
197.9079498
197.0711297
196.6527197
197.0711297
195.8158996
196.2343096
193.3054393
193.7238494
196.2343096
197.9079498
201.6736402
200.41841
201.2552301
197.4895397
193.3054393
191.6317992
188.7029289
192.0502092
188.2845188
187.0292887
185.3556485
185.7740586
178.2426778
176.5690377
182.8451883
181.5899582
187.8661088
187.8661088
182.4267782
182.0083682
180.334728
182.0083682
180.7531381
173.2217573
173.6401674
172.3849372
182.8451883
184.5188285
186.6108787
189.958159
200.41841
202.5104603
206.6945607
201.6736402
200.8368201
207.9497908
210.8786611
209.2050209
204.1841004
201.2552301
200
202.0920502
202.9288703
203.7656904
201.2552301
200.8368201
202.9288703
202.9288703
205.8577406
203.3472803
204.6025105
209.623431
208.7866109
207.1129707
205.0209205
205.8577406
205.0209205
211.7154812
213.8075314
213.3891213
212.9707113
211.2970711
212.9707113
210.041841
210.8786611
215.4811715
216.7364017
214.6443515
215.8995816
217.1548117
217.5732218
222.1757322
226.7782427
225.5230126
225.5230126
225.5230126
224.6861925
222.5941423
224.6861925
224.6861925
224.6861925
225.1046025
223.4309623
228.0334728
223.8493724
223.4309623
227.6150628
230.5439331
228.8702929
228.8702929
228.4518828
227.6150628
223.0125523
222.5941423
220.9205021
215.0627615
213.8075314
209.2050209
206.6945607
206.6945607
212.5523013
211.2970711
214.6443515
216.3179916
213.3891213
215.0627615
213.3891213
210.460251
212.5523013
212.9707113
213.3891213
208.3682008
207.1129707
208.7866109
211.7154812
209.2050209
207.9497908
210.041841
207.5313808
205.8577406
203.7656904
204.1841004
208.3682008
208.3682008
208.3682008
206.6945607
210.8786611
211.7154812
207.1129707
208.3682008
211.2970711
213.8075314
215.4811715
216.7364017
220.9205021
219.2468619
222.1757322
223.8493724
218.4100418
220.9205021
220.5020921
220.9205021
220.9205021
219.665272
223.4309623
226.3598326
227.1966527
228.0334728
227.6150628
222.1757322
222.1757322
220.9205021
220.9205021
221.7573222
223.8493724
222.5941423
225.5230126
225.5230126
225.5230126
226.7782427
227.1966527
223.4309623
223.0125523
226.3598326
228.8702929
227.6150628
227.6150628
231.3807531
234.7280335
232.2175732
234.7280335
232.6359833
237.2384937
238.9121339
241.4225941
240.167364
238.4937238
238.4937238
233.0543933
233.4728033
237.2384937
237.6569038
237.2384937
233.8912134
239.3305439
241.0041841
239.3305439
239.3305439
236.8200837
237.2384937
242.6778243
242.2594142
244.7698745
242.2594142
241.4225941
241.0041841
243.5146444
241.4225941
243.0962343
243.0962343
239.748954
239.748954
234.3096234
231.7991632
233.4728033
232.6359833
233.4728033
233.0543933
231.7991632
235.9832636
235.9832636
234.7280335
238.0753138
241.4225941
243.9330544
243.9330544
243.5146444
241.0041841
243.9330544
244.7698745
243.0962343
243.9330544
246.8619247
246.4435146
248.5355649
248.5355649
248.5355649
249.790795
250.209205
250.209205
249.3723849
251.8828452
245.6066946
241.8410042
243.5146444
241.8410042
247.2803347
251.4644351
251.8828452
253.9748954
253.9748954
258.1589958
258.5774059
261.9246862
261.0878661
265.2719665
268.2008368
266.5271967
264.0167364
267.3640167
272.8033473
272.8033473
276.9874477
279.4979079
279.4979079
284.1004184
287.8661088
290.376569
290.376569
282.4267782
285.3556485
289.1213389
289.1213389
284.5188285
284.9372385
286.6108787
290.7949791
289.958159
285.7740586
283.2635983
279.916318
275.7322176
275.3138075
280.334728
278.6610879
288.7029289
294.9790795
298.3263598
301.2552301
302.5104603
305.0209205
303.3472803
301.6736402
309.2050209
308.3682008
304.6025105
304.1841004
302.5104603
307.5313808
307.1129707
302.9288703
296.6527197
298.3263598
298.7447699
302.9288703
299.1631799
301.6736402
300.41841
307.1129707
307.5313808
302.0920502
304.6025105
305.4393305
302.5104603
303.3472803
309.2050209
309.2050209
313.3891213
307.5313808
309.623431
308.7866109
312.1338912
312.9707113
317.5732218
320.9205021
316.7364017
319.665272
323.4309623
328.8702929
329.707113
330.9623431
330.125523
335.9832636
337.2384937
346.0251046
342.2594142
345.6066946
344.7698745
341.4225941
341.8410042
347.2803347
354.8117155
357.3221757
366.1087866
364.4351464
364.4351464
364.4351464
365.2719665
369.4560669
371.1297071
371.1297071
371.1297071
375.7322176
393.7238494
397.9079498
391.6317992
393.3054393
393.3054393
395.3974895
393.3054393
384.5188285
376.1506276
378.2426778
382.4267782
388.2845188
381.1715481
376.9874477
382.8451883
392.0502092
392.0502092
387.4476987
366.5271967
358.9958159
358.9958159
367.3640167
361.9246862
353.5564854
363.1799163
365.2719665
370.7112971
384.1004184
384.1004184
376.9874477
371.5481172
377.8242678
373.6401674
359.832636
362.7615063
362.7615063
362.7615063
367.7824268
364.4351464
371.1297071
384.1004184
380.7531381
378.2426778
374.8953975
377.4058577
376.5690377
372.8033473
356.9037657
345.6066946
358.1589958
349.790795
352.3012552
360.6694561
367.3640167
364.0167364
356.4853556
352.7196653
349.790795
349.3723849
356.9037657
358.9958159
364.0167364
368.2008368
371.5481172
376.9874477
375.7322176
376.5690377
368.6192469
371.1297071
371.1297071
373.6401674
369.0376569
363.1799163
356.9037657
356.4853556
354.3933054
345.6066946
345.6066946
343.0962343
347.6987448
342.6778243
344.7698745
332.2175732
321.3389121
315.4811715
318.4100418
325.5230126
327.6150628
314.2259414
306.2761506
292.8870293
309.2050209
307.5313808
312.1338912
308.3682008
300.41841
308.3682008
312.1338912
307.5313808
305.8577406
315.0627615
317.1548117
320.5020921
329.2887029
325.1046025
325.5230126
329.2887029
329.2887029
324.6861925
329.2887029
338.9121339
335.9832636
328.0334728
328.0334728
328.4518828
323.4309623
328.8702929
330.125523
330.125523
330.125523
328.0334728
327.1966527
336.8200837
336.8200837
337.6569038
331.3807531
336.8200837
341.0041841
343.0962343
343.5146444
344.3514644
338.0753138
340.167364
337.2384937
337.2384937
344.7698745
346.8619247
348.1171548
356.0669456
361.5062762
356.4853556
358.5774059
351.8828452
346.0251046
345.6066946
342.6778243
350.209205
356.4853556
358.1589958
359.832636
360.6694561
360.251046
358.9958159
348.9539749
353.5564854
350.6276151
358.1589958
356.4853556
358.9958159
356.4853556
361.0878661
365.2719665
373.6401674
377.4058577
380.7531381
374.4769874
372.8033473
375.7322176
369.0376569
370.7112971
371.5481172
371.1297071
369.0376569
373.2217573
369.4560669
371.9665272
371.9665272
372.3849372
371.5481172
367.7824268
368.2008368
374.8953975
374.0585774
380.7531381
384.5188285
384.9372385
386.1924686
382.0083682
384.9372385
386.1924686
384.1004184
393.3054393
394.9790795
395.8158996
402.9288703
407.1129707
410.8786611
409.2050209
409.2050209
406.2761506
405.8577406
405.8577406
392.0502092
387.4476987
395.8158996
397.0711297
388.7029289
388.7029289
394.9790795
392.8870293
392.0502092
395.3974895
398.3263598
394.5606695
397.9079498
398.7447699
398.7447699
401.6736402
404.1841004
404.1841004
398.7447699
401.2552301
405.8577406
405.0209205
411.7154812
411.7154812
402.5104603
408.7866109
404.6025105
404.1841004
406.6945607
403.3472803
405.8577406
413.8075314
415.8995816
414.6443515
418.4100418
422.5941423
422.5941423
422.5941423
426.7782427
418.4100418
418.4100418
415.0627615
422.5941423
426.7782427
430.9623431
430.9623431
435.1464435
430.9623431
430.9623431
439.3305439
439.3305439
443.5146444
443.5146444
443.5146444
447.6987448
447.6987448
447.6987448
447.6987448
439.3305439
426.7782427
422.5941423
422.5941423
426.7782427
422.5941423
422.5941423
422.5941423
426.7782427
435.1464435
426.7782427
426.7782427
426.7782427
417.1548117
422.5941423
426.7782427
426.7782427
430.9623431
426.7782427
422.5941423
426.7782427
426.7782427
435.1464435
439.3305439
447.6987448
447.6987448
447.6987448
460.251046
456.0669456
460.251046
460.251046
464.4351464
460.251046
468.6192469
464.4351464
468.6192469
472.8033473
481.1715481
502.0920502
502.0920502
497.9079498
489.539749
493.7238494
506.2761506
514.6443515
518.8284519
514.6443515
506.2761506
497.9079498
493.7238494
489.539749
481.1715481
485.3556485
493.7238494
485.3556485
481.1715481
468.6192469
460.251046
468.6192469
468.6192469
460.251046
447.6987448
460.251046
464.4351464
464.4351464
460.251046
451.8828452
447.6987448
456.0669456
451.8828452
451.8828452
451.8828452
443.5146444
426.7782427
422.5941423
422.5941423
435.1464435
426.7782427
426.7782427
422.5941423
430.9623431
435.1464435
430.9623431
414.2259414
422.5941423
417.5732218
415.4811715
426.7782427
426.7782427
430.9623431
430.9623431
418.4100418
417.9916318
407.1129707
402.5104603
410.8786611
413.3891213
422.5941423
422.5941423
418.4100418
412.9707113
417.9916318
417.9916318
417.9916318
426.7782427
426.7782427
422.5941423
435.1464435
443.5146444
443.5146444
439.3305439
430.9623431
426.7782427
426.7782427
430.9623431
430.9623431
439.3305439
439.3305439
443.5146444
447.6987448
447.6987448
439.3305439
443.5146444
430.9623431
430.9623431
439.3305439
439.3305439
435.1464435
435.1464435
439.3305439
435.1464435
435.1464435
435.1464435
430.9623431
435.1464435
439.3305439
443.5146444
447.6987448
447.6987448
435.1464435
439.3305439
439.3305439
443.5146444
451.8828452
447.6987448
439.3305439
443.5146444
447.6987448
456.0669456
456.0669456
460.251046
468.6192469
468.6192469
464.4351464
464.4351464
468.6192469
476.9874477
481.1715481
476.9874477
481.1715481
489.539749
481.1715481
481.1715481
476.9874477
476.9874477
485.3556485
476.9874477
481.1715481
485.3556485
481.1715481
485.3556485
489.539749
497.9079498
497.9079498
502.0920502
506.2761506
510.460251
510.460251
510.460251
518.8284519
518.8284519
514.6443515
514.6443515
523.0125523
531.3807531
535.5648536
535.5648536
552.3012552
548.1171548
552.3012552
548.1171548
548.1171548
556.4853556
552.3012552
556.4853556
560.6694561
552.3012552
527.1966527
510.460251
523.0125523
523.0125523
531.3807531
531.3807531
514.6443515
514.6443515
523.0125523
506.2761506
502.0920502
489.539749
506.2761506
523.0125523
514.6443515
518.8284519
510.460251
510.460251
527.1966527
539.748954
539.748954
543.9330544
535.5648536
535.5648536
539.748954
535.5648536
531.3807531
527.1966527
527.1966527
527.1966527
535.5648536
543.9330544
543.9330544
548.1171548
556.4853556
564.8535565
564.8535565
564.8535565
552.3012552
556.4853556
560.6694561
573.2217573
581.5899582
577.4058577
585.7740586
573.2217573
569.0376569
577.4058577
577.4058577
581.5899582
585.7740586
581.5899582
581.5899582
581.5899582
581.5899582
589.958159
589.958159
589.958159
585.7740586
585.7740586
585.7740586
589.958159
589.958159
589.958159
606.6945607
619.2468619
619.2468619
631.7991632
627.6150628
627.6150628
644.3514644
644.3514644
644.3514644
656.9037657
648.5355649
640.167364
661.0878661
656.9037657
656.9037657
673.6401674
673.6401674
682.0083682
677.8242678
686.1924686
694.5606695
694.5606695
669.4560669
665.2719665
665.2719665
648.5355649
644.3514644
652.7196653
648.5355649
635.9832636
640.167364
648.5355649
669.4560669
673.6401674
677.8242678
673.6401674
673.6401674
673.6401674
682.0083682
682.0083682
682.0083682
690.376569
686.1924686
686.1924686
669.4560669
648.5355649
644.3514644
627.6150628
635.9832636
640.167364
652.7196653
665.2719665
665.2719665
661.0878661
665.2719665
652.7196653
656.9037657
652.7196653
656.9037657
656.9037657
644.3514644
656.9037657
661.0878661
656.9037657
673.6401674
669.4560669
677.8242678
677.8242678
673.6401674
665.2719665
656.9037657
656.9037657
652.7196653
652.7196653
661.0878661
682.0083682
690.376569
690.376569
690.376569
686.1924686
690.376569
698.7447699
682.0083682
690.376569
690.376569
702.9288703
702.9288703
702.9288703
715.4811715
719.665272
728.0334728
719.665272
707.1129707
698.7447699
677.8242678
677.8242678
661.0878661
648.5355649
648.5355649
631.7991632
631.7991632
627.6150628
648.5355649
669.4560669
661.0878661
635.9832636
635.9832636
648.5355649
656.9037657
635.9832636
623.4309623
598.3263598
598.3263598
594.1422594
573.2217573
552.3012552
556.4853556
556.4853556
585.7740586
577.4058577
577.4058577
594.1422594
589.958159
598.3263598
598.3263598
589.958159
598.3263598
627.6150628
631.7991632
648.5355649
648.5355649
631.7991632
635.9832636
627.6150628
627.6150628
635.9832636
627.6150628
615.0627615
615.0627615
598.3263598
602.5104603
631.7991632
615.0627615
610.8786611
627.6150628
635.9832636
635.9832636
640.167364
648.5355649
640.167364
635.9832636
644.3514644
648.5355649
656.9037657
652.7196653
648.5355649
644.3514644
644.3514644
635.9832636
627.6150628
640.167364
648.5355649
644.3514644
644.3514644
635.9832636
631.7991632
615.0627615
619.2468619
619.2468619
627.6150628
627.6150628
627.6150628
627.6150628
644.3514644
648.5355649
644.3514644
627.6150628
627.6150628
623.4309623
610.8786611
615.0627615
627.6150628
619.2468619
615.0627615
623.4309623
615.0627615
602.5104603
598.3263598
594.1422594
598.3263598
610.8786611
619.2468619
623.4309623
623.4309623
631.7991632
615.0627615
635.9832636
640.167364
640.167364
648.5355649
652.7196653
648.5355649
648.5355649
661.0878661
665.2719665
656.9037657
656.9037657
661.0878661
652.7196653
661.0878661
669.4560669
673.6401674
673.6401674
665.2719665
661.0878661
665.2719665
669.4560669
669.4560669
677.8242678
690.376569
690.376569
694.5606695
690.376569
690.376569
686.1924686
694.5606695
694.5606695
694.5606695
694.5606695
694.5606695
702.9288703
707.1129707
707.1129707
702.9288703
694.5606695
694.5606695
711.2970711
711.2970711
698.7447699
719.665272
732.2175732
728.0334728
723.8493724
728.0334728
732.2175732
728.0334728
728.0334728
736.4016736
736.4016736
736.4016736
736.4016736
736.4016736
736.4016736
732.2175732
732.2175732
740.5857741
753.1380753
757.3221757
757.3221757
757.3221757
769.874477
753.1380753
744.7698745
715.4811715
728.0334728
715.4811715
719.665272
723.8493724
732.2175732
728.0334728
723.8493724
723.8493724
719.665272
736.4016736
740.5857741
753.1380753
765.6903766
765.6903766
757.3221757
740.5857741
748.9539749
757.3221757
757.3221757
761.5062762
765.6903766
765.6903766
753.1380753
757.3221757
748.9539749
740.5857741
757.3221757
769.874477
769.874477
765.6903766
765.6903766
765.6903766
765.6903766
774.0585774
769.874477
769.874477
723.8493724
732.2175732
723.8493724
707.1129707
686.1924686
723.8493724
715.4811715
728.0334728
736.4016736
736.4016736
715.4811715
723.8493724
723.8493724
711.2970711
728.0334728
736.4016736
757.3221757
753.1380753
757.3221757
761.5062762
753.1380753
740.5857741
757.3221757
761.5062762
757.3221757
769.874477
778.2426778
778.2426778
778.2426778
782.4267782
786.6108787
782.4267782
786.6108787
794.9790795
815.8995816
811.7154812
807.5313808
807.5313808
815.8995816
815.8995816
811.7154812
820.083682
811.7154812
807.5313808
803.3472803
803.3472803
811.7154812
824.2677824
832.6359833
824.2677824
824.2677824
845.1882845
824.2677824
836.8200837
828.4518828
824.2677824
845.1882845
845.1882845
853.5564854
857.7405858
853.5564854
849.3723849
828.4518828
841.0041841
849.3723849
841.0041841
853.5564854
849.3723849
870.292887
870.292887
870.292887
849.3723849
849.3723849
849.3723849
861.9246862
845.1882845
861.9246862
874.4769874
891.2133891
895.3974895
891.2133891
878.6610879
887.0292887
882.8451883
878.6610879
874.4769874
878.6610879
874.4769874
882.8451883
899.58159
903.7656904
907.9497908
912.1338912
920.5020921
920.5020921
912.1338912
920.5020921
945.6066946
945.6066946
941.4225941
945.6066946
945.6066946
958.1589958
945.6066946
962.3430962
924.6861925
924.6861925
891.2133891
870.292887
899.58159
891.2133891
891.2133891
895.3974895
866.1087866
870.292887
882.8451883
907.9497908
878.6610879
861.9246862
861.9246862
841.0041841
811.7154812
794.9790795
799.1631799
811.7154812
820.083682
849.3723849
853.5564854
870.292887
874.4769874
849.3723849
866.1087866
870.292887
899.58159
903.7656904
912.1338912
899.58159
907.9497908
907.9497908
874.4769874
895.3974895
895.3974895
912.1338912
903.7656904
903.7656904
945.6066946
953.9748954
949.790795
966.5271967
987.4476987
987.4476987
1000
1025.104603
1012.552301
1046.025105
1046.025105
1008.368201
1008.368201
1041.841004
1050.209205
1066.945607
1058.577406
1050.209205
1050.209205
1062.761506
1041.841004
1066.945607
1066.945607
1020.920502
1020.920502
1050.209205
1050.209205
1050.209205
1087.866109
1104.60251
1087.866109
1104.60251
1087.866109
1087.866109
1058.577406
1087.866109
1075.313808
1092.050209
1104.60251
1054.393305
1075.313808
1104.60251
1104.60251
1100.41841
1062.761506
1062.761506
1033.472803
1037.656904
1041.841004
1016.736402
1020.920502
1058.577406
1062.761506
1075.313808
1079.497908
1083.682008
1112.970711
1129.707113
1125.523013
1121.338912
1108.786611
1112.970711
1079.497908
1075.313808
1029.288703
1050.209205
1066.945607
1071.129707
1087.866109
1087.866109
1087.866109
1112.970711
1100.41841
1104.60251
1104.60251
1104.60251
1079.497908
1079.497908
1041.841004
1029.288703
1054.393305
1062.761506
1071.129707
1050.209205
1050.209205
1008.368201
979.0794979
949.790795
958.1589958
891.2133891
937.2384937
907.9497908
970.7112971
970.7112971
995.8158996
1004.1841
1016.736402
1000
1025.104603
1025.104603
1025.104603
991.6317992
995.8158996
1000
1025.104603
1041.841004
1058.577406
1046.025105
1033.472803
1062.761506
1058.577406
1083.682008
1079.497908
1087.866109
1096.23431
1100.41841
1108.786611
1117.154812
1071.129707
1079.497908
1058.577406
1079.497908
1054.393305
1037.656904
1012.552301
1050.209205
1046.025105
1046.025105
1041.841004
1004.1841
1029.288703
974.8953975
974.8953975
974.8953975
991.6317992
1020.920502
1029.288703
1016.736402
1012.552301
1025.104603
1050.209205
1058.577406
1075.313808
1079.497908
1075.313808
1083.682008
1066.945607
1071.129707
1050.209205
1058.577406
1066.945607
1087.866109
1096.23431
1104.60251
1104.60251
1112.970711
1104.60251
1092.050209
1100.41841
1112.970711
1079.497908
1138.075314
1138.075314
1158.995816
1171.548117
1179.916318
1163.179916
1175.732218
1175.732218
1188.284519
1192.468619
1184.100418
1209.205021
1234.309623
1246.861925
1255.230126
1238.493724
1238.493724
1217.573222
1225.941423
1209.205021
1242.677824
1209.205021
1221.757322
1213.389121
1175.732218
1146.443515
1192.468619
1171.548117
1163.179916
1133.891213
1117.154812
1121.338912
1125.523013
1129.707113
1146.443515
1125.523013
1112.970711
1079.497908
1083.682008
1079.497908
1104.60251
1079.497908
1079.497908
1096.23431
1071.129707
1029.288703
1000
1004.1841
995.8158996
995.8158996
995.8158996
1000
995.8158996
1004.1841
995.8158996
1008.368201
974.8953975
974.8953975
991.6317992
970.7112971
962.3430962
924.6861925
920.5020921
920.5020921
937.2384937
974.8953975
966.5271967
933.0543933
891.2133891
903.7656904
920.5020921
916.3179916
907.9497908
878.6610879
874.4769874
878.6610879
887.0292887
870.292887
853.5564854
861.9246862
899.58159
907.9497908
907.9497908
882.8451883
878.6610879
903.7656904
916.3179916
903.7656904
891.2133891
878.6610879
866.1087866
836.8200837
845.1882845
824.2677824
782.4267782
803.3472803
836.8200837
857.7405858
786.6108787
803.3472803
753.1380753
799.1631799
874.4769874
853.5564854
815.8995816
824.2677824
857.7405858
836.8200837
761.5062762
820.083682
820.083682
761.5062762
736.4016736
698.7447699
669.4560669
644.3514644
619.2468619
594.1422594
682.0083682
694.5606695
602.5104603
594.1422594
594.1422594
648.5355649
640.167364
581.5899582
556.4853556
518.8284519
481.1715481
539.748954
569.0376569
610.8786611
610.8786611
627.6150628
665.2719665
623.4309623
598.3263598
602.5104603
610.8786611
615.0627615
564.8535565
594.1422594
589.958159
585.7740586
560.6694561
543.9330544
543.9330544
506.2761506
560.6694561
569.0376569
594.1422594
589.958159
598.3263598
564.8535565
564.8535565
573.2217573
569.0376569
569.0376569
619.2468619
615.0627615
635.9832636
627.6150628
640.167364
627.6150628
656.9037657
661.0878661
648.5355649
640.167364
610.8786611
594.1422594
594.1422594
594.1422594
602.5104603
602.5104603
610.8786611
610.8786611
610.8786611
656.9037657
673.6401674
686.1924686
656.9037657
677.8242678
673.6401674
635.9832636
640.167364
615.0627615
631.7991632
631.7991632
627.6150628
602.5104603
623.4309623
615.0627615
619.2468619
623.4309623
627.6150628
652.7196653
640.167364
640.167364
627.6150628
648.5355649
656.9037657
669.4560669
698.7447699
690.376569
677.8242678
673.6401674
665.2719665
686.1924686
690.376569
656.9037657
656.9037657
656.9037657
635.9832636
635.9832636
635.9832636
631.7991632
631.7991632
631.7991632
602.5104603
602.5104603
635.9832636
623.4309623
615.0627615
610.8786611
644.3514644
644.3514644
652.7196653
648.5355649
644.3514644
656.9037657
669.4560669
673.6401674
669.4560669
707.1129707
690.376569
694.5606695
707.1129707
698.7447699
673.6401674
677.8242678
694.5606695
719.665272
732.2175732
728.0334728
719.665272
723.8493724
744.7698745
744.7698745
748.9539749
740.5857741
736.4016736
744.7698745
740.5857741
719.665272
719.665272
723.8493724
736.4016736
748.9539749
732.2175732
732.2175732
757.3221757
757.3221757
757.3221757
807.5313808
811.7154812
820.083682
794.9790795
815.8995816
807.5313808
794.9790795
774.0585774
782.4267782
774.0585774
811.7154812
811.7154812
811.7154812
794.9790795
803.3472803
807.5313808
824.2677824
824.2677824
841.0041841
841.0041841
861.9246862
849.3723849
820.083682
836.8200837
836.8200837
841.0041841
832.6359833
836.8200837
836.8200837
841.0041841
820.083682
807.5313808
803.3472803
799.1631799
807.5313808
778.2426778
782.4267782
778.2426778
803.3472803
803.3472803
811.7154812
803.3472803
799.1631799
790.7949791
786.6108787
778.2426778
761.5062762
757.3221757
757.3221757
757.3221757
761.5062762
753.1380753
790.7949791
794.9790795
799.1631799
815.8995816
815.8995816
811.7154812
828.4518828
832.6359833
832.6359833
828.4518828
820.083682
828.4518828
832.6359833
849.3723849
849.3723849
853.5564854
845.1882845
853.5564854
857.7405858
841.0041841
849.3723849
853.5564854
849.3723849
828.4518828
836.8200837
841.0041841
849.3723849
861.9246862
861.9246862
861.9246862
861.9246862
861.9246862
861.9246862
841.0041841
832.6359833
828.4518828
832.6359833
845.1882845
845.1882845
861.9246862
866.1087866
874.4769874
874.4769874
878.6610879
887.0292887
903.7656904
903.7656904
907.9497908
912.1338912
920.5020921
907.9497908
899.58159
899.58159
916.3179916
916.3179916
924.6861925
907.9497908
920.5020921
937.2384937
937.2384937
937.2384937
953.9748954
962.3430962
962.3430962
966.5271967
987.4476987
995.8158996
987.4476987
1004.1841
979.0794979
979.0794979
991.6317992
974.8953975
974.8953975
949.790795
907.9497908
958.1589958
928.8702929
928.8702929
945.6066946
962.3430962
974.8953975
966.5271967
991.6317992
995.8158996
995.8158996
966.5271967
979.0794979
995.8158996
1008.368201
995.8158996
991.6317992
991.6317992
1000
1008.368201
1016.736402
991.6317992
1004.1841
1004.1841
1025.104603
1029.288703
1020.920502
1008.368201
1020.920502
1008.368201
1008.368201
1020.920502
1025.104603
1025.104603
1025.104603
1016.736402
995.8158996
991.6317992
979.0794979
995.8158996
1000
1000
1000
1004.1841
1008.368201
1012.552301
1012.552301
1012.552301
1033.472803
1037.656904
1046.025105
1041.841004
1037.656904
1041.841004
1033.472803
1037.656904
1029.288703
1016.736402
1029.288703
1033.472803
1008.368201
983.2635983
983.2635983
983.2635983
970.7112971
966.5271967
974.8953975
970.7112971
983.2635983
991.6317992
991.6317992
945.6066946
928.8702929
933.0543933
953.9748954
958.1589958
974.8953975
970.7112971
970.7112971
970.7112971
991.6317992
1000
995.8158996
987.4476987
970.7112971
966.5271967
970.7112971
979.0794979
987.4476987
995.8158996
995.8158996
995.8158996
1012.552301
1008.368201
1020.920502
1025.104603
1025.104603
1020.920502
1016.736402
1029.288703
1025.104603
1025.104603
1012.552301
1016.736402
1016.736402
1012.552301
1004.1841
1008.368201
1025.104603
1025.104603
1033.472803
1041.841004
1041.841004
1046.025105
1041.841004
1041.841004
1054.393305
1050.209205
1037.656904
1037.656904
1041.841004
1033.472803
1016.736402
1012.552301
1016.736402
1016.736402
1016.736402
1016.736402
1008.368201
974.8953975
974.8953975
995.8158996
987.4476987
974.8953975
941.4225941
945.6066946
928.8702929
920.5020921
953.9748954
941.4225941
949.790795
945.6066946
928.8702929
924.6861925
899.58159
878.6610879
853.5564854
882.8451883
874.4769874
861.9246862
874.4769874
903.7656904
899.58159
924.6861925
903.7656904
920.5020921
920.5020921
903.7656904
895.3974895
903.7656904
899.58159
920.5020921
924.6861925
920.5020921
933.0543933
937.2384937
933.0543933
933.0543933
937.2384937
933.0543933
937.2384937
916.3179916
928.8702929
920.5020921
891.2133891
874.4769874
882.8451883
887.0292887
874.4769874
895.3974895
912.1338912
916.3179916
916.3179916
912.1338912
920.5020921
916.3179916
912.1338912
899.58159
912.1338912
933.0543933
933.0543933
949.790795
953.9748954
958.1589958
958.1589958
962.3430962
962.3430962
970.7112971
987.4476987
979.0794979
983.2635983
983.2635983
979.0794979
974.8953975
966.5271967
945.6066946
949.790795
949.790795
958.1589958
970.7112971
970.7112971
958.1589958
953.9748954
945.6066946
928.8702929
924.6861925
912.1338912
937.2384937
920.5020921
933.0543933
962.3430962
953.9748954
958.1589958
958.1589958
958.1589958
949.790795
949.790795
949.790795
970.7112971
966.5271967
970.7112971
962.3430962
958.1589958
970.7112971
962.3430962
970.7112971
974.8953975
970.7112971
979.0794979
987.4476987
991.6317992
995.8158996
1008.368201
1008.368201
1020.920502
1008.368201
1000
1012.552301
1016.736402
1016.736402
1025.104603
1025.104603
1025.104603
1025.104603
1000
1008.368201
995.8158996
995.8158996
1000
1016.736402
1012.552301
1004.1841
1008.368201
1025.104603
1025.104603
1029.288703
1046.025105
1041.841004
1046.025105
1033.472803
1033.472803
1025.104603
1012.552301
1012.552301
995.8158996
1000
1016.736402
1016.736402
1000
979.0794979
1000
995.8158996
983.2635983
979.0794979
974.8953975
995.8158996
1000
1000
995.8158996
991.6317992
979.0794979
974.8953975
983.2635983
995.8158996
991.6317992
979.0794979
974.8953975
983.2635983
974.8953975
987.4476987
987.4476987
987.4476987
987.4476987
979.0794979
983.2635983
995.8158996
1000
1000
1008.368201
1016.736402
1029.288703
1016.736402
1008.368201
1012.552301
1016.736402
1033.472803
1020.920502
1025.104603
1020.920502
1020.920502
1008.368201
1000
995.8158996
1000
1000
991.6317992
987.4476987
966.5271967
966.5271967
983.2635983
970.7112971
970.7112971
949.790795
953.9748954
958.1589958
933.0543933
937.2384937
953.9748954
966.5271967
970.7112971
987.4476987
987.4476987
991.6317992
979.0794979
970.7112971
979.0794979
974.8953975
979.0794979
983.2635983
970.7112971
987.4476987
995.8158996
995.8158996
995.8158996
995.8158996
979.0794979
958.1589958
970.7112971
974.8953975
970.7112971
953.9748954
962.3430962
970.7112971
970.7112971
983.2635983
987.4476987
983.2635983
987.4476987
979.0794979
983.2635983
991.6317992
1000
1008.368201
1008.368201
1008.368201
1000
1000
991.6317992
983.2635983
966.5271967
958.1589958
953.9748954
962.3430962
945.6066946
958.1589958
970.7112971
970.7112971
970.7112971
970.7112971
974.8953975
962.3430962
953.9748954
958.1589958
949.790795
933.0543933
924.6861925
924.6861925
933.0543933
937.2384937
941.4225941
924.6861925
924.6861925
912.1338912
907.9497908
916.3179916
907.9497908
903.7656904
907.9497908
903.7656904
916.3179916
916.3179916
924.6861925
928.8702929
920.5020921
928.8702929
916.3179916
920.5020921
920.5020921
907.9497908
907.9497908
907.9497908
912.1338912
903.7656904
895.3974895
899.58159
895.3974895
887.0292887
887.0292887
887.0292887
895.3974895
891.2133891
891.2133891
891.2133891
891.2133891
903.7656904
907.9497908
912.1338912
924.6861925
928.8702929
920.5020921
912.1338912
907.9497908
899.58159
882.8451883
874.4769874
887.0292887
874.4769874
870.292887
861.9246862
866.1087866
866.1087866
878.6610879
878.6610879
878.6610879
874.4769874
861.9246862
866.1087866
866.1087866
866.1087866
845.1882845
828.4518828
782.4267782
782.4267782
719.665272
753.1380753
757.3221757
782.4267782
782.4267782
799.1631799
794.9790795
803.3472803
778.2426778
765.6903766
761.5062762
778.2426778
778.2426778
769.874477
778.2426778
799.1631799
803.3472803
820.083682
841.0041841
820.083682
799.1631799
820.083682
820.083682
832.6359833
811.7154812
811.7154812
811.7154812
820.083682
824.2677824
832.6359833
836.8200837
828.4518828
824.2677824
786.6108787
782.4267782
790.7949791
794.9790795
790.7949791
790.7949791
782.4267782
761.5062762
757.3221757
761.5062762
778.2426778
761.5062762
786.6108787
794.9790795
794.9790795
803.3472803
811.7154812
794.9790795
807.5313808
807.5313808
794.9790795
807.5313808
828.4518828
824.2677824
832.6359833
853.5564854
857.7405858
849.3723849
836.8200837
836.8200837
849.3723849
857.7405858
866.1087866
861.9246862
845.1882845
841.0041841
853.5564854
849.3723849
849.3723849
857.7405858
836.8200837
832.6359833
824.2677824
820.083682
807.5313808
811.7154812
807.5313808
820.083682
811.7154812
836.8200837
853.5564854
853.5564854
866.1087866
874.4769874
861.9246862
849.3723849
857.7405858
849.3723849
849.3723849
836.8200837
832.6359833
832.6359833
824.2677824
849.3723849
845.1882845
853.5564854
857.7405858
857.7405858
861.9246862
841.0041841
845.1882845
845.1882845
853.5564854
874.4769874
874.4769874
861.9246862
861.9246862
870.292887
874.4769874
874.4769874
874.4769874
870.292887
882.8451883
891.2133891
903.7656904
903.7656904
907.9497908
907.9497908
912.1338912
912.1338912
912.1338912
912.1338912
907.9497908
912.1338912
928.8702929
924.6861925
933.0543933
933.0543933
941.4225941
941.4225941
941.4225941
916.3179916
937.2384937
924.6861925
924.6861925
933.0543933
937.2384937
937.2384937
937.2384937
937.2384937
933.0543933
937.2384937
933.0543933
941.4225941
941.4225941
953.9748954
966.5271967
953.9748954
928.8702929
937.2384937
949.790795
953.9748954
945.6066946
970.7112971
970.7112971
966.5271967
966.5271967
970.7112971
962.3430962
958.1589958
945.6066946
945.6066946
962.3430962
958.1589958
941.4225941
937.2384937
937.2384937
945.6066946
933.0543933
916.3179916
916.3179916
916.3179916
907.9497908
895.3974895
895.3974895
920.5020921
907.9497908
899.58159
903.7656904
912.1338912
907.9497908
912.1338912
903.7656904
903.7656904
899.58159
903.7656904
903.7656904
903.7656904
903.7656904
907.9497908
899.58159
882.8451883
887.0292887
874.4769874
870.292887
870.292887
866.1087866
845.1882845
832.6359833
828.4518828
803.3472803
811.7154812
841.0041841
828.4518828
815.8995816
807.5313808
807.5313808
815.8995816
815.8995816
807.5313808
824.2677824
807.5313808
807.5313808
799.1631799
824.2677824
824.2677824
820.083682
815.8995816
832.6359833
836.8200837
828.4518828
836.8200837
845.1882845
861.9246862
857.7405858
836.8200837
832.6359833
811.7154812
815.8995816
811.7154812
807.5313808
828.4518828
832.6359833
845.1882845
849.3723849
857.7405858
845.1882845
845.1882845
820.083682
820.083682
820.083682
832.6359833
824.2677824
828.4518828
836.8200837
845.1882845
832.6359833
815.8995816
811.7154812
811.7154812
828.4518828
861.9246862
870.292887
853.5564854
853.5564854
845.1882845
861.9246862
874.4769874
870.292887
887.0292887
882.8451883
887.0292887
882.8451883
874.4769874
874.4769874
887.0292887
882.8451883
882.8451883
874.4769874
878.6610879
870.292887
870.292887
866.1087866
866.1087866
853.5564854
849.3723849
845.1882845
849.3723849
836.8200837
845.1882845
866.1087866
866.1087866
866.1087866
874.4769874
878.6610879
899.58159
907.9497908
907.9497908
903.7656904
899.58159
899.58159
895.3974895
903.7656904
882.8451883
882.8451883
878.6610879
870.292887
874.4769874
874.4769874
866.1087866
870.292887
874.4769874
882.8451883
874.4769874
866.1087866
878.6610879
878.6610879
878.6610879
887.0292887
882.8451883
882.8451883
870.292887
866.1087866
853.5564854
853.5564854
866.1087866
861.9246862
861.9246862
866.1087866
857.7405858
874.4769874
874.4769874
874.4769874
882.8451883
870.292887
857.7405858
857.7405858
853.5564854
857.7405858
845.1882845
845.1882845
836.8200837
845.1882845
845.1882845
849.3723849
849.3723849
866.1087866
853.5564854
845.1882845
849.3723849
861.9246862
861.9246862
866.1087866
861.9246862
861.9246862
861.9246862
870.292887
878.6610879
887.0292887
887.0292887
887.0292887
891.2133891
891.2133891
899.58159
912.1338912
912.1338912
907.9497908
907.9497908
907.9497908
899.58159
891.2133891
895.3974895
895.3974895
895.3974895
916.3179916
928.8702929
920.5020921
912.1338912
903.7656904
912.1338912
912.1338912
907.9497908
916.3179916
907.9497908
912.1338912
920.5020921
916.3179916
916.3179916
920.5020921
916.3179916
912.1338912
912.1338912
895.3974895
899.58159
887.0292887
895.3974895
899.58159
891.2133891
887.0292887
882.8451883
874.4769874
878.6610879
878.6610879
878.6610879
874.4769874
870.292887
874.4769874
874.4769874
870.292887
857.7405858
853.5564854
857.7405858
857.7405858
857.7405858
861.9246862
866.1087866
866.1087866
857.7405858
857.7405858
882.8451883
887.0292887
887.0292887
891.2133891
882.8451883
874.4769874
878.6610879
874.4769874
874.4769874
866.1087866
866.1087866
857.7405858
853.5564854
849.3723849
857.7405858
861.9246862
870.292887
870.292887
861.9246862
853.5564854
861.9246862
849.3723849
849.3723849
849.3723849
866.1087866
870.292887
861.9246862
853.5564854
828.4518828
845.1882845
828.4518828
832.6359833
841.0041841
845.1882845
857.7405858
857.7405858
857.7405858
845.1882845
853.5564854
870.292887
870.292887
861.9246862
866.1087866
866.1087866
878.6610879
878.6610879
878.6610879
874.4769874
861.9246862
866.1087866
870.292887
866.1087866
874.4769874
882.8451883
887.0292887
887.0292887
878.6610879
878.6610879
878.6610879
878.6610879
866.1087866
866.1087866
861.9246862
857.7405858
857.7405858
841.0041841
841.0041841
828.4518828
824.2677824
803.3472803
794.9790795
807.5313808
794.9790795
799.1631799
799.1631799
782.4267782
782.4267782
769.874477
748.9539749
757.3221757
761.5062762
774.0585774
778.2426778
782.4267782
753.1380753
753.1380753
757.3221757
748.9539749
744.7698745
744.7698745
753.1380753
774.0585774
761.5062762
774.0585774
778.2426778
786.6108787
786.6108787
778.2426778
794.9790795
799.1631799
794.9790795
799.1631799
803.3472803
799.1631799
790.7949791
790.7949791
807.5313808
799.1631799
799.1631799
782.4267782
782.4267782
799.1631799
811.7154812
811.7154812
820.083682
820.083682
820.083682
824.2677824
820.083682
803.3472803
803.3472803
815.8995816
824.2677824
811.7154812
799.1631799
794.9790795
799.1631799
803.3472803
815.8995816
807.5313808
811.7154812
820.083682
828.4518828
849.3723849
853.5564854
853.5564854
845.1882845
849.3723849
853.5564854
853.5564854
870.292887
870.292887
857.7405858
861.9246862
857.7405858
857.7405858
857.7405858
861.9246862
845.1882845
857.7405858
853.5564854
849.3723849
853.5564854
853.5564854
845.1882845
849.3723849
857.7405858
861.9246862
870.292887
870.292887
874.4769874
874.4769874
874.4769874
882.8451883
887.0292887
874.4769874
870.292887
870.292887
882.8451883
882.8451883
887.0292887
891.2133891
887.0292887
895.3974895
891.2133891
887.0292887
878.6610879
866.1087866
874.4769874
861.9246862
866.1087866
882.8451883
882.8451883
895.3974895
878.6610879
878.6610879
874.4769874
874.4769874
866.1087866
857.7405858
861.9246862
861.9246862
874.4769874
853.5564854
836.8200837
832.6359833
836.8200837
836.8200837
841.0041841
836.8200837
820.083682
820.083682
820.083682
824.2677824
820.083682
824.2677824
836.8200837
832.6359833
832.6359833
832.6359833
832.6359833
832.6359833
832.6359833
841.0041841
841.0041841
841.0041841
828.4518828
820.083682
824.2677824
815.8995816
815.8995816
799.1631799
803.3472803
799.1631799
803.3472803
807.5313808
799.1631799
790.7949791
786.6108787
782.4267782
794.9790795
778.2426778
769.874477
769.874477
769.874477
765.6903766
761.5062762
769.874477
744.7698745
757.3221757
753.1380753
769.874477
778.2426778
769.874477
782.4267782
778.2426778
774.0585774
778.2426778
769.874477
757.3221757
765.6903766
765.6903766
769.874477
