100
99.36165168
98.69627161
98.73150153
98.51790632
98.61761363
99.40530133
99.36763412
98.4317149
98.05105457
98.95883418
98.61096647
99.33550621
98.6280275
97.58974211
96.52265239
97.20509349
97.91168592
97.59129312
96.45906129
95.10769497
95.44537037
95.5244715
96.73669074
97.9786006
98.38917312
97.95156884
98.07631375
98.40712043
98.25711633
98.05637229
98.31561128
98.62891379
98.31007199
98.28813638
98.3798671
98.36280607
98.68497145
99.23181062
98.76119214
98.09847093
98.9626009
97.96508472
97.94935312
98.36723751
99.02419785
99.07050636
99.52938153
99.74696502
100.2698744
100.5938124
101.07418
101.6950242
101.9004212
101.9826243
102.5254752
102.4716333
103.0034056
103.8143583
104.4635636
104.2847552
104.0840112
103.95838
104.2293622
103.8360723
102.7164701
101.8764915
102.8124107
102.6593046
102.0914161
101.7628251
102.4494761
103.1071012
103.3727657
103.3727657
103.0556965
103.0698771
102.6267335
101.7821019
102.0189621
102.7459391
102.4694176
102.2841835
102.0940749
102.3096643
102.677695
102.6386984
102.7525863
102.5972645
101.9828459
102.6041332
102.3145389
102.5392127
102.1242087
102.1971058
103.274831
104.1998932
104.8276061
104.7956997
104.6233169
104.6233169
106.4969279
106.7275841
106.9125966
106.4404271
106.4758786
106.72559
107.0406651
107.0320238
107.0772244
107.5128345
108.0813877
107.710255
107.878428
107.3167435
107.4419316
108.1728969
108.2506686
108.6539292
108.8963288
109.980258
109.3622942
108.9964792
109.0430093
109.312219
108.2588667
108.9322234
109.1247693
108.7784526
109.0820059
109.0820059
109.4885902
109.6607514
109.7857179
111.174973
111.5651609
111.7951525
113.1527228
112.9149763
112.6264898
112.9448884
112.0690152
110.5131381
110.4655002
110.2738406
110.8251112
110.7697182
110.3640203
110.4333723
110.5233304
110.7229666
109.8544052
110.0981341
110.2897937
110.5891372
110.5891372
110.788995
110.7714908
110.468159
110.0735397
110.2977703
110.0216919
110.4054542
110.8151404
110.7825694
110.4646139
110.3742126
110.509593
110.2381675
110.1426701
109.8326911
109.3082307
108.7695897
108.2732689
108.3100498
108.3100498
109.1593345
109.4081596
109.1582266
109.2488495
109.9569929
110.3214785
109.4670977
109.3636237
108.8431515
108.5615338
108.3982354
108.438783
108.0831603
107.6604014
107.7082609
107.6685995
107.2589133
107.8383235
107.8937164
106.906171
106.9562462
106.9041768
107.2148205
107.0393356
107.0393356
106.3870283
106.4187131
106.305933
107.2225755
107.2500504
107.4632025
106.7867438
106.6105942
105.6152938
102.5994802
103.6980331
103.4279371
103.2633093
103.8927947
105.244161
106.653136
106.3677516
107.5939298
108.3847195
109.667177
109.3350409
109.2519515
109.4203461
109.1755092
109.7892631
109.1575619
108.7485404
109.2552751
109.99887
110.1637194
110.9161772
111.83991
112.1753696
112.2500393
111.7362144
112.0481874
111.9551273
111.5017914
111.8574141
112.9918617
113.2772461
113.7390017
113.0855865
113.6029567
113.7217191
112.8376477
112.7946628
112.4529991
112.1680578
110.5937902
111.7971466
112.2790652
112.9167488
113.1307872
113.1307872
113.1307872
112.3630409
112.3561722
112.8724345
112.8724345
114.3740265
115.4041137
114.9126675
115.7776837
116.0539837
114.9545445
114.1256445
113.9984623
113.6304316
113.397338
113.9909289
114.1362799
114.9392561
115.4304807
116.1977838
116.2042094
116.8576246
116.9987658
117.6710146
119.0066494
120.0551271
119.6042285
120.4397757
120.8439226
120.6471669
121.1847
120.8051476
121.3641732
121.057961
121.4736296
121.2256908
121.4663178
120.3281035
120.9611341
120.4233794
118.8980792
118.6738485
119.2904828
118.7884012
118.5734765
118.6835977
118.4724398
117.9980546
118.8260684
119.5545964
120.022556
119.2439528
119.3414443
117.4142129
118.3691873
118.5681588
118.8546511
119.4276358
118.6483678
119.0598266
119.23088
119.0381126
118.7884012
118.9516996
119.2904828
119.9687141
119.848179
119.6374642
119.3119753
119.9990694
120.9407495
120.8822545
120.5523341
120.5523341
120.2365944
120.3405115
120.9064059
121.1098088
120.7920748
121.857392
122.502609
121.9068025
122.0180315
122.1791142
123.0057985
123.6534529
123.6410448
123.7976961
124.2359651
124.2754049
123.9558984
124.00265
123.1741931
123.3638585
123.7197028
124.4028086
124.3097485
124.4340503
124.9706971
125.4158348
125.7355629
125.7428748
125.4581551
125.9241205
125.9241205
126.7069336
126.7884721
126.4120216
126.5906085
126.7284261
126.2396387
125.9015202
126.3816663
126.6200775
126.640019
126.3697014
125.6187946
124.896249
124.3248154
124.2257728
123.5991678
123.1170276
122.4401258
121.2055278
121.8460918
122.5710747
122.9951631
122.6377678
122.3661208
123.1371906
122.9592685
121.9012632
121.5790978
122.4797871
122.4797871
122.8247744
123.2240467
123.5787832
122.9643646
122.3732111
123.7236911
124.346751
122.9741138
122.6032026
120.2095626
119.4825856
119.8896129
121.366832
121.1118029
120.0881413
118.4505042
117.7578708
118.5765785
119.5415237
118.2754625
118.5759138
119.304885
119.9935301
121.6048001
121.6048001
121.598153
121.7964597
122.1028935
122.132141
122.6375462
122.1653767
122.2285247
122.6105145
122.8679809
123.3264129
124.2184609
124.8619054
125.1209228
125.2195222
124.8435149
124.5745268
124.8215793
124.3943889
123.8967387
123.8967387
124.283603
124.5960192
123.9104761
124.3179466
124.3225997
124.274297
124.4794725
125.3544595
126.6989571
127.2932126
127.3587978
127.3632293
127.6105034
127.8850308
127.9515024
128.3018074
128.7954693
128.5563933
128.461339
128.0609588
129.0580319
130.3867979
130.0843524
130.9990007
131.8121692
131.5008608
131.4869018
131.3240465
131.9424534
131.9424534
132.5978627
132.501479
132.2043512
132.7325784
133.2503916
133.685337
134.9086349
134.168142
133.7305377
133.8838654
134.3152656
135.0473388
135.7501645
135.0792451
135.6110174
137.0175551
139.1816468
138.6472156
139.2168767
140.1197817
140.2957097
139.8716213
140.5230424
141.8411729
141.7177574
142.4469502
144.4847459
143.5011887
143.5709838
144.3267652
145.2939261
145.5604769
146.3275584
146.1602717
145.54541
144.2687134
143.3527356
141.4097726
140.7898148
143.2623343
143.582284
139.9487283
138.2273371
137.8726007
138.0766683
137.6652095
137.978512
140.898385
141.5334097
141.3647936
141.4113236
141.4113236
141.4113236
142.6454785
144.3498087
143.338555
143.338555
142.968087
143.3957206
143.6004529
144.5611882
144.2206323
144.8405902
145.4255397
145.7505855
147.0481099
147.0379176
147.901826
148.8667711
147.9685191
146.8396108
146.5446988
145.7284283
145.5795321
145.8073079
145.8954935
146.5524538
147.0106643
147.7170351
148.4511024
148.4639536
147.5355678
146.531626
147.3144392
147.1622194
148.386625
149.3158971
150.8425267
150.2274434
150.1764819
150.7691865
151.0742908
149.659555
150.3670337
151.0157959
150.8664565
149.6083719
148.9520762
148.4052371
148.5579
148.9959475
150.2334259
150.3501942
151.7997168
153.3551508
152.5045367
151.1664647
148.6130714
149.4911604
148.7670638
148.2920139
147.2446441
146.3969104
146.9091844
149.2219507
149.0065829
148.4304963
144.0717361
144.0717361
142.264375
143.7708416
141.8859304
141.5803829
141.159175
141.6811981
141.0751992
140.5562781
140.4133643
137.5608492
137.9603431
140.1018344
141.778025
142.596068
142.5322553
141.9260349
143.7719495
144.0894618
143.830666
142.9483671
143.1247383
145.1893442
147.1190129
148.0070726
150.8039732
151.9583622
151.3330867
150.8493954
151.3904737
153.1324711
154.2305809
153.406777
153.2713966
153.9197157
153.2521199
153.2521199
153.8421656
155.3566087
156.1487278
158.5346128
160.0621287
158.6941445
157.0655919
156.7084182
157.1382674
158.0597845
158.9190399
158.9567071
159.4228941
160.6244779
160.1133118
160.3167147
160.0807408
161.9585616
163.0580008
162.6053297
162.4422529
161.3811456
161.6620986
161.759147
159.5108581
160.823671
161.6009448
159.940929
159.3801308
159.7381908
159.7381908
163.6699821
164.9619672
164.9307256
163.5627414
164.9437983
164.7718586
165.5398264
166.2477483
166.4910341
166.7225766
169.3993854
168.9019567
167.8537006
165.1784428
166.9891275
168.4632446
169.0623747
168.1370909
168.9363003
169.2480518
170.0501417
170.2586407
169.4541136
169.4541136
171.1382807
171.8127453
172.0442878
170.608281
168.7778765
167.699265
167.0006492
166.4870458
164.2963656
163.6600114
165.4682587
167.1225137
165.4791158
165.2147806
165.702017
164.6400234
164.0428874
162.615522
161.828499
161.828499
163.6245599
164.3014617
164.7508093
165.1350148
165.4339151
166.0820126
164.8017708
163.7969428
164.0238323
164.7082675
167.6159541
168.0205441
169.8715548
169.6892013
170.6370854
170.4777752
170.2391424
169.3903009
169.24074
170.2016968
170.3716424
170.6909273
170.9528252
171.9507845
173.8651647
175.4143946
174.7888975
172.9999269
172.1085436
172.1085436
174.2865942
172.8319755
171.9321724
170.6164792
172.1404499
173.1195756
173.231691
170.8856889
170.1221525
159.6907744
162.7156724
165.3670004
163.5403626
165.2001569
168.0938844
167.2536842
168.7147285
168.4687839
166.0498847
165.3129369
164.8002198
161.4044106
163.4696812
164.8804288
166.9525681
166.0308295
165.6207001
167.1615103
167.0141651
166.0412434
163.8341668
161.1024083
159.9805903
161.6361747
165.2690657
166.1693119
166.4648886
165.7769082
167.3680152
169.3415551
168.4348834
168.1169279
165.4715823
165.2883424
163.8082429
163.6416209
164.5990326
163.8419218
162.23885
164.14193
162.7615378
162.092391
162.092391
162.092391
165.7815612
166.719253
166.4108251
166.4108251
166.9982119
168.2033409
166.359642
164.6172015
161.8608485
156.5761398
156.5209684
158.3511514
158.7253861
157.686436
159.4926892
161.0762628
161.7726629
160.7864469
158.0934634
160.3105107
162.5858314
167.3613681
167.5158036
167.2064894
166.7434044
168.3542312
168.3526802
167.7019239
168.7142854
169.4217641
169.4443644
170.6155929
172.2818127
173.5217284
173.1260012
173.3602026
172.9053157
172.6828577
170.9805216
171.3647271
172.0651155
172.1464324
173.5607251
176.0396702
175.9122664
175.9324295
176.821597
177.0340844
176.2388632
177.8605471
178.7111612
180.7048642
182.0551226
183.9464594
183.2516103
184.7660534
185.7252377
185.8065545
184.7334824
185.2326836
187.5168672
188.5815196
189.3375225
188.7503573
190.3357034
188.5123892
188.8361056
187.6562358
187.9956838
189.1859674
189.542698
187.409848
187.3046014
188.2620131
188.2620131
188.8132837
192.2407776
193.3072026
192.8288291
192.4554807
192.3400418
192.1357526
193.2628883
193.3169518
190.9142273
187.8840116
187.9569087
189.4412181
190.641694
191.9784366
193.1024703
193.1306099
191.6952679
189.9138307
192.5848786
193.9382391
194.1615834
193.5442844
192.8102171
192.9170147
192.9170147
192.3136747
193.7053671
194.7002245
195.137164
196.4058841
192.0730478
190.2896165
191.3059663
191.3717731
189.3195752
190.1775012
188.5469544
189.0113688
190.3802393
191.5062672
191.1125341
188.2482756
185.0337121
185.5953966
179.082294
180.2940701
180.9851525
179.5198983
179.4988489
179.0457346
180.2756796
183.1293026
184.1975002
184.500832
186.8388575
185.4276668
185.4276668
185.7533773
186.5791754
187.9489321
188.4055916
188.5061852
187.7158386
187.2332553
186.0429716
187.0708431
186.8040707
187.2474359
187.2250571
188.4849143
188.1091285
186.5031762
183.1973252
181.4710594
181.4688437
179.7609684
177.3992347
179.1855464
176.3361333
176.3361333
170.620689
171.9255253
170.0286492
169.3464297
166.419688
160.8121492
165.890353
161.4431857
159.9956572
163.9456174
166.6445833
166.2023261
164.5626948
161.9962288
161.1445069
161.1905938
159.6455738
149.0646347
149.7145048
142.8947468
144.6418403
148.1001327
149.1264532
149.6393919
149.6393919
156.2136484
152.8346786
150.7417116
153.4998371
152.7086043
151.5061342
152.9937672
146.706003
148.4650615
149.1000862
150.3111976
155.4704966
151.435896
149.9460473
150.5174809
146.8743976
142.8276105
137.3765014
140.10826
135.0568664
137.2169697
139.5286282
138.3503094
140.5330131
140.5330131
142.2763399
143.4564312
151.287886
151.2493325
149.9303157
150.817046
150.0747805
149.4964781
148.9365662
150.9630618
152.7653267
153.5727343
156.2931927
159.231013
161.8537582
161.268144
163.0418261
164.3315955
164.4363989
162.4856809
160.0862801
160.1430024
158.7949597
161.3988713
162.1624077
161.7376546
161.6924539
165.0902573
167.033885
171.4695306
168.4592563
167.4005863
168.7843021
165.9577108
163.0072609
166.4012975
163.8419218
161.5681522
162.8583647
163.7825406
164.8915074
165.174233
161.7846278
160.3519446
159.2899511
159.9446957
161.4110578
161.8761369
163.3635483
163.9239034
163.2503252
165.8557878
166.234454
166.234454
166.234454
165.8475896
163.8434728
165.3268959
165.3268959
167.487664
171.1622105
175.8894445
175.2774633
176.6667184
175.0982117
171.2120641
169.9027965
168.5913131
174.1558669
175.8278476
173.2086475
171.8871934
169.7977714
168.5270572
170.1471901
172.0934767
172.6704496
172.955391
175.8728267
175.4159456
172.563652
173.7138312
171.7648857
171.2470725
170.8278587
166.9632036
166.2089732
169.5571445
167.8822833
168.2616142
166.4666612
164.9898852
166.4024054
167.421414
170.4855303
168.9174667
165.3322137
165.0661059
165.5081417
165.208355
162.8718805
161.3386038
163.9518214
168.1519362
170.3694266
169.3854263
172.4847725
171.909129
171.7965705
173.0320548
173.5762351
172.3143838
171.9319509
172.4903118
172.4519799
169.4532273
171.5550573
173.6141239
174.5815063
174.4133333
171.6682804
172.4951864
173.3163314
173.3163314
177.1320191
178.2970436
179.3769845
185.5149661
183.4352933
184.6178219
183.3555274
184.426827
185.4992345
185.0729304
181.0053155
182.4829777
185.7826248
186.1360318
186.6279211
186.8133767
186.2313077
187.0599861
185.7099492
182.7391147
184.4897534
184.6698913
183.8514051
182.6753021
181.9130951
183.5615892
184.388052
184.0306567
185.7077335
180.0811396
180.1930333
181.7196629
184.6051923
183.5724462
183.230561
183.230561
178.8653752
178.5720142
176.7125837
178.824606
179.9956129
180.6565615
180.9011768
182.6916984
184.2526716
186.3704547
184.0505981
185.4465004
184.4341389
184.1135245
184.1124167
182.7761172
184.8673117
185.469987
187.5578579
186.8745305
184.9785408
184.4547451
183.5540558
185.1043935
184.8041638
186.2711906
187.7202701
187.7202701
191.8955688
195.6164238
194.4635858
192.8585198
191.6115138
193.6869767
193.60145
191.8594526
195.8324563
197.3535466
196.5669667
195.9804662
192.1173621
191.4313759
189.5402607
189.5861261
187.6263236
188.5314444
191.4661627
189.9672295
191.4985121
191.4985121
189.9610255
187.2952954
185.195238
184.9058652
185.1283233
182.9425176
186.0598111
185.4077253
187.9823895
189.3388519
189.3107123
189.2830159
189.9681158
191.1639387
192.5514213
192.5073285
194.9980169
192.7995817
191.2100257
189.2969749
187.1260145
187.2434476
185.1179094
188.3233885
188.3233885
190.2295705
189.7503108
192.7552673
193.6825452
192.6088084
193.8642341
191.3496159
190.3724843
192.0929892
191.6369945
187.1049652
185.9802668
184.1064342
182.7397794
186.4927624
187.096767
187.1789702
189.3991195
188.0960558
192.3032609
190.592062
191.697262
192.6529012
194.8497854
194.8497854
195.411913
192.2066556
190.2229234
187.9289907
188.1716118
186.6276996
189.4509673
190.5415436
193.2059443
194.1294555
194.0463661
193.1264001
197.0854447
202.1277539
202.918322
199.6601089
200.7695188
202.304125
203.7148726
203.8187897
203.6125064
205.2672045
209.8754545
210.2326282
212.850942
212.731958
212.5465024
214.6715974
216.8647149
215.0768522
217.0938201
218.6691955
220.5525557
222.1715808
219.0773308
210.3757636
212.9639436
215.0449458
219.2561392
222.1706945
222.9224875
220.3247799
220.927012
226.0524106
226.6546427
225.5718214
227.6160427
228.6600889
229.6356695
230.3418188
235.8862096
235.6214313
237.7762169
239.2357103
239.2357103
239.2357103
239.0797237
237.2991729
237.0966563
237.0966563
230.9518059
227.7365777
225.863853
237.6372914
242.0042497
238.253261
234.4267162
235.7215818
232.5136654
235.2511849
240.0167508
241.1733555
242.4498306
240.7765205
237.6007321
239.0651
241.0206926
242.7467368
233.848857
237.22406
237.9344192
247.5380051
250.337343
262.6906348
258.4705786
263.1045309
263.3216713
265.7782377
260.4421243
265.9648011
268.3132405
270.523419
270.4316883
264.7151362
260.1983954
259.8137468
264.0393423
258.8060383
254.3424746
256.6233346
251.5400347
260.4478852
264.0566249
263.3256596
271.0882055
264.4884683
260.6351134
263.5066837
264.7583427
264.3827786
266.279433
264.2928204
267.8984581
270.3751875
273.6801523
277.7196275
284.3978011
287.2806716
289.9096209
291.6819736
289.3002985
283.2392023
273.2649267
273.9608837
271.0560776
264.3663822
266.7755323
271.1152373
271.1128
272.961595
269.893712
258.8971043
255.2008437
240.7229001
251.0982206
261.5400125
259.3231868
256.3842587
256.3842587
251.5675096
261.3383822
273.444843
269.7993224
269.1317266
275.739662
274.5230113
266.1451605
270.6286656
277.7694811
268.2379061
268.3522371
263.0316338
263.4523986
265.9032041
267.4473379
277.2447992
277.5585448
277.3715382
269.0029934
269.0029934
260.1689263
266.9124636
263.6839411
263.4027665
264.3218463
272.9416535
266.7064019
276.3536374
280.85088
278.0661658
276.4927845
274.5766317
277.9274618
279.9517417
283.2090685
284.3368689
289.5001562
294.2304923
292.1731982
295.3407885
298.3089641
295.9598601
291.3369863
292.0094567
296.2117872
294.843803
297.0976312
294.3636569
296.8109173
296.8109173
300.0228219
300.9503214
298.7908828
303.4879831
299.2914134
301.3467133
310.2377244
313.1620288
316.3207562
318.7163903
315.0414007
313.0519076
316.0918725
319.8193747
317.6408809
320.8776015
322.1518609
315.7765759
304.5021171
306.4506194
304.7347675
305.4420246
307.2886039
311.9668706
311.9668706
321.6517733
321.2059709
318.7097432
317.9295889
324.7571019
325.8492293
325.5379209
327.1793247
328.0073385
326.2555919
327.7669331
327.2030329
329.6044279
331.785359
330.6961121
327.0935764
328.5242654
330.6883571
334.8824894
334.8824894
333.0981718
327.3025186
324.2853756
316.6045896
312.4394832
308.3255599
314.0859831
324.5178044
324.5895937
315.5920066
320.1656914
316.3639627
309.7351996
309.299811
310.9471972
305.5756324
298.2837049
305.052723
303.1090953
305.3731158
305.3208249
306.7424294
312.4656287
304.0454577
304.0454577
304.1779576
296.9804197
293.4749325
303.4405667
309.2831931
297.8509752
290.7489348
300.3784446
308.0601169
307.626944
303.708447
276.8464131
274.4744871
269.8715548
268.1488342
280.573029
278.949794
279.1259436
282.3580113
281.9543075
277.4056603
276.1247538
272.2587693
266.1959005
264.584852
268.7218188
266.4139271
259.2675723
258.218873
258.3790694
261.5083278
257.1542206
259.2797588
261.740535
265.0206837
258.9467364
256.0450322
256.8056882
260.1319238
259.8511924
269.3947324
267.5565728
265.6100647
276.961852
277.4422196
269.8279052
261.9361829
261.6716262
260.1875384
259.6375972
255.7095726
248.4229628
247.1859275
252.5149506
252.5149506
252.5149506
254.3367138
254.4470565
256.2242838
256.2242838
246.6574788
257.0764489
256.6745177
249.6506921
249.2379038
245.6898748
246.403336
252.4387299
249.5478828
251.4465314
250.3479785
254.6063666
256.0374988
264.3422309
262.7409316
267.553914
268.3283073
264.033803
263.3967841
268.2144194
269.5682231
268.5088884
267.1790145
265.1658132
267.3994784
267.3928313
262.0270273
259.802225
256.0184436
257.1652992
255.519464
254.7158231
256.5581925
237.4354395
239.4453172
232.8894512
228.0303819
230.9648787
227.8890191
231.4002672
228.8105362
229.9270364
230.9524706
227.4908546
230.0172161
233.237762
235.6362766
232.873498
229.4550885
223.369841
224.2406181
219.8191531
220.9259042
219.0401067
223.1117098
218.5606254
216.102508
217.655283
216.2565004
217.1144263
218.9368543
211.4672262
209.4688703
214.508299
215.8031645
209.7052874
208.8376123
213.4846373
210.2811524
212.5094999
218.7487398
217.196851
220.9544869
220.9544869
219.3952863
220.2117783
229.7050215
230.2862043
229.6786544
225.0932263
223.1460535
224.7526705
224.7972064
225.087687
224.1508815
224.5005218
226.5609178
224.8229088
225.1207012
226.1408177
227.5741656
227.9597005
229.2295284
226.1942165
225.9429541
227.0528072
229.6899546
232.0033856
232.9918174
232.9918174
236.4018071
234.9941616
234.8437143
233.2610271
233.5898396
232.5256303
228.3981911
229.4391353
232.1296815
233.5269132
232.259301
230.1882695
229.6704563
228.339253
227.3120462
226.9320506
224.243277
221.7335333
218.5894297
215.7985115
215.8796068
214.8967143
215.5745024
216.9967717
215.4856521
213.0044913
211.1235684
212.6191779
216.2172822
216.2172822
216.8822191
216.3945396
214.3764638
211.4118333
213.3917987
210.6381046
211.1109388
214.1260876
217.3043133
213.5601933
215.5632022
213.0523508
214.0722457
214.4139094
213.7791062
212.7485758
214.1635333
213.4941649
216.414481
215.0850503
216.6342803
218.1026365
217.9311399
217.3579337
217.3579337
218.4637985
214.7440514
216.1421693
214.8018816
214.6840054
213.9528185
211.6150146
213.1622504
211.2890825
211.8190822
209.8038868
212.2879281
212.2396255
214.9669526
215.7165299
212.8937054
210.4462234
207.7747324
207.4707359
207.4707359
209.5131846
208.6705471
208.0122574
206.7998165
206.4619196
198.3001013
198.3001013
199.2426676
193.697169
193.1403591
190.9572123
187.496261
182.6476056
182.4003315
186.7482346
188.1412564
186.4759229
186.9662613
191.4083324
190.6583119
192.4419648
194.1943761
193.9482098
193.8533771
193.8533771
192.7727715
195.7859262
198.9889679
198.2464809
195.7475943
197.6351643
194.5373692
192.6746152
193.513486
193.9163035
194.1097356
193.7722818
194.9935855
196.5860219
193.0286869
190.3733706
192.3010452
194.981399
196.169467
197.9584376
200.0921739
199.8067894
199.736108
202.3096643
202.3637278
205.8993488
206.8447956
203.6747681
205.4983039
208.7119811
207.2283364
205.0691193
206.9841643
208.1850833
209.0571899
209.1763955
206.012572
206.909273
207.7472575
206.088128
208.4966133
213.5442401
213.298517
213.2273925
211.4636811
210.5720762
211.4769754
207.2438464
206.8168776
209.372265
211.8835596
209.2083019
207.4195528
209.5309104
210.1078833
210.1078833
210.1078833
213.005156
213.7097543
213.9911504
213.9911504
212.7687389
216.7747568
218.5183052
219.5229116
216.5664793
215.9797572
214.0908577
213.6867108
210.978882
211.7526107
209.945028
212.0636975
210.704133
209.9443633
208.9131682
210.1920806
212.0650269
212.3825393
211.7078532
208.9156055
208.4228299
211.4275649
212.4268536
209.1810485
207.0922913
206.8981944
206.0947751
207.8704514
210.0994636
208.0025082
208.4022237
207.055732
206.801146
208.1642556
205.1240691
204.2415487
204.0029159
204.3565445
206.995686
208.7711407
211.4277864
210.8559097
213.1263557
217.65063
217.3284647
219.905123
220.3562431
218.7203786
218.7620341
217.2210023
217.079418
215.9489587
217.1062282
218.5994004
219.0002238
218.4996931
216.85275
216.7235737
213.3829359
214.0416688
216.2172822
216.8166338
216.8166338
217.7518883
217.9315831
216.3223072
214.1706236
214.2136085
213.034625
212.3260385
215.0549166
211.5254996
213.014462
214.07003
216.6812535
217.0674531
215.3374206
217.8637821
215.2576548
212.5305492
212.1709382
211.7585931
209.8207263
208.8438163
211.5363566
211.540788
211.7390948
211.5370213
208.9151624
208.2677296
213.1243616
210.7497768
209.414142
211.2799981
213.1706701
212.7093576
213.9255652
213.7704649
213.7704649
211.8753614
210.367787
213.179533
211.2704705
211.4929285
211.1182506
209.1112534
208.4088708
210.0797437
208.2801376
207.1235329
206.6026176
205.1349261
205.0265775
204.8641654
202.9145553
201.9866126
200.29181
199.5358071
203.1638235
202.3043466
200.2760784
199.5001341
196.8248763
196.4413355
196.834847
193.3606014
194.9073941
196.8926773
196.8926773
193.2586784
193.6240503
193.7261949
196.0781794
195.4260936
193.5347569
189.8644202
188.5214736
186.8530381
183.0880903
183.8345656
183.678136
184.2438087
179.2358432
174.4835716
168.5676049
175.6769572
173.1415113
174.7935505
179.3625823
179.6326783
181.8408627
180.1114949
179.4578582
179.4578582
179.005187
177.9493974
182.1701184
182.9130486
180.4779747
179.0656761
180.0596471
180.0428077
180.4197013
183.2143862
183.0876472
183.4734036
185.4363081
181.8774221
184.2358321
182.3035046
180.3736143
180.2446596
181.0571633
181.0571633
176.3272704
178.3812408
177.1772198
177.2046947
178.4818344
179.4786859
181.5667784
178.4155845
177.9919392
178.1869224
174.8726516
172.2450318
168.8959743
169.365928
165.9630285
165.7255036
168.9620027
169.341112
166.8457705
168.9589006
170.3656599
166.6662974
164.5841873
162.1453467
159.5720119
160.0663386
156.3740664
159.8511924
164.365496
164.365496
171.6396977
169.8613625
173.1605664
174.653074
175.9390766
173.2542913
174.3849721
174.3018827
176.4045989
176.8834156
173.0054662
174.0971504
171.6159895
173.5899725
176.7606648
176.1743859
177.3706519
175.5768068
175.6149171
172.8038359
174.1922047
173.4397469
175.7819822
178.1408355
178.9101327
177.3017431
179.5475947
182.000616
181.5406329
182.4067571
179.0359855
182.8975386
183.3273878
181.5583587
184.3670026
183.5064178
182.5228607
180.3332883
181.4633044
179.377206
182.3899176
182.1127313
183.3238427
183.8775506
185.6270814
182.6478272
180.5847723
179.5475947
179.9156255
182.0526853
181.5229072
181.5229072
181.5229072
181.0669125
181.6607248
181.3210553
181.3210553
185.294059
186.1734774
188.4126819
187.4273522
184.7235116
186.3152834
187.257185
187.5662777
187.8973059
187.5979624
187.9272181
185.7653422
185.4414042
183.5531695
184.6125042
185.0166511
182.9748671
179.7257384
180.4531586
180.7447471
179.796863
180.5076653
181.2561348
179.5560145
178.9781552
178.2084149
178.22747
177.5412622
178.1632142
177.5219855
177.2904429
178.3624072
180.7764319
181.5931455
180.4748727
180.6434888
180.6426025
178.9852455
179.2167881
179.5730755
181.9224011
181.4209842
179.2460355
177.9742135
177.0418394
175.5023586
176.9148788
174.7259711
175.2034583
173.429333
175.3618821
174.9570705
178.054644
179.0085106
179.2537905
180.0465744
181.8670082
177.0274372
177.5778216
176.6534241
176.7451548
177.3325416
176.4365053
176.3653807
178.556061
178.0668305
178.0491047
179.1979544
179.1252789
178.0504342
178.2615921
178.645576
179.5717461
180.1553661
179.8668797
181.0418749
181.0418749
182.3037262
182.5310588
183.6313843
182.1475181
181.1081248
181.8457373
181.841749
182.8702852
182.025432
183.2141646
184.3758655
185.1819437
184.067216
183.2828519
184.2595403
186.2450451
185.9729549
187.057992
187.4568212
186.8825071
186.8825071
186.5864872
186.3367758
187.9819463
187.974856
188.0158468
189.4221629
189.4175099
189.2907709
189.7412263
192.1051757
191.789879
193.6918513
194.5719344
194.6935773
192.5434447
194.6931342
196.1058759
196.2718331
193.2325329
195.6961896
196.3999016
195.8162815
194.9860521
194.4959353
192.9582271
192.3382692
191.9392184
192.4401922
191.7732612
192.3263043
192.3263043
192.4253469
192.848549
192.8383567
194.5506635
195.1400444
195.930391
194.6073859
194.7438741
196.0037313
196.2479034
195.3452199
195.14647
196.5310721
197.0998469
198.50151
199.6740679
200.2911453
200.4653008
200.902905
199.1484996
198.4419072
199.8373663
198.6134038
198.6134038
197.9254234
196.2303992
197.5753399
199.8420193
201.5696145
202.5884016
203.0545886
203.7651694
203.6517246
204.1644417
205.963383
206.6070491
207.1875672
205.7008205
204.8499848
205.0640232
206.5848919
206.9777387
206.7885164
206.7885164
208.5757144
208.9406431
209.6113409
210.0079544
210.6489616
209.1783897
208.7948489
209.5634814
209.0113245
208.5703967
210.0473942
209.46178
208.9255763
208.9831849
208.0727464
210.4058974
209.4546897
206.7617062
204.4660009
204.9211094
204.3769291
207.0180647
207.8427549
206.9671032
208.2559863
208.2023659
208.423273
209.2723361
209.9600949
209.9600949
213.5158789
214.3718108
214.4274253
212.2048387
212.1733755
213.7682492
212.2287684
210.5226657
209.1489206
210.4289408
212.0419834
211.8257294
212.06547
212.8591402
214.9343815
215.4061078
215.4320317
215.7497657
215.4579556
214.1697373
212.9338099
213.5072376
212.5877147
212.227439
212.659504
211.9351858
213.8960961
214.0514179
213.4378857
215.4335827
214.7495906
216.040911
216.7038538
215.9004345
217.7412529
217.8801784
219.0168417
220.0524682
219.9897634
220.2259589
219.8147217
217.3302372
219.3117537
219.7427108
218.2949608
219.6341407
221.1926766
223.8712579
223.8974034
224.5800661
223.8954093
223.8896484
223.8896484
223.8896484
227.2537728
225.5778038
225.9431757
225.9431757
228.0543117
230.17564
230.722036
230.7286831
230.6978847
229.4861086
230.3914509
230.2186249
230.8744774
231.4977588
234.2436979
236.4080111
237.3778309
237.4374337
236.4363723
236.8584666
236.7798086
236.3448632
234.9296842
232.3807224
234.8410555
238.7478092
239.001952
235.3777023
235.8219538
237.9175797
239.5824701
241.2334015
241.6765451
240.2121771
239.1687956
240.5653626
241.0714325
239.8379424
239.2795815
237.6601133
236.9947332
236.7370453
237.5258408
240.3604087
241.7492206
244.3455988
242.0536603
241.3887233
240.4587865
242.5466575
240.9209853
239.4034401
234.5086978
232.2324908
234.8067119
230.0395949
232.5367089
235.446168
233.8526237
234.4643834
231.719109
232.1210402
230.360874
232.966115
233.1367253
234.5913441
236.6087552
235.3165485
237.1943694
241.2141248
242.7336641
241.8513652
241.1272686
242.238008
242.238008
244.4193822
240.7293257
237.3091436
237.1374255
238.4870192
238.6467725
235.9642029
235.2662517
238.4116848
238.4316263
236.5314266
234.4595089
225.954919
225.3732931
225.5091166
226.1833595
231.9657184
231.7348406
231.171162
226.8819754
223.0826839
225.3070431
225.0052623
224.4810235
224.5731973
222.6741056
223.556626
224.0932729
222.4811165
224.0870688
224.0870688
228.2337848
227.1416575
227.7168578
227.3213522
229.3713344
229.4136546
228.2439771
227.1221592
227.5987601
229.9569486
230.0145573
227.2661808
228.1159086
228.9372752
226.9768081
230.0841308
231.283942
233.4879166
232.4793218
232.6501537
234.1962816
235.9719579
234.4156377
233.5980378
232.7175115
233.8951655
234.5822596
234.5822596
232.5963117
232.5413619
232.6140375
232.5515542
230.6905728
232.4210484
230.8416847
231.9426749
232.0975536
230.5937459
228.9818112
231.3337957
231.5684402
232.5892214
231.1097866
230.7896154
229.2131321
228.1458208
229.6434245
232.2072317
232.4988201
232.4988201
232.8646351
230.0300673
227.5741656
225.2813408
225.6945722
226.8208215
225.0453668
223.9676417
225.1528291
226.8859636
226.4660851
226.1399314
228.1932372
229.215791
228.3106702
228.4848257
230.4220278
229.428943
229.2162341
228.2322338
230.2372369
231.3094228
230.6861413
229.1612843
229.1612843
229.7393651
229.4617357
230.3836959
229.4021329
233.7551322
233.1637571
232.3000702
232.9237948
234.0877114
234.4198475
237.4341101
235.798024
235.5290359
235.5401145
232.6401829
236.035549
236.5478229
237.5896535
239.8667467
241.6893962
241.2254249
243.2986721
241.6648018
241.4217375
241.4217375
240.6001493
239.0978926
239.6589124
240.4838242
240.3028
238.4491304
240.2797565
242.0428032
240.230346
239.3976793
241.5950067
240.4474864
240.277984
243.1907667
242.3924435
242.8152025
242.4086183
243.0485176
243.7413725
242.4598013
242.8787936
242.3906709
243.2441655
243.3186136
244.3121415
244.7167316
245.3767939
244.8412549
244.8720534
245.8075295
245.9471197
245.2708826
246.6308902
247.6179925
247.3649575
246.4044438
247.5807685
246.9060824
246.9364377
247.136517
245.0298125
245.445038
245.8762167
244.3890269
246.0271071
248.1238409
248.7076826
248.6892921
248.6507386
250.2819501
252.0538597
252.5570492
252.1037133
253.6267978
253.6267978
253.6267978
251.8870161
252.98712
252.4393946
252.4393946
249.7441954
246.2050292
247.567031
245.5948205
246.1104181
246.03597
245.8312376
245.6072286
246.7948533
246.6929303
248.636558
247.9846938
247.015982
247.1320856
247.3984149
248.6017712
249.5939697
250.0187228
249.0006005
250.8717742
252.5167231
253.246359
253.2866851
254.7007562
255.1155386
255.5894807
255.8363116
258.9724387
260.823671
261.4338797
260.6583784
262.7582142
262.3456476
263.7712404
264.3566331
263.3150241
264.6900986
263.9041835
266.6450265
264.1758305
265.7833338
267.7819113
269.683662
271.7821683
271.1803794
271.7250028
268.4271284
265.1986059
265.3109428
265.7826691
265.3694377
264.6869966
266.8615021
265.8484759
264.2185939
263.2237365
260.5777263
260.4713718
260.4713718
259.3415773
256.9988988
259.5006658
263.2720392
264.1893464
263.8443591
263.5159897
265.7261683
264.0078791
263.7193926
264.3063363
264.0388991
260.141673
257.8967077
254.1443895
256.318895
258.5153361
257.6602906
258.8290817
257.5226945
258.8202189
259.3763641
256.2604
255.0519475
258.0185721
260.3209246
258.4047718
261.4912667
261.2424416
262.8005344
263.6489328
261.8333736
260.3995826
257.0556212
255.4328294
256.974969
258.3179156
259.0555281
260.9298038
260.124612
260.124612
261.8504346
261.6811538
263.2718176
264.6825652
266.0498847
263.1408687
264.6597433
264.038456
265.192845
264.8613736
264.8977114
266.4781829
268.2724713
268.8915428
270.3827209
269.901467
270.9342131
273.9952273
273.4585805
275.0971038
273.0819084
276.6294943
274.7747169
274.7970956
275.1307827
276.2712127
276.0367898
272.1007886
272.1007886
273.1505957
277.3010784
278.2268053
278.5864163
280.335504
281.6884213
281.3720168
281.1907711
278.5314665
279.0836234
279.3940455
282.5844576
284.4427802
284.0042896
285.5484234
285.391329
285.6248657
289.6173677
290.0161969
287.1435187
287.1435187
292.7565967
292.1926966
293.2580137
290.7719783
292.8337037
291.7832319
294.3607765
295.2129416
295.1300737
293.907219
290.525812
289.3678779
286.2290919
289.3840526
289.8520122
288.3140824
289.531841
290.4108162
288.4818123
290.8016689
291.4659411
294.3364036
298.3632492
297.1129196
297.1129196
297.6380448
297.8545204
296.6398639
300.3932899
299.88722
298.3133956
301.3939081
302.134401
302.5427578
303.8418332
301.1838581
302.8161774
300.1652926
301.3323111
304.3055829
306.260954
305.3401016
304.3665152
304.366072
306.4125091
302.4791667
296.1738984
291.0564764
292.3112375
292.3112375
292.4497198
288.6818916
286.9631593
288.8447469
290.7043989
284.5384992
287.692352
280.7917203
283.9347161
286.3438661
286.1962993
283.40804
282.3662094
284.5438169
286.8689913
287.001048
293.1323825
295.5667917
295.5184891
295.424321
293.6705804
294.6255548
291.8089342
294.9129334
295.3640535
293.6903003
296.7187434
296.5281917
296.1298056
299.2672621
301.3901414
302.065049
306.3677516
304.2131875
302.4700823
302.4643214
299.0625298
304.0997428
304.4835051
304.433873
307.0517437
308.1877422
309.2235903
308.0415048
307.332032
308.5664084
307.3154141
306.9830564
308.0226712
308.7241675
309.7928082
311.2924061
311.4685556
311.1432883
311.1432883
311.1432883
311.51287
312.682769
311.7160513
311.7160513
316.7193638
318.1899358
318.6855919
321.9220909
320.0052734
320.8024887
321.2208162
320.467029
320.6823968
323.9804928
323.2034406
319.4404869
323.3846863
320.7366819
324.6928461
323.4766386
322.9663588
325.2168634
328.9421498
331.6464335
331.7018264
331.5704343
330.8893227
330.8704891
335.0792451
327.7046714
325.3046058
324.552148
323.2371195
320.206239
323.0975293
321.1313012
324.8907097
326.4312983
329.3407575
327.9785341
327.3366407
325.4025405
327.4527443
324.549046
323.8039001
326.9595255
330.2680354
332.4310192
329.6420951
328.0051227
325.4045347
326.2941454
328.2749972
330.1027428
332.0567844
334.5614319
335.2939482
332.6140375
331.4778173
332.1400954
332.4740041
333.8009975
336.6167318
335.0216365
334.0693209
338.77329
339.2944268
336.5163598
339.9356556
338.8302339
342.6476942
343.8426309
340.8802161
342.146942
338.4921154
338.1203179
340.5724529
340.5724529
342.1910348
346.4877548
347.4770729
342.1848308
345.5549376
342.6536767
342.3286308
342.2495297
338.5709949
338.8034237
339.1100791
340.5799863
338.450903
336.3851893
340.8033307
341.3543797
341.9118543
341.521888
336.9258244
333.4159058
328.5397755
328.083116
322.8048329
319.596695
320.5693952
320.5693952
319.0558383
315.8215549
323.2220526
326.0703579
328.4223424
323.6519019
323.5685909
327.2023682
328.7724258
322.7959701
322.3260163
316.3324995
314.7930187
313.6707576
308.066764
300.6153048
302.6442377
309.6348275
309.5231554
303.5927865
303.3067373
306.9750798
307.3526381
310.7464532
314.3815599
311.8208548
313.261293
318.5229582
321.0242821
321.0242821
325.1479546
321.9579856
321.0322586
322.0568066
322.848261
326.8199353
326.1665201
321.0065563
321.7401805
317.5303166
317.2772816
321.9227556
317.3377707
316.0065674
321.9819153
325.5715998
328.9299634
325.2212948
327.2608631
326.8751066
329.2352893
331.1995232
330.2565137
329.9786626
329.9786626
331.8604718
332.2590795
331.1474538
330.6755059
327.6853947
331.4654093
332.7121938
333.4252118
333.1387194
335.6936637
337.8621868
337.7307947
335.4672173
334.5745046
336.0995832
333.4269843
333.4708556
333.305563
335.4991237
335.4991237
336.9581739
330.6537919
327.6003111
326.7816033
320.184525
320.8086927
323.7660113
319.9853319
320.541034
323.7883901
322.1684788
320.3500391
319.9441196
318.323322
319.0028826
320.9691107
324.2552418
326.0391163
324.4686155
325.2680465
317.6532889
320.801824
324.3423195
322.2896785
322.2896785
324.2217845
319.6806707
323.1469398
328.5448716
333.021508
331.2055056
330.448838
332.9275615
332.2311614
334.9545002
337.001602
341.1784517
340.6952036
338.7478092
338.987993
341.204154
336.5105989
340.0586279
342.3906709
344.8022583
344.111619
346.6953676
347.98979
346.0443897
345.9586414
345.3719193
349.0952116
347.1985571
347.3416925
348.4362571
353.7466681
352.3312675
355.074991
354.3141135
351.4108583
351.1946043
355.0435278
357.1542206
357.644559
360.5642104
361.8329304
361.6011664
362.0237037
361.71727
360.9076467
360.1562967
361.9508066
364.9167666
359.9531154
357.2452866
357.1872348
357.0620467
355.9668174
354.7627963
354.7627963
354.7627963
359.2225932
360.8090472
360.7813507
360.7813507
361.4872785
355.4713829
351.3559085
348.8893714
351.1868493
348.6057595
347.7943637
349.6052699
354.2697991
356.3982177
355.1266172
355.5134815
352.61355
355.4226371
354.9236574
361.1086123
364.0785605
361.2198413
362.736057
361.9308652
364.2994676
364.5174942
368.2609495
367.342756
368.8959743
369.2185828
368.026305
369.5090634
366.3510007
365.3632337
369.5540425
370.1232604
372.2242041
372.8528032
372.0371975
373.1470505
373.2935095
372.4581839
372.924814
374.7160004
364.6524314
364.2547101
362.1426878
358.7723594
355.3153964
359.4027311
362.6250496
364.7324188
365.08782
365.4979494
358.1466406
358.7220626
360.2260919
358.6764188
364.1381633
363.0320769
368.2935206
367.2751766
370.2750371
372.0223522
369.6229513
369.1213128
370.5828003
367.5953479
370.8435903
373.8633921
376.2610204
375.4117358
375.4117358
377.2953175
375.2723671
374.2562389
377.2822448
379.4727035
381.4765987
380.616457
382.5357118
378.415806
380.4988024
379.119518
378.3251832
380.9126985
378.6553251
379.6515119
373.1517036
373.1173599
377.9349953
380.8471133
383.2640183
386.2018386
387.8029163
386.8993466
385.7715462
390.7744155
388.1857924
389.0076021
392.1093856
394.1210358
393.8489457
393.8489457
393.868444
394.6348608
389.192393
391.2935582
392.4042976
389.0144709
392.7118392
391.2095825
393.103135
393.6313622
393.5854968
387.3806005
380.9804995
384.1587252
385.0576419
382.3863724
386.4285065
390.6062426
394.6528081
395.7945675
393.7454716
389.1502944
393.0601501
389.7932957
385.1985616
380.4629078
383.0293738
381.7438143
387.9046178
387.9046178
392.2644858
391.4504311
391.9640345
392.621438
394.5878876
393.3836449
394.4423149
400.0037667
404.580332
400.1433569
401.4805427
407.6047868
408.7547444
407.6400168
404.4097217
392.4647867
394.2134312
387.0613156
384.0632277
387.8534347
388.0818752
381.8054112
386.4752582
378.4694264
378.4694264
379.0118341
384.8854806
376.8025419
377.3910365
375.6508117
370.8014916
365.5130162
360.3402013
366.5335759
368.174315
372.1876447
378.4401789
378.0036825
379.7771431
378.6542173
371.9080211
378.9486862
377.7362454
383.946681
383.946681
386.4305007
384.4000168
387.3619885
382.7632661
382.2385841
384.227634
385.943929
388.482477
388.8130621
387.6039449
393.5591298
391.592237
388.2163693
391.3744319
391.6857403
392.8766887
393.8456221
396.4211725
395.299133
398.6229314
397.776084
394.268381
397.2283585
400.3150751
400.3150751
401.1202669
401.2738162
399.8309407
401.7827666
399.6093689
397.3726018
399.736108
403.0705418
393.2954593
395.3609515
396.4632712
396.6008672
397.1771754
402.7911398
406.7774378
403.1279289
412.8059629
405.146891
405.5973465
402.93073
406.5345951
399.56018
399.9847115
391.8180187
384.1868648
387.0278582
388.6650521
381.0959384
381.5277818
376.4903472
379.963485
375.2420118
378.409602
380.5202949
376.8165009
378.6112324
386.007077
386.6946143
385.6290755
384.7130978
382.7712426
387.4355503
390.2723339
390.6919908
393.428624
386.5774028
389.2584214
387.8226362
385.6926666
377.9974785
377.0879263
377.9097361
378.7800701
384.1401131
387.0238699
387.0238699
387.0238699
386.1298278
390.371598
390.3423506
390.3423506
392.8354763
394.5482262
388.8952652
384.764724
382.7007828
384.4675962
386.0367676
385.7223573
387.42846
375.7802097
368.7541683
360.4563049
359.582869
343.2186847
358.1273639
358.5084674
365.3887145
364.8389949
367.83952
369.7375039
368.3059286
372.8160223
376.6119901
375.204123
366.0556455
363.6345306
365.3446217
367.1761341
371.4249946
370.2342678
375.6466019
373.2910722
374.0353318
374.0353318
380.6388358
383.8062045
382.6595705
384.8225542
387.5057886
390.1639853
389.5424764
392.5387917
384.0344234
382.6939141
381.4458002
384.7204096
377.8893515
375.6731905
367.3768781
377.6356518
375.9638927
380.4458467
374.7310672
365.8506916
371.7879292
359.2544996
361.5524206
361.5524206
369.1523328
377.7732479
379.7281757
379.997607
375.5754773
379.3448565
382.378839
384.3523789
385.63816
388.8715571
391.3398667
391.3744319
391.9485244
396.7262769
389.6856118
391.4575214
394.3911318
402.1687446
402.6584183
406.6225591
409.6224195
408.1587163
402.2121727
399.2763465
403.2719506
402.3801241
394.6100447
398.138797
402.0659353
408.5200999
408.1835323
412.062368
410.8361898
418.0527828
415.2153345
420.212443
418.3250946
418.9014028
425.2461109
429.7391435
429.7391435
432.0966673
424.0097403
425.1189287
422.6484032
423.6115758
416.4392971
421.4935711
418.221399
422.0508241
424.8619054
422.5810454
421.6683912
430.3028222
429.5891394
429.7542104
422.8919106
422.1813299
418.5495468
423.8218474
428.8198422
432.3674281
432.6530341
424.266542
418.1338781
421.2236967
412.4015944
413.6942442
408.9180428
410.724296
414.4617689
414.4617689
401.1670186
405.5344201
400.2991219
392.2051046
396.3684384
389.4695793
393.2360781
392.1989006
392.6274204
381.1143288
386.5769596
385.4050665
386.9695848
392.1271113
391.0697707
387.3967752
378.062399
383.6539846
380.7303449
382.5565396
392.41028
389.1773261
386.2556805
386.2556805
379.1261652
385.3501167
382.6043991
382.1200432
378.2272485
377.4690298
383.2050802
382.7714642
374.5369704
375.310699
373.5578446
382.4395497
387.8148812
385.2404386
380.2056629
380.1476111
387.2031215
393.45344
393.6696941
393.6696941
379.9326865
375.8701678
366.2145125
366.32552
361.2030019
347.4648864
358.1639232
362.1949787
366.4024054
351.385156
351.7904108
341.0915956
347.0527629
371.9671808
363.5988576
360.6213759
359.8215018
361.1613464
347.8391212
323.5209529
338.2129349
337.0846914
312.7977648
309.9964327
295.008874
283.6502179
291.9392184
277.4654847
261.6173411
261.6173411
288.3324729
270.0228884
268.364202
275.998901
296.1874143
281.690637
265.2819169
268.8813505
267.966259
245.2843985
264.4904624
274.6278148
285.1123701
281.7440358
280.2049982
291.4725882
285.3135573
275.3073755
276.551501
279.6087485
272.2233178
257.0647056
270.043273
260.6820866
252.8151803
254.5799996
244.5702726
221.5004398
234.9824183
242.9109215
242.9539064
251.0474806
253.9680183
270.6455051
243.8324386
241.3251322
241.1977284
233.862816
236.7762635
249.6775023
244.7719029
251.627334
243.8386426
248.0199237
246.1979389
254.5777839
254.0994104
245.5254686
249.2671513
240.1173444
241.9107465
241.4625067
241.4625067
241.4625067
250.9818954
256.5814575
260.782237
260.782237
267.8802892
269.6794521
275.2123212
265.1084262
268.3090306
264.3830001
255.4259607
260.4700424
252.3964097
258.2035846
259.2888432
256.5615161
246.0975669
254.1038418
245.5084075
249.763029
250.6273805
253.9135117
258.7581788
254.3402589
252.0430027
250.2934718
250.3424392
252.2636882
257.8176065
262.1180933
263.1729966
256.2621726
253.2864635
254.7807436
251.4567237
251.4567237
242.0549897
236.3204903
236.6535127
229.7446828
220.4823175
227.3257836
229.5503644
237.3760583
235.2633713
222.160059
220.9965856
226.0843169
220.9383122
219.9853319
219.4411516
229.1679315
233.3578539
241.526541
242.0569838
244.3389517
249.6291996
251.7378983
253.4679308
247.8240543
261.8657231
258.1617075
256.314242
262.5519309
257.3755708
250.8560426
254.3907773
261.2962836
264.904137
264.9079037
263.5518844
257.5955916
262.0505139
268.8660621
268.8660621
271.7154752
269.9451167
270.3122611
273.2035514
276.2319945
266.8683708
270.5686197
271.206968
275.1649048
279.1044512
274.48335
273.3621968
275.1844031
272.9463065
277.7836617
289.2362642
289.6472799
297.6918867
292.2826547
300.5918182
296.2862353
295.6944171
284.7091095
289.0816071
286.545718
286.545718
296.4787812
300.5842848
291.8000713
293.109339
295.4868043
302.452135
297.9686299
305.5505948
304.6308503
311.5075523
311.2516369
302.3214076
307.9728176
310.6957133
310.0513825
309.4325325
310.7956421
314.2390893
312.0519542
304.6620919
302.0761276
294.606278
296.2399268
301.3941297
287.7413194
289.7582873
295.7947891
303.6125064
304.9160132
307.7217767
304.6647508
304.6647508
300.5062915
301.7072106
293.8633478
288.3781167
282.9438471
286.3261404
285.5005639
289.8227647
292.5024539
299.368742
302.2163826
304.3802526
309.5570558
308.9029759
306.2567441
313.5974174
313.9561421
316.2662495
310.6857425
307.2278932
313.8446915
317.0215877
317.0215877
323.9718515
324.6596103
315.8091469
318.354342
315.5541178
310.3270178
311.009902
316.1523616
316.5678087
307.2201382
311.2252698
311.6843666
311.9943455
315.8266511
314.2911586
318.5745844
318.3224357
319.3283716
320.1703444
316.9116881
311.6805998
312.0497384
318.7252532
321.417572
321.417572
324.0604802
320.4590524
325.1490624
328.2566067
330.9475961
335.790269
337.1890517
336.7350511
333.9981964
333.6343755
338.4418186
336.4778063
329.5040559
326.7379537
330.5330352
332.236036
331.4576543
322.1478726
318.4101781
322.3656776
326.2901571
329.3575969
333.0749068
331.6544101
331.6544101
330.5469943
334.2787063
333.5495135
333.6193087
334.4781209
334.3194755
331.445911
333.9935434
329.2931195
325.1224738
319.0478617
311.8155371
319.6407878
314.9778096
314.2198125
318.2606172
319.3044418
322.3565932
324.5377459
331.7569978
329.9908491
330.1924794
328.1859253
329.4413511
332.2138788
335.9941151
336.5923589
335.2343454
334.6263524
335.8317029
333.2967001
336.0054152
329.9901844
330.9287625
330.5248371
338.1409241
340.2449698
335.9728442
332.0612159
331.290146
327.7104323
328.1163518
330.6868061
329.7030273
333.2834058
332.833172
335.5095376
330.447287
330.2126424
332.8885649
335.135746
335.6154489
338.4591012
338.4591012
338.4591012
336.7629692
337.4671243
338.1785913
338.1785913
341.6151697
342.1666619
343.4130032
341.4235101
343.3593828
342.930863
339.3263331
340.1310819
338.4243144
334.5233215
336.4295036
336.5839391
334.3203618
328.6434711
324.6921814
324.876086
325.1814119
325.1266837
323.0762584
317.7397019
323.9909067
326.3112064
326.0453203
318.420592
321.2059709
318.0179961
322.6543857
323.1196864
327.3392995
328.2306828
328.2306828
331.5473909
333.2619134
335.0985219
335.5243829
333.2390915
330.0531108
329.8827221
333.3093297
333.0130882
335.7067364
338.5408612
339.2953131
338.80431
343.1639565
342.9379533
341.5105878
342.4283381
343.0292408
344.2625094
344.0178941
346.4558485
346.5065884
344.9482741
342.4626818
343.0897299
345.1279688
342.9180118
342.8550854
342.7934884
344.82929
345.3032321
345.3878725
348.1497648
348.1497648
348.9048814
348.1296018
346.690493
347.1471525
348.9086482
347.9503502
346.7328132
349.8715992
349.9916911
345.6065638
346.6924872
346.8874703
347.3443514
348.122733
350.0528449
351.0853694
347.0622905
344.8740475
348.7894425
349.1275611
348.9055462
344.5977475
339.8230971
339.1052045
334.9708965
342.0594211
343.3079781
349.0059182
346.5017139
343.8685548
338.5472867
337.5240682
334.8516909
327.7055577
330.4949249
330.4949249
330.1226843
330.4745403
336.0162722
333.6033555
336.3572712
330.7479599
336.8952475
337.8845655
330.6028304
328.8395621
329.130929
326.9723766
332.4795434
333.4176783
333.2665664
340.4729671
340.923201
341.5214448
340.8644845
341.3020888
337.4263551
337.6018399
333.5335604
334.0052867
331.2301001
321.3573044
322.2608742
322.2608742
319.3939569
316.5509693
319.8947091
325.2944135
326.4204413
330.4747619
330.5084408
333.4950069
331.7029343
335.5986094
330.4093982
329.4892106
331.9903129
328.146264
332.4502959
333.6299441
334.5421551
333.9077951
333.5969299
334.552569
334.034091
334.034091
336.0184879
337.5265055
335.2939482
336.077426
337.791727
337.2477682
329.6870742
327.5701773
327.3284425
327.9235843
333.228456
334.692824
332.7259312
333.0819971
332.8732764
328.0587431
330.8859991
330.760811
337.6734076
338.3359073
338.680673
341.267302
344.446414
345.4855856
345.4855856
344.0690772
342.3386016
342.0233049
343.6786677
345.1448082
346.1691346
344.9108284
345.5901675
345.4733992
347.3798028
345.2329938
344.3085963
342.933965
346.0800627
345.4160121
347.9911194
350.8930451
350.5059592
350.1323891
349.2966204
354.3249705
354.3934362
352.7881486
355.3546146
355.3546146
356.2705923
358.7426687
357.150897
356.8557634
358.4479783
356.173987
357.9589693
356.6720804
356.2561902
357.5924896
358.2042493
355.0333355
354.5622739
357.9159844
357.481039
357.680232
357.3184053
363.1213704
364.3947434
367.6826472
364.2378706
365.1274813
364.9347139
359.817735
359.1268742
355.5314288
356.8214198
362.6316967
365.0969044
363.9948064
359.9646371
363.2166462
364.4386146
362.7535612
362.8565921
364.4820427
370.1514
370.4066507
370.5473488
373.4062895
372.8793918
369.7869144
370.3955721
372.4927491
373.9517993
373.4326566
371.9751574
371.0890918
371.7613406
371.0567423
376.1885665
376.8399875
376.4566683
376.8251422
376.8251422
376.8251422
378.6905551
378.3566464
378.8678125
378.8678125
377.5824746
377.5507898
375.3102559
374.0207081
373.0189821
377.4205056
378.9369429
377.313708
379.3382094
378.5937282
382.2142112
378.6710567
375.7713468
373.8379114
376.6057861
374.0344455
379.7678371
378.1288706
378.7311027
382.4162846
386.9181802
385.9663078
390.2435295
388.7521299
389.1403236
391.5468148
388.2739779
390.4143614
388.0719045
392.1093856
392.3819189
396.4446591
399.010682
398.3975928
398.3975928
394.0813745
394.1046395
391.8689802
397.0145418
399.3465848
398.668132
399.4890555
401.8840249
402.6692753
398.0829609
395.9279537
392.0683948
385.1943517
386.169046
384.9993685
383.2835166
382.5589769
388.9360344
389.9231367
396.177222
395.6272808
397.6739394
395.9264027
396.211344
391.7626257
392.9469269
397.2112975
397.7284461
398.2170118
400.680447
401.9549279
399.737659
396.9717784
399.7095194
393.6991631
388.2886017
388.6852152
388.1811394
387.7419841
385.0040215
386.2333018
390.4905821
392.8751377
392.8751377
390.7236756
390.9787047
390.3241817
390.3057912
391.8933531
391.9806524
384.6333319
382.3218951
377.7360238
381.1198681
383.852513
382.8518948
376.5100671
375.5417984
375.1015353
375.99735
377.9135028
382.5857871
383.008546
383.4364011
383.4364011
381.656515
386.3857432
387.1362068
387.5906506
388.3940699
387.4780921
378.9588785
379.1946309
379.5387319
373.7537141
372.8264362
370.5952083
372.5727365
367.5649925
363.93188
368.3063717
364.6951948
361.4970276
359.5992653
361.5036748
367.131155
366.6935507
364.546077
362.4670689
364.5228119
368.6648749
370.8546688
374.0949346
374.0949346
376.3520864
377.0083821
376.1012672
376.1540013
375.304495
370.0144686
371.2643551
373.4069543
371.2687865
372.5835935
370.5978671
373.2101985
373.4452862
376.3667102
377.7207354
376.0518567
371.9490119
364.3377995
364.6892123
361.4061832
361.4061832
355.2165753
357.5896092
345.9690553
340.3398025
326.8558299
339.3815045
341.4124315
351.2034672
350.9260593
354.942491
350.6533044
352.0724717
340.4935733
335.2405494
336.6643697
344.8629689
345.6876591
343.6589478
344.3697501
349.0679583
352.7930231
356.7511815
355.0018723
351.9723213
351.9723213
349.7745507
355.6453167
354.4397447
345.7592268
338.9955265
340.4734103
342.8931958
346.5123493
341.3918253
338.9607397
339.9070728
332.5759271
321.9923292
319.4666324
327.2515571
330.1525965
323.6680766
327.4119751
325.7103038
314.9472327
313.3040563
321.3114391
330.5718103
324.7863494
324.7863494
332.442984
336.5580152
332.956809
338.0553974
333.4746223
336.9397834
331.1317222
330.799143
334.4247221
340.4118133
338.5193687
340.6280674
348.91596
350.4740528
342.3157797
338.1539968
341.7018043
348.3861819
346.3335409
347.7737575
348.4960815
338.9414629
337.5227388
342.3977612
340.8837612
340.9336149
339.3837202
331.7882394
331.375008
328.4327563
328.4808374
322.0614596
319.3354619
318.7013234
323.8149787
326.5757631
340.447708
337.4981443
336.3331199
337.709967
336.1060088
338.2588003
332.4963828
334.8146884
331.1474538
327.1210513
321.1804902
319.8736598
323.3292933
320.4869705
325.1437447
326.1166664
330.2121993
331.4782605
331.4782605
331.4782605
326.024271
329.0560377
332.4841964
332.4841964
339.5917761
340.009439
340.1344054
338.7216637
338.9738124
341.1702535
340.9896725
341.5540159
340.6192045
341.0740914
340.3821227
343.0959339
344.7590518
345.1742773
349.076378
345.3262755
349.4102867
347.0031308
346.9446359
345.9874457
346.2960952
348.0491712
348.9452075
350.0118541
349.3673018
348.1482138
348.3777622
347.6233102
344.5611882
344.8033661
343.727192
343.9857662
347.7245685
346.7822237
346.7822237
351.3497045
353.6050837
354.3196528
354.0242976
353.5237669
354.7978047
351.8429233
354.3715006
351.845139
348.5614452
342.0580917
342.8836682
346.1403303
347.3035822
344.9784078
348.5242211
344.182522
346.7106561
347.9771604
347.7230175
346.4104263
346.5389379
344.5879983
347.4203505
350.5079533
348.7613029
346.3867181
344.2250638
345.3785665
348.9188405
343.3675809
339.1590464
336.8496037
336.8496037
334.6708883
332.2544265
334.7324853
340.1173444
334.8665362
335.3741572
338.3449917
338.0090889
338.8315633
338.4781563
333.9598645
334.0174732
337.572814
338.0011123
340.8467587
342.5302612
343.4965357
340.2881763
334.2173309
329.9394444
329.6870742
325.2855506
324.2692009
325.8058012
324.7907808
319.2665531
315.3578052
314.945017
314.6713758
313.0151267
313.0151267
317.8852746
321.3433454
321.3896539
321.346669
320.9717695
322.4137587
317.4487781
319.9751396
315.2864591
314.4963341
318.9463818
322.4048959
321.6234122
318.8347097
316.1264377
319.0930624
319.3689192
318.516311
320.5104571
322.4893147
328.1376227
327.286787
317.1946353
318.1912652
315.3236831
315.5742808
317.7330547
318.5143169
323.0685033
323.0685033
330.2549627
332.1030929
328.9984291
324.3786573
323.6093601
320.0531329
321.2513931
317.7740455
320.2483377
320.3309839
321.95156
322.2409327
324.6505259
323.1779598
321.1193363
318.5943043
319.0881878
323.2060994
327.0022888
326.6389111
324.0190463
322.6967059
319.2517078
323.831375
323.831375
329.5275425
326.8183843
328.9095788
330.0513382
328.5165104
329.0988011
330.48296
334.2434764
335.8520875
335.4386346
336.4131073
336.4383665
334.555671
335.2035469
334.4533049
333.5590411
333.8266998
330.572475
332.0386155
332.0386155
331.6564042
333.2235814
337.3554521
341.2794884
339.795179
339.9635736
340.4142506
344.3850386
348.6815371
347.2530638
346.2717223
346.5329555
345.4488047
344.3752894
342.6525688
341.0455086
340.4346352
343.2829405
342.4578072
344.0927854
344.6985627
343.849278
346.2737165
345.4798248
345.4798248
341.4031255
339.6139333
340.406274
339.3664376
340.3477791
345.586844
346.9317847
347.1575663
346.0680979
345.7093732
340.3821227
339.6323238
342.7524977
342.6346215
343.0369958
345.0118652
346.0166932
348.2414955
344.7455359
344.0921207
344.5182032
340.6141084
339.322788
339.5815838
339.4625998
337.9222327
331.9482142
329.0673379
330.8773578
335.1960135
335.6203235
337.3277556
338.8636913
340.4264371
339.8215461
337.6244403
338.6859907
340.667064
341.7064573
339.5527795
338.7371738
339.2700539
338.9977422
339.0974495
341.031328
342.511206
344.2817861
342.3660765
342.5716951
342.327523
344.0819284
346.1587207
345.8332318
346.0357484
345.3987295
345.3987295
345.3987295
345.5006525
343.6020039
346.8978842
346.8978842
349.5543084
347.8883101
349.7823057
348.3553834
348.5853749
349.4116161
351.7088724
351.9131616
352.0465478
353.0631192
351.8599844
353.5388338
355.2276539
357.3589529
358.2532167
357.1579873
358.2434675
358.2962016
358.4238269
358.6263436
357.2986854
353.7267267
356.2415664
354.9568932
355.7257473
355.9925197
355.6506345
357.2288903
355.7984229
357.141591
356.6798354
355.1589667
353.9850794
353.9850794
357.6250607
355.1633981
353.0041811
354.619661
352.9337212
353.4302636
355.7450241
358.3582417
356.9399607
354.9533481
355.7580968
358.3817283
358.2312811
358.5902274
359.3156534
359.8361255
355.8338743
357.6148684
357.9713774
356.3645388
356.1826283
357.8402069
355.1545352
355.5724196
353.2428139
354.0732649
353.5891306
355.0911657
355.0911657
353.6358822
353.5851423
345.8835286
343.7254194
342.6078113
342.855307
347.014431
348.60864
346.9302337
342.8267242
333.4340746
336.7188764
332.0113622
333.1748356
335.0963062
335.665081
335.453923
340.7536986
342.0880039
338.9953049
341.8278786
345.7964509
341.8899187
343.7936635
345.4461459
346.1179515
346.8786075
350.4527819
348.996169
350.3162937
348.5946809
350.1401442
347.179502
347.9767172
351.4724553
351.4724553
355.2123655
355.5766295
352.5685709
352.9547706
353.419185
355.5236738
355.3271397
355.8673317
352.849524
351.4675807
351.1948259
346.6300039
345.5673456
344.6407324
345.054407
340.6765916
337.7281359
342.5335847
339.739343
342.6676357
345.3386836
342.6009426
334.5406041
335.4082793
331.2611201
335.7548175
335.1264399
336.311849
339.1446443
339.1446443
340.5988199
339.5977586
340.1601078
339.1085281
341.5504707
344.2899843
344.4344491
349.5492122
348.5776199
350.6918579
350.1631876
352.0020119
354.0553176
355.6154046
357.9439025
356.9851613
355.0634692
354.9309693
354.3136703
354.8726959
351.9011967
348.8288823
352.3676053
352.8885206
352.8885206
349.0491247
347.2149534
351.2918743
350.7277525
352.0480988
353.5368396
353.5394985
355.1317133
356.1906049
352.079562
354.231024
351.5152187
354.6845815
357.0062107
356.8752617
352.0545244
352.7524755
355.4071271
353.9684615
353.9684615
356.1810773
356.6993337
359.5157327
358.697025
359.7109374
358.7601729
358.8275307
355.5245601
355.948427
358.6340986
359.2895079
361.4272325
361.1573581
357.9598556
358.1342326
358.9126143
358.6223553
359.1698591
359.2230364
357.5461811
359.430206
359.1011719
356.2360271
356.9463863
357.7254327
355.0519475
356.1961442
361.1797368
361.299164
361.299164
362.3106392
363.0690794
364.9601946
367.6086422
368.9425043
370.4252627
370.7175159
373.0442412
375.0601013
374.1793535
376.5572619
377.0422825
374.0023176
373.5283756
374.1751436
374.4447965
375.1392025
372.7832297
375.5355944
374.8795203
374.0402064
375.4877349
376.9713796
378.282863
377.7490965
377.4583944
377.3174747
378.5370058
378.6059146
378.4304298
374.7543323
375.0521248
375.2191899
375.6864848
377.0161371
373.9653152
373.2414401
370.1465254
372.4502073
373.420027
373.4645629
367.8226805
367.4362593
367.5353019
369.432178
369.3200627
374.0455241
375.9898166
376.3399
377.769038
379.6375529
379.6375529
379.6375529
381.685984
381.292251
382.3699761
382.3699761
381.5144875
379.9639281
378.0163121
381.067134
381.7524556
382.5855655
385.8643848
383.6965264
384.036196
386.351178
387.9699815
389.5710592
392.6639797
391.3414177
392.7904972
391.1451051
384.8994396
381.0210471
384.1294777
382.7468697
385.2391092
383.8042103
378.0781306
378.4014039
379.9745636
384.1456524
386.2133603
386.5898108
388.7718497
389.8653065
392.3701756
393.6003421
393.6003421
394.2174195
395.8727823
398.293011
398.0435211
