100
100.6805957
99.73192126
100.0077162
99.39463758
96.99356358
92.84530585
95.51608623
99.13843461
102.1401087
102.2476536
101.5591609
99.34074453
97.57595815
98.11054827
96.95178742
98.09951647
98.35385067
98.32479424
98.24516033
95.88598304
98.41624363
99.09436769
99.44485336
100.3168477
98.86969276
98.2548659
97.69760935
96.89198663
96.97113828
96.4158108
94.1779833
93.26475533
90.07584211
92.11401213
93.0180168
93.21670974
92.79056884
94.76001618
96.54240521
95.51463944
94.94550713
93.77209751
91.34027915
90.10893751
87.59784693
84.89228323
80.89666219
77.09581569
84.01564707
87.15410338
92.79581346
91.18022764
91.87016718
90.81919244
90.59499976
91.00540679
91.81277772
92.17321009
95.66649245
94.80408309
94.09599835
93.42661533
94.24037626
93.58347183
93.05225757
94.4895864
96.43088156
96.59340467
96.81542716
96.39199899
96.08738873
95.67089311
95.15806518
95.15806518
94.79250875
94.95135459
93.49328839
94.26376609
95.88845465
97.35839662
98.45006242
98.24178447
98.30279092
97.50735604
97.50735604
94.77562949
99.11004129
98.69993568
99.38547456
99.33911689
99.48843801
101.2679335
101.7501376
103.572856
102.579331
100.8845935
102.3011247
104.7562123
103.5797283
102.1958102
102.7521022
103.6465822
102.9597171
103.0386276
104.4030139
104.0303441
103.2525721
103.8078996
104.212218
105.1672825
105.6986776
104.3176531
103.1899983
104.3511102
102.4381481
103.6743726
102.290334
102.290334
102.1129813
100.0714354
100.9732096
102.3186671
102.7936372
101.6204687
101.6728547
101.9077778
103.0908327
103.0908327
105.0298371
105.8517965
102.3492909
104.5409415
106.8707007
107.0423868
108.8279709
109.3872167
108.6700293
107.6013313
107.6605895
107.4678043
107.110145
105.7743328
105.9569905
104.7838822
103.4248611
103.3018234
103.0012521
102.8528352
102.3096246
101.2945786
101.1175272
101.5638027
101.3157982
100.8202715
100.0066914
99.54793739
97.5412954
97.76928591
96.26697194
94.18431302
94.18431302
95.23986928
97.47962584
99.50332793
98.44704827
97.21395842
95.64400687
94.87087671
94.61738648
93.99707386
94.99319103
96.61721648
96.94521657
96.77160138
97.15620726
96.19818898
95.96802828
95.5738374
95.24933372
95.24933372
94.94502487
95.16861471
95.49739848
96.10047015
96.10047015
96.10047015
95.53953634
94.86882709
94.53069945
93.5224051
91.55404285
91.6040175
93.3683819
94.53082001
94.18551868
93.4231792
93.00282547
93.88512823
94.21174181
93.29815214
92.65957376
93.7518424
93.7518424
94.6973218
95.74534268
97.48933141
96.83387377
95.87302219
95.83685236
97.68609529
97.89178107
96.67780095
95.54490153
97.7017086
96.7949912
96.28764903
96.28764903
95.29828356
94.64987904
92.70273643
93.0379102
91.57447881
90.47111809
89.56892192
89.15007526
90.70929643
91.15774206
90.64593894
91.3528783
91.62131874
92.67802038
92.59103193
91.30501356
92.21854295
90.93107778
90.68482151
90.9669462
91.10728515
92.6982152
95.85529897
93.83840886
93.68336085
93.0631688
93.0631688
93.40310494
94.89728069
95.70844945
95.58878759
97.14873216
97.2353589
97.41795627
97.20618191
97.29781215
97.04884314
97.04884314
95.71924012
95.73322579
95.9103374
95.33306688
95.33306688
95.30991819
96.48115763
96.48959725
96.9639646
96.95034063
96.84611123
95.73485343
95.57046155
96.21494767
95.12195563
95.29436516
95.935596
95.96736517
95.57419909
94.75338504
94.67863406
94.53546181
94.09220052
92.40572183
92.84205056
92.31041432
92.57710655
93.8496818
94.28516657
93.63941451
92.75494155
93.04152719
92.84470302
92.38968653
91.0747323
90.95253855
90.93722665
90.11104741
89.86117416
89.53769529
90.65727216
92.48704366
91.60299269
90.96079733
90.96429374
91.62590025
91.37114407
91.35601302
92.11051572
91.78360072
91.08485985
90.11659345
89.52756774
88.56454597
89.68303774
89.75802985
89.90596447
89.43641977
88.81900074
88.73008323
88.45609676
88.67546679
88.36729982
88.82575244
88.37796992
87.44430599
87.42670334
87.8345182
87.78508609
87.12800082
87.36569689
86.19367378
86.09794429
86.09794429
85.99859782
86.1783016
86.83791876
87.19226255
88.20664548
89.34165481
89.92181891
89.95376893
90.68476123
92.09448042
93.06443475
92.52936237
91.75894495
92.66276876
93.36404152
92.51405047
92.1671215
92.1671215
93.13267516
93.22050757
93.10590949
93.87120285
94.25665269
94.83597283
94.69225803
94.24972014
95.13117894
94.60430505
93.79747667
93.39309795
93.64254923
93.64254923
92.56378399
91.92906373
91.71457662
91.17341566
90.29497101
90.04588143
90.37134964
90.74118617
89.68918661
88.79127053
89.64946007
89.64946007
90.88435842
91.15912857
91.33750613
92.86128086
94.64885423
94.26316326
93.51559312
94.25393995
94.0239601
94.0990125
94.70250615
94.19239095
93.7486474
93.86288378
94.54149011
95.6737867
96.96559224
97.48161518
97.69845332
98.37814474
98.56194777
98.52167869
98.84184198
98.25986939
97.88165352
96.97198225
96.22718513
95.59258543
94.96612394
95.67481151
96.29108516
95.98973018
96.06918324
95.81762206
95.32426556
95.28013836
94.30065932
94.12559733
94.10064015
94.18491585
95.45676771
95.5368236
95.06818315
94.59713137
93.97217696
94.16086292
93.3659103
92.46721054
92.30119101
92.30119101
93.02320114
92.86357161
93.32937877
93.28748204
93.34233962
92.59489005
91.48146206
91.40857985
91.38320068
91.10981703
91.05067936
90.71954455
90.60000326
90.5340536
90.86567067
91.34142452
91.33358773
91.24454966
91.24454966
91.3333466
91.68612302
91.76648033
91.97662705
91.97662705
91.97662705
92.34989972
93.12049799
93.54314247
93.12495893
93.29477629
93.16673509
92.92572344
92.96273724
93.2677092
94.03233945
94.95714176
95.85710746
96.79022884
96.64687574
95.98460612
96.07762287
95.9138941
95.62031563
95.25210674
95.23142965
95.27748591
94.40808372
94.00310217
93.7020486
94.31639319
93.9962299
93.72784975
92.94857072
92.03528247
92.48216074
92.48216074
91.95787903
91.48423508
91.43202995
90.75541297
90.51608925
90.72551257
91.2145287
90.74510456
89.92302457
89.07152645
88.44500467
88.41456173
89.35365113
89.18636566
89.23561692
89.07050163
88.35940274
87.7722458
86.94576515
86.75611466
85.7692208
85.80376299
85.82124507
85.05040567
84.40887342
84.99313677
85.79743327
85.08084862
84.34605848
83.3745368
83.20821586
82.66615064
82.57717286
83.06166775
83.23986446
82.55607379
82.48807451
82.48807451
83.34331018
83.45224166
83.03737368
83.03737368
83.03737368
83.3094311
85.21443586
87.07091276
88.15618857
89.74597324
88.92540032
88.70199133
89.4608344
90.97158799
92.08218268
91.67177566
92.99173338
94.60328024
92.01683585
90.03117237
91.25208504
89.56645031
87.96020836
88.69053755
89.00937462
90.13968186
90.65835725
91.57315258
91.54530181
91.51714962
91.35553076
94.41429287
94.29866998
93.15901886
93.92732637
94.80275686
94.31560951
93.77963289
94.27136175
93.82183103
93.70753436
94.13361498
94.20438728
96.11035657
95.73847041
94.93640439
93.86005048
92.91999655
92.91517391
92.98377602
93.35499906
94.57380183
94.74054475
94.83729905
94.09925364
93.20001133
93.47845876
92.43152297
91.50521358
90.67324716
90.47310743
91.22308889
91.33015159
91.22284776
91.21965276
92.08537768
92.08537768
91.53173812
91.51280924
92.36955199
94.13265045
93.56369899
93.85100802
94.20776313
94.09214024
95.08687089
94.17725991
93.1997702
92.68875076
93.98351017
93.49949754
94.06356607
93.43861166
94.17647623
94.45124638
94.39017965
94.09955505
93.95403176
94.86147256
95.18483085
95.18483085
95.98370187
96.0686407
96.45595931
96.54915691
96.75478241
97.0753074
96.89301145
96.00817679
95.75227523
95.77620761
96.55693343
97.23493692
97.7159354
97.7159354
99.22084154
100.2446889
100.1924235
100.7643891
101.3263477
101.3263477
103.2601678
105.8519171
105.4946194
105.0712516
103.5433776
103.2356929
103.4424035
104.5856113
106.3764399
108.4013477
108.1021629
106.7107697
105.8630695
105.7511238
106.4315989
106.2954195
105.2926109
106.0249897
105.358862
105.5816682
105.8824203
105.6552738
106.8374244
107.9820188
109.0209369
109.6429374
108.9331045
108.6757561
108.9465476
108.6419374
107.9128741
107.433021
105.298157
106.2609376
105.3024371
104.147474
102.2363204
103.3760921
104.8114316
105.8309386
106.96426
106.0562164
106.4992365
106.9176612
106.5049031
106.8596086
107.2810474
105.9811037
106.6252884
106.5360092
105.9983446
104.8116124
104.0390248
103.5226402
104.4449106
104.4449106
103.6739507
104.6944825
105.6077707
105.0837301
103.5433776
103.0155392
102.6674045
102.4328432
101.4954417
100.4486868
100.4014249
102.097368
104.4763784
104.0486701
103.5301153
102.7979173
103.3012206
102.7704283
102.7704283
102.3187876
101.1815478
101.9958513
102.5841536
102.5841536
102.5841536
102.5915082
102.0072448
101.7395881
100.8454095
101.2954828
101.3530531
101.2280864
101.0891942
100.5369412
100.4929948
99.67742538
98.25558929
97.27785846
98.14900886
97.76175052
97.45870762
96.63692904
96.22007172
95.94301081
94.66410584
94.5397419
95.2070753
96.04796361
94.69599558
93.68577217
89.20764558
89.01486038
90.96513771
91.55241521
92.57596117
93.39695607
92.58434051
92.82764291
91.99242121
89.86424859
90.10857581
89.78479553
88.34324688
88.02754453
88.0603988
88.51842943
87.9518893
87.9956548
88.47882347
89.09455457
88.5544787
88.39454776
88.98652734
88.93733637
88.7344839
89.06977824
89.2993361
88.95692836
89.71384238
89.31585366
89.31585366
88.37748766
87.37859747
87.37859747
86.85612425
86.24093569
85.54243595
86.06062908
85.35772868
84.00256565
83.60831448
83.54140029
83.83702838
83.83702838
83.79633732
85.14679828
87.36021114
87.54075888
87.54075888
88.21520568
88.04930671
86.64549526
84.69883491
82.46866336
79.34750829
78.67420687
77.9466507
77.44250353
76.4345106
77.57723615
78.47051043
78.40793663
77.58941333
76.37416726
76.18873659
75.57143813
74.24032804
74.69775584
75.06777322
77.36311075
79.79752128
79.39688011
78.32106875
77.6254626
77.6670579
77.42273069
77.02769584
76.66864998
76.56580709
77.34002234
77.53763019
79.52522273
80.96719336
81.65405847
82.05922087
82.55197454
81.4597059
81.30351251
83.22569794
84.10637306
85.35417198
85.64750932
85.58366956
85.11906807
86.87595737
86.98440658
88.23998201
89.10998703
89.03601973
90.37153048
90.96525827
91.00257348
89.2364006
88.67347745
90.97894253
90.14143007
90.10405458
89.36757652
89.93279042
90.11267505
90.26507061
90.61103505
90.82106121
91.49930584
91.33780754
91.28560242
90.28749591
89.61769091
89.84996151
89.84996151
88.58733296
88.04134935
87.58253504
86.54229067
85.95230043
84.72722823
84.42973136
84.71740209
84.31935309
83.6711897
82.40319597
83.22961634
83.61476477
84.13253591
84.13253591
84.02909019
83.09524542
83.24197437
82.86496415
82.23096728
81.13056043
80.62153033
79.52238943
79.34310763
78.51596386
77.82843564
77.75000738
78.52126877
78.52126877
79.21096718
79.0721353
77.62932071
76.98664308
76.58600191
76.69897235
75.95248731
75.26550164
76.02235537
76.15787167
76.48551006
76.62331712
77.8723217
76.59703371
76.59703371
74.82621903
72.82427912
72.12017306
73.22606567
72.54812245
72.33484101
71.54344509
71.85414395
71.67166715
70.69550367
71.62898674
71.62898674
72.46396731
72.71938661
71.98863544
71.28133438
70.89172501
70.57855455
71.72236519
72.28763938
72.37245764
72.87768991
74.04265991
75.66270667
77.25279276
80.21980407
80.04052227
78.70657887
77.71606803
77.48241091
77.12300335
77.10136173
76.56297379
76.07739379
75.68398659
76.25378201
76.11458844
75.22523256
74.79420873
74.41038653
73.84161592
73.08078351
71.22912925
70.7071383
70.13595637
69.95191221
68.40866605
68.08765879
67.46023278
64.62801438
62.80891297
62.15200854
62.65965213
60.7118464
57.5755
57.2535885
54.85727686
56.82612137
56.18621676
54.12972069
52.37548385
52.82995778
52.53752469
52.11307172
49.05509329
49.05509329
48.72034149
52.01131392
51.81310324
51.40558981
51.40558981
51.61061247
53.81450061
57.69648809
56.45911814
56.69289582
57.92188643
57.81494429
57.47151174
56.3208891
57.40266849
56.55689726
56.1348556
54.79319597
53.22848905
54.35439563
54.35439563
54.78089823
55.44202247
55.72746273
56.22720924
56.81303995
57.85822752
56.68288884
57.98795665
58.78128163
58.5217028
59.34794233
58.97955259
59.1851178
61.42342756
62.42388511
64.82923921
66.99641497
67.12246683
68.58505426
67.47030005
66.95023815
68.84475366
68.4312722
67.96558561
67.76436078
67.77834645
67.60436956
69.23014321
71.07016284
71.38140425
71.17065469
71.28935202
71.85607301
72.54402321
72.17708026
71.29550089
68.77374022
66.97109608
66.29242947
66.49847695
66.49847695
65.031308
64.94281248
64.08275416
63.05884651
64.05020132
64.08076482
64.96855335
65.54690896
66.73822265
66.59324191
66.7106733
66.59981276
66.59981276
65.23090519
65.42435351
65.51941988
65.51941988
65.51941988
66.0209146
66.0006595
66.24992992
65.51128167
65.27690116
63.21286971
61.68975809
58.70665121
57.29880079
58.84686959
59.06400915
58.95616277
60.14096589
60.4194736
60.75983171
63.4234987
64.52493036
65.0647651
65.21541245
65.92470285
66.49564365
66.2574653
66.32456034
66.30207476
66.54995868
67.39265547
68.52983499
69.40291444
70.64534817
70.45539627
70.40614501
70.83511922
70.76265899
71.54495217
72.66959281
72.15706629
71.57002992
72.28902589
71.64713194
70.7451769
70.65577714
69.98633383
71.31406808
73.15595648
73.16493865
73.32040865
73.27869277
73.95573174
73.72804265
74.67629508
74.94365042
75.01321706
74.92297333
75.26580305
76.1300209
76.10283324
75.59995201
75.65456846
76.30719279
76.42040437
76.52475433
76.73031954
77.81511308
78.41963154
78.41963154
79.02710386
79.1913149
80.21691048
81.84177989
82.01310433
82.0053881
82.78882666
83.51089707
83.76740146
85.21455643
87.09315721
88.93390024
87.19642208
85.54243595
84.11113543
82.5435952
81.12404986
83.06190889
82.2522472
83.32986706
83.74437333
82.81631573
82.42779145
82.55239652
84.37855105
86.66659433
86.11018175
86.70812935
88.59336127
87.33995603
86.49472734
85.92523334
85.09634136
84.54879039
84.54879039
82.46239392
81.55893181
83.09687306
82.21065189
81.88120501
81.56297077
82.01226037
82.46438327
82.46438327
83.54821228
84.32688847
84.82880517
84.64421846
85.22866266
85.92053126
85.52326594
84.95359109
87.14542262
88.02549491
88.75124258
90.08385976
89.89830852
88.83509631
88.96138931
88.64677205
88.71477134
88.71477134
91.1568981
93.56424154
94.6973218
95.15679924
95.47967527
96.14815404
95.59210316
95.96465243
95.19061803
95.60464204
95.23546862
95.4158958
95.11616846
93.88392257
93.92931571
94.62841828
94.52449029
92.49150461
90.51337651
90.05004096
90.72599484
90.0015131
89.91060626
90.35778595
90.28014138
91.26697495
90.80382026
90.49432706
89.35262632
88.49473819
88.21520568
88.18012094
88.40618239
88.01410141
88.04514718
86.79819223
86.10113929
86.37705482
86.85853557
87.11823496
88.59812363
89.33870094
88.90321616
89.35371142
89.04687068
90.59915929
90.51205028
91.73531399
91.73531399
92.01743868
92.15379895
93.42378203
93.25016683
92.77501581
93.14672111
92.21661389
91.40532456
90.85909982
91.44541279
90.62905969
90.58203891
89.77496939
89.73271097
89.51520972
88.66799169
87.88654247
87.40023908
87.36153736
87.75277438
88.09295165
87.78315704
87.62220128
86.87432973
86.43414287
86.43414287
85.02297689
84.98988149
82.95822204
81.75231984
81.7588907
83.45537637
84.42762145
85.13727355
84.35564349
83.6505729
83.3702567
84.64524328
86.89886493
86.89886493
88.15166734
88.85263868
88.38339539
89.88757813
89.59623014
90.78621761
90.98171555
90.9459677
90.81286272
91.61679751
92.146143
91.82429178
92.62973365
93.19820284
92.26604599
92.5986276
91.96776545
92.76742014
93.49160046
94.40223626
94.73102003
95.73720447
96.43932119
97.463048
97.36141077
96.88041229
96.88041229
97.00067698
96.76720071
97.00067698
97.35948171
96.82706179
97.14770735
98.47465791
98.76739241
99.0143118
98.78927516
99.02275143
99.39120145
98.67913802
98.25432335
98.84720718
100.0849388
100.0849388
101.051457
100.0940416
100.217019
99.69074794
99.56560032
100.6911452
100.6053624
101.817534
105.3062349
106.980235
107.9931711
107.0318373
106.8041482
106.9344802
107.0225537
105.4768962
104.3198836
103.9659015
103.3012206
103.4548821
102.4387509
101.9882557
102.6439544
104.4605842
106.8954167
107.1136414
108.7148196
108.5912996
107.8358324
108.2881361
106.7531487
105.2639162
103.8195342
103.0259681
100.5745578
100.1271972
97.68862718
97.46256573
96.36999568
95.11116496
94.96943951
96.39145644
98.37470861
98.50431717
99.7236022
99.17538812
97.64106385
99.09533222
97.88762154
97.94941167
96.731694
96.24659627
96.16298367
97.29702847
97.80816847
97.31806725
96.79824649
96.06182871
96.19619964
97.06367277
98.04851701
96.56290145
95.75209438
95.4795547
96.0753924
95.01742482
93.50275283
94.81065394
95.16168216
96.07695976
95.90690126
95.43271477
94.54528795
93.29248554
91.81844432
90.72732106
91.70903058
91.541082
92.41229268
92.41229268
91.36710511
92.99468725
93.09132099
92.46606516
91.26474448
91.26474448
91.5933474
90.02417953
89.92513448
91.18981265
90.52356434
90.65558423
90.220642
90.96929724
94.52605765
98.06117645
98.05376163
97.43308732
96.83893755
96.67502793
94.99716971
94.404949
94.63408488
93.26439363
92.62274082
92.33042829
93.24661013
94.20571351
94.47668583
94.95798573
93.86414973
93.84727047
93.32763056
93.42239552
94.15471404
93.37061237
93.34722255
93.4220941
92.80413252
92.67078641
92.67078641
91.86178784
91.92472335
91.74104088
91.67129339
91.67129339
92.6366662
92.39933182
92.40837428
93.34113396
93.46242346
93.24630872
93.53687303
92.94218072
92.99028659
93.53150784
93.61771261
94.08876438
93.17565698
92.87574879
93.05135332
92.7629592
92.66023688
93.27325524
93.69372954
93.97446772
93.52379161
93.31255979
92.98021932
91.96812714
92.2279471
94.11492723
94.69159491
95.29659564
95.46689526
95.15209716
95.01808793
95.45935988
95.45122167
95.06233569
94.83024594
94.83024594
94.72270097
94.76363316
95.23396154
94.98854923
94.90499692
94.55921333
94.13783479
93.59619156
93.56092597
94.84899397
94.74982834
94.65307404
95.36658426
95.36658426
95.04503445
94.45323572
94.61997865
94.46462922
94.2964395
93.7980795
94.00485037
94.50978123
95.31480112
95.31480112
95.31480112
94.75344533
94.18455416
93.90327343
93.34957359
92.05758719
91.58008513
92.23903918
92.4929514
92.0248535
91.41117202
90.79375299
90.87748615
90.98328291
90.98328291
90.40860456
88.96048506
86.6360911
87.2205353
87.27485033
85.71918587
84.38994455
85.062402
85.61212316
86.17667395
86.94238929
87.67211565
87.38396266
88.9742296
88.02929274
89.78407213
89.78407213
90.66028631
92.53659633
93.80061139
94.0428287
93.7450907
93.1862668
92.62846771
91.94503873
92.13366441
91.93436863
91.49050451
91.83785547
91.5005115
91.82380952
91.08980306
91.13501535
91.97451715
91.94208487
91.11747298
91.08853712
90.61308468
90.47274573
90.84390849
91.70915115
91.19728774
90.89725899
90.89725899
91.21151455
92.10352288
91.76967533
91.4855613
90.77241279
90.10815383
90.12099412
89.12481666
89.27021939
89.07170729
89.07170729
88.52662793
88.8561351
89.93640741
89.98686432
89.98686432
90.21877323
90.67125782
91.27873015
91.92484391
91.63084346
91.39224314
91.63632922
92.21775927
92.49873858
92.56619531
92.91047183
93.9197307
95.17572811
95.82383122
95.81967169
96.32110612
95.52536982
95.37303455
94.92802505
94.81077451
94.90065654
95.63797856
95.59204288
95.27338666
94.90807136
94.071644
92.92976241
93.10060458
92.74300551
91.6022693
91.89422012
91.13169978
91.51027736
90.8943654
91.12036657
91.21929106
90.6308079
90.38780691
89.75851212
90.04238501
90.0669805
90.23836522
89.60497118
89.90379428
90.14299743
91.09872495
92.10955119
93.05099163
92.74439202
92.04245615
91.42799099
91.11873893
91.06912597
91.1775149
91.1988551
90.75770372
90.11858279
89.29716591
89.66272235
89.46806837
89.5970741
89.32278621
89.71962955
90.6585381
90.93499618
89.75658306
89.67749169
90.30154186
89.92929401
89.82771706
89.49519574
89.61473704
89.67411584
89.67411584
89.58941815
90.25849976
91.46572818
92.78448025
92.49132376
92.38046323
92.25061353
92.41199126
93.1033776
95.28013836
95.78916846
95.78916846
96.18185227
95.73871155
96.56615673
96.81392008
97.85404388
98.07498127
99.20649417
99.59501845
99.70768748
99.18262208
99.37396049
99.75404514
100.3399964
100.3399964
100.601444
100.5457425
101.1363355
102.3130607
102.7147267
103.485325
103.7260352
105.012355
105.1809667
104.278228
103.3724751
103.0371808
103.1729382
103.5647178
103.5647178
102.7983393
103.4472864
103.9177353
103.7708858
102.4625024
101.948288
101.0781021
101.0935949
101.6894326
101.6746029
100.6670923
99.97679102
100.2762772
100.8478811
100.8478811
100.4415734
101.1706366
102.5373137
102.4620202
102.1974981
102.0432941
101.2933729
100.0340599
99.73282551
98.95161742
99.75440684
98.87885578
98.77836393
99.86165039
100.0869282
99.86213266
100.8869446
101.0407266
101.4258751
101.7497156
102.1546972
101.170516
101.5410157
101.4756689
101.5777281
101.7883571
102.435797
103.3137594
104.4119358
105.1174284
105.8513143
105.8513143
106.7677372
105.5394097
106.1026946
106.1599635
105.9886993
104.9911957
104.776166
104.2110124
105.225335
105.4386768
104.6386604
104.9032427
104.9032427
104.2115549
104.3480358
104.2914903
103.9212318
103.4147938
100.918352
101.2802312
99.47927499
96.82597669
98.25408222
98.25408222
98.25408222
95.13588102
93.34469066
93.43324647
93.00318717
92.08218268
91.0573105
90.62701006
90.51295453
90.0854874
89.73265069
88.97736432
88.01584962
86.3927887
86.86154972
89.356605
91.12567148
90.59210618
90.59210618
91.61836487
92.7554841
92.8668269
92.51694406
93.49033452
94.07664749
94.4732497
93.82261471
94.90463522
93.42516854
93.4185374
93.29887554
93.29887554
92.37654483
93.11591647
94.21342974
95.81623555
96.74598108
96.80409394
97.09019731
98.2875996
98.9182809
98.60498987
99.58386608
101.2289906
100.3799038
100.4294565
100.6253161
100.7159215
100.3214895
99.31289376
97.52863596
97.58903958
98.43034986
97.42856609
97.91607514
98.92274184
98.3295566
98.45609073
98.23467107
97.89805051
96.92236929
97.18224953
97.91505033
97.94428761
98.39008079
98.37826531
97.24259287
97.98383329
98.24443693
98.24443693
97.68838605
97.967798
97.51784529
97.51784529
97.51784529
97.54889106
98.17848727
98.83834557
97.76970789
96.02722624
94.52539454
94.55197936
94.83850472
93.70427907
93.56074512
93.27108505
93.86885181
93.74032834
93.9055039
94.07315107
94.17611453
95.34078311
94.98722301
94.72915126
94.98493225
94.5870641
95.04581813
95.32583292
94.87606106
93.79048384
93.5718372
93.50166773
93.15431678
92.47824234
92.803168
93.93890071
94.37703794
94.58941514
94.6585598
93.95240412
93.21990474
93.39725748
93.29531884
93.7411723
93.91346127
93.9631345
94.63143243
95.85421388
97.57149721
97.62315978
98.24250787
98.86390558
98.88102597
98.06479343
97.51585595
97.81118263
97.53876351
97.9951665
97.85295878
97.43694543
97.06102031
97.89371013
97.72075805
97.10520779
96.79288129
95.05570456
95.34488236
95.34488236
94.47885602
93.6376663
94.00611632
94.27684751
93.96012035
93.58895759
94.16598698
94.24182306
93.60987581
93.22840465
92.75150542
93.81972112
93.97398545
93.83129546
94.11583148
93.84654708
93.56990815
93.56990815
92.82360395
92.73926796
92.43731015
93.29387205
93.29387205
93.86384831
93.21526295
92.93289713
92.82486989
93.37199888
93.62368063
93.28874799
92.45129581
92.43104071
91.99844952
92.8497668
92.79521063
92.88955361
92.89829465
92.0501121
91.19584095
91.34461953
91.34461953
90.37382124
89.28131147
89.11896921
88.78216779
88.4040122
87.37076067
87.02256576
86.56513795
87.01846651
87.13981629
85.95392807
85.38226388
85.62725421
86.26655599
87.41669636
87.36593803
86.64097403
85.91998872
85.07976352
85.75053305
85.70948029
84.21500313
84.42840513
84.17111706
83.85324452
83.19646066
81.63434591
82.05283086
83.04671756
82.50049281
81.98989535
80.89835011
80.3840151
80.5039181
78.95416137
78.56804841
78.57281078
79.80517723
79.92839579
78.63707251
78.32456516
79.55572596
79.08889399
80.33156885
82.03516793
83.63339223
84.37595888
83.52006009
83.28405194
81.84732593
83.24535022
85.05987011
86.86022349
85.69193793
85.00374659
84.86901397
85.56968389
85.55678332
85.75975636
85.98943479
84.81940102
84.71318228
85.13148638
84.77919222
84.5853822
83.84197159
82.95701637
83.37037727
83.51487575
82.82336885
82.02299075
82.16869489
81.00366461
81.53126189
82.29088864
82.53949595
83.00078187
82.0523486
81.44403231
80.78345061
80.92065484
80.92065484
80.92065484
79.74845088
77.78714175
76.57292049
77.49012714
78.1095958
77.1808148
76.23467228
77.37552906
76.56906238
76.82333629
77.59809409
75.70297575
75.35224895
73.82111969
74.36656075
74.92731371
74.57610464
74.2845758
73.35754301
74.19511575
75.30209345
75.01894395
74.72036199
74.99603639
75.62750137
76.001618
76.52101678
76.33058262
77.29083137
78.15101025
78.15101025
78.61175363
79.42346494
79.56585351
78.59409069
78.10634051
77.63908657
77.81571591
78.59222192
80.00622121
80.64323223
80.36454368
79.78932279
79.38584831
79.8447832
79.94183891
79.06200775
78.45634392
78.71423482
79.11113844
79.53733962
79.54843171
79.54788916
79.46108156
80.21727218
80.78260665
80.05468879
80.10822014
80.58300946
80.83300328
80.97478902
80.90606634
81.19735406
82.63829987
83.82448951
83.88163784
84.11216024
83.19007066
83.19007066
83.17415593
83.14497893
83.2197902
83.2197902
83.2197902
83.1781949
83.6174775
84.53124802
83.98128573
83.16879074
84.1994501
84.95015496
85.08892655
85.40221757
84.92555947
84.37885246
84.0667671
84.38705096
83.47846478
83.13581591
83.10422759
82.40964625
81.405632
81.73103992
81.47543978
82.00707602
82.959066
83.10362476
83.2699457
83.86536142
83.9344458
84.45673817
84.16472706
84.42659664
84.54053161
84.16774121
84.25515164
84.27817977
84.27588901
83.87820171
84.05193747
84.2997611
83.76565325
83.53790387
83.5068581
84.10999005
84.79167081
84.60039268
84.90548522
85.03527463
85.76469957
86.55085087
85.41300824
84.94171533
85.57908805
85.61664439
85.72364681
85.28774005
85.48118837
85.62767619
86.29928968
86.25986457
85.19237226
85.07349408
84.50815961
84.26744938
84.6113642
84.57796739
84.64687092
85.12099713
85.37955114
85.60754165
86.17257471
86.15225932
86.82031611
87.86074132
88.7038601
89.5440853
89.98186083
90.48667112
91.26679411
91.26679411
91.55772012
91.12651544
92.8625468
93.60402835
93.70283228
94.09473241
95.96700347
97.85705803
97.85705803
98.97434414
99.28401818
98.60607496
98.58491561
98.42872222
100.1005521
100.4718355
101.9219443
101.7917329
102.1053253
100.4814205
98.1403281
96.67189321
96.67189321
98.86016803
98.80006583
98.73592466
98.99707085
100.2949047
101.044645
101.4024852
102.3875706
102.3729218
102.8334843
103.7001135
104.9734122
105.410826
105.8523994
105.8884486
106.8657575
106.9171186
106.9171186
107.2572959
105.3970815
104.5384096
103.7396592
102.2859937
101.264437
101.8232007
100.8363671
101.8793242
101.8626258
104.3098766
104.7668824
104.4245952
104.4342405
104.9899297
105.00277
103.9083915
102.8514487
104.3670852
104.2629161
104.1928672
103.7114467
102.9067885
103.6122811
103.4267902
104.9315757
106.3186285
106.715291
108.5746012
108.5249882
108.845031
109.1023793
110.4504289
111.6823734
110.5726227
109.576385
110.746479
111.0236605
111.5829064
112.6986854
113.7228342
115.1720991
117.6133216
117.6133216
117.7237601
117.1489009
117.0978412
116.3724552
114.5047657
113.2824665
112.3841887
113.7515892
114.1058727
114.1840598
114.0480613
113.5117229
113.5777932
112.4310889
112.8947862
113.934066
114.4696809
114.5377405
115.596974
113.9870548
113.339012
114.1193761
114.3775684
114.3775684
114.3775684
113.4976167
115.4305928
115.5302407
116.4904894
118.2373718
119.513986
119.0685545
121.3175946
121.394335
122.2801341
122.329506
120.7128953
122.4904617
123.5182878
125.3280453
126.2532696
129.4815477
129.1041155
129.8786321
129.5417704
130.7801049
131.3872155
131.2225222
129.2739931
128.4269559
129.2021357
128.5973761
128.2077065
126.4608242
125.1795681
124.5383373
121.2644853
118.6557361
118.2016239
117.0887987
113.5231767
115.8573968
118.2813784
120.1553374
121.2509216
119.0550511
117.8892371
116.8592409
116.0111789
116.7946777
117.2781478
117.3724305
117.5331451
118.3765653
120.1163342
122.2880312
121.6147901
121.0267892
121.6100277
122.2528862
122.2528862
120.29007
119.675424
120.2681872
120.9385951
121.0699519
119.3696683
119.2886479
120.2818112
119.7258809
120.2935061
121.8919113
122.1130295
122.1130295
122.2622301
122.6552153
123.0443424
123.0443424
123.0443424
122.8596954
122.6488856
121.3198854
120.6570732
120.9905591
122.391055
122.5947514
122.266269
123.9214005
122.9220884
121.6124993
121.2693682
120.768416
120.1313447
120.7458702
120.4465045
119.64902
119.8900317
119.6239423
118.6947996
118.5135284
118.8278443
119.0754268
118.5813469
119.6963422
120.1100648
120.5485034
120.3728386
120.6798602
121.2046845
121.9674459
123.2668472
125.5794256
127.8360614
127.1538984
127.6799886
129.9803899
129.2378836
129.3127551
129.7499278
130.1570796
130.9572768
132.7872292
133.476807
132.2352775
131.0278683
127.5265682
129.2789363
129.8018918
128.6225744
127.3495772
125.1135582
126.4144062
126.7994341
125.4062927
125.0732891
122.3904521
122.8637344
122.3229954
123.6447013
122.7698737
124.0363
124.2038869
124.7202113
126.2095644
126.9788967
128.6188369
128.2321211
127.9587977
126.9766662
126.9766662
127.1050691
126.6662688
125.8297812
124.6652934
125.0496582
123.5974394
123.3399705
121.9435136
123.221454
124.0675869
124.0217115
124.3288537
122.9425243
121.7975683
121.7190195
120.4434301
121.1414476
122.5510462
121.3495447
120.6224707
118.0577885
120.2967614
119.8881026
119.0773558
119.1794753
117.8924321
118.4762735
119.5502161
118.7918553
118.7918553
117.8974959
118.1374225
119.8940706
121.7432533
120.7814974
120.8288799
119.8006922
120.3006798
119.1123803
119.2249287
119.2249287
120.4722454
121.2071561
122.082466
122.8409474
121.3685338
122.3660375
123.7473634
123.9905452
124.513561
124.0616189
123.1608695
124.3797929
125.4439696
125.5396991
125.5396991
124.9849744
125.7491827
125.807175
125.940702
125.6981832
125.8919933
126.9844428
127.0195878
127.7178464
128.0640519
128.7469384
129.1546327
128.9661276
130.0686443
129.1384768
129.3325882
129.3629106
128.8992736
128.5408306
128.5337172
129.5959649
129.4204809
130.3790418
130.4167187
130.3853112
130.1581646
130.3173119
130.7417046
130.5431925
130.9836808
131.0726586
131.6628899
131.7326374
131.2254158
131.5905503
132.8543845
134.4841971
134.233299
134.6975991
134.0732475
133.7611622
134.0573931
133.2236785
135.383138
135.7469462
136.1009283
136.2445828
135.80313
135.291568
135.166963
133.8089063
132.7451516
131.2917875
131.7084036
132.0719104
133.6933437
134.8534911
135.3144153
135.3144153
135.9247812
137.4985306
136.4975908
137.0946341
137.5597179
137.7834283
136.8501261
138.4970591
137.9108667
139.9744159
140.2834268
138.8983031
138.5752462
137.8291831
137.2138137
137.2138137
135.9497384
135.1206053
135.4554174
136.8428921
138.4468433
139.4992046
138.6628978
140.2688986
141.2353565
139.6115722
139.76445
140.603349
141.7093019
141.5739664
141.5739664
142.4647691
142.1559993
142.3946599
141.5538319
140.9379199
140.7122202
140.3857271
139.8971933
140.1072797
138.9992772
139.7659571
140.2697425
141.1145493
141.1145493
141.223963
142.056472
142.9159274
143.3591285
143.2345234
143.5331053
144.5781121
145.4777764
145.0954612
145.0191429
144.5936651
143.5124885
143.5124885
142.0168057
142.9800083
143.2830512
143.721731
143.5291267
143.2249384
143.2347042
143.2702109
143.9157219
145.0762309
144.4032309
143.9981891
143.156276
143.1579639
143.24658
143.753681
143.753681
142.6017925
141.1061699
139.8258181
138.641859
140.577789
140.0814183
137.0977689
137.1622114
138.3440004
139.5238603
139.0097062
136.6946561
138.3383941
139.8735623
139.2726609
138.8634595
139.3949149
140.580562
142.1931939
142.1276662
142.874091
142.2501614
142.3115296
142.5996223
142.9402215
143.9080056
145.033008
144.289296
144.6230832
144.139794
144.2550552
144.0157917
144.214967
144.5019746
144.7838581
145.5542153
146.5182618
147.3204484
148.6608421
149.7783091
150.7506747
151.8986449
152.2960911
153.4370081
153.1083449
153.2637546
154.2326841
154.7282108
154.3264243
152.5955773
150.3342997
151.8981023
153.0247926
153.8159474
154.963797
155.7983556
154.8297878
152.6373534
154.5386809
154.5386809
156.8586139
154.6983104
155.9244075
156.0731258
155.4119412
155.0143142
155.8304865
157.2251349
158.0255733
158.2785813
159.082516
159.7912036
158.7046619
156.866933
156.0910298
156.5435747
156.9088297
156.6889774
156.4831108
156.0942851
153.8619434
154.9861017
152.6693034
151.5253722
152.7571359
153.651013
154.3768209
155.8424225
155.45215
155.5230429
155.747959
154.8160432
154.2030249
153.5775882
152.7700967
151.0297853
152.5409005
153.9987859
153.896365
154.161309
154.161309
153.3479701
152.8020467
153.59501
153.7978625
154.3589771
153.9139676
155.3233251
156.9024397
157.2418936
156.9019575
156.9059964
157.1887239
157.3736121
158.6271379
158.7390835
159.356382
160.8730433
162.0987786
162.1899266
161.5688906
163.4804059
164.166849
162.3507618
162.151044
162.151044
162.3954315
161.4541719
161.9938258
162.1500795
161.9663367
161.4576081
161.3714636
161.226302
161.5473695
161.7596864
162.3601659
163.3708113
164.8919939
164.2305079
164.64411
166.9336603
166.446513
167.1643033
167.7691231
167.84086
167.6509684
168.2671214
169.5921429
170.1906934
171.9675967
173.593732
171.8185769
170.4262193
168.3823224
169.7259713
170.0328121
168.5646183
167.5768805
165.8578489
165.8578489
165.2540539
165.7299886
165.675553
164.3169538
163.732811
166.4255345
167.6322203
166.9985852
166.5441112
165.6768189
164.4847818
164.2350894
163.4385092
162.6844887
161.1485368
163.0231589
165.1021406
164.9329261
165.4467788
166.9601849
167.2302529
168.7108047
167.7833499
168.6227312
168.6227312
170.9293416
172.4661978
172.1246943
172.5432395
173.1876051
171.68505
171.5045022
171.7910879
173.0145927
175.5399704
175.8988957
173.5401404
172.4112196
172.6572951
172.6572951
172.9496679
171.3565073
170.3018553
170.9196361
171.4427724
170.8996221
170.619547
168.2098525
168.1053217
169.3718687
167.6619399
168.1108678
165.7421055
164.1160907
165.3555705
165.3555705
167.6160645
166.1564309
163.405896
160.3108435
158.8660396
160.9195818
160.6064113
161.2937587
161.0865659
160.1406645
162.5279337
165.3500848
166.6629894
165.3562939
165.0723608
165.5400367
164.2945285
164.6576134
161.5000473
161.0625129
161.4558598
163.1713347
163.8037039
162.4009173
162.2092172
160.2492343
160.2492343
159.9244894
158.0978527
156.7942316
155.0191971
157.6526623
158.9956482
158.2510319
156.2993078
155.2596662
156.3559738
157.7905899
155.9180175
156.0584167
155.5471561
156.7495016
156.8008628
154.6216304
157.4414305
160.5672274
161.7215273
164.6134259
162.9958507
162.452821
164.2366568
163.1959905
163.3284926
162.3734885
161.1974867
160.9666026
162.145076
161.5896279
160.4960331
160.887029
162.3074785
164.904171
166.0174785
166.6697411
167.0205885
167.0919033
165.5059768
166.0208543
166.1308709
165.4834912
165.6683793
167.2488804
167.429187
167.0228189
165.8804551
165.243866
164.7540662
164.8908485
164.6212024
165.989688
168.341993
169.8905441
171.0364043
172.7642975
171.0440603
169.7078864
169.7578008
170.8075699
170.8255342
168.4603889
168.6016924
167.6563335
167.9045792
169.4927362
170.2505545
171.2136968
172.0613368
172.2518915
172.5049598
171.8440164
171.7588967
172.1977573
172.6252848
171.9258205
171.7941623
173.2506009
172.7740031
172.1244532
172.0839429
172.5577075
172.1711725
172.2322995
171.299781
170.2172179
168.1143039
168.5672708
169.2458771
169.2458771
169.1820976
171.1567896
171.1030774
172.3540713
173.1654209
173.2820686
172.7249929
172.3689009
172.1577294
171.3986452
171.3986452
170.555225
171.5863063
170.9791957
172.1813604
174.022224
174.2065092
173.2581363
172.2712424
170.5494378
169.1922252
170.06006
166.8310586
165.0754955
165.4323712
162.8878838
162.6391559
161.6388189
162.9136246
163.9394613
163.8035231
161.096814
163.879118
164.6816663
164.953362
163.7495697
162.8933695
161.0727008
160.4769836
158.4102997
158.4102997
152.4968336
153.1584401
157.0762358
157.9951303
156.0431048
157.1599689
159.0996967
159.2802445
158.7981609
158.7981609
158.6798253
158.9713541
162.6839462
163.6700564
165.0694069
165.1891893
163.5767382
163.449119
162.6509111
162.1535759
162.447938
162.3710169
160.6986444
159.2268337
157.4659054
158.9596592
161.0195914
160.7314987
160.1369269
160.7443993
161.5876386
162.658989
162.9223054
164.0397121
164.1377323
162.5672985
164.1837283
164.3420316
164.5438592
164.3945984
164.551696
165.4523248
165.9382665
164.9703016
165.0715771
165.0715771
166.6899962
166.6045148
166.5842597
166.3592834
166.4088963
165.8486859
165.3233794
165.5581819
166.5259057
167.4923636
168.7068863
169.9750609
170.5182715
170.1679064
170.6417312
169.4712754
168.6709576
168.9171536
168.3759324
169.1410449
170.3770886
171.3066533
172.0376456
172.0376456
172.0376456
172.8978244
171.7537727
172.354011
173.1691585
175.1513255
175.1785735
175.8298716
176.0305539
175.1701941
175.8365027
178.8221415
179.6908203
178.5040278
178.5040278
180.447674
180.3492318
180.5605842
181.0316962
181.1560602
181.0835999
181.5501908
181.9142401
181.892056
181.8766235
183.7509442
184.4255718
184.29313
183.5005887
182.4777661
184.1199368
184.1199368
183.4350007
181.6763029
183.9752574
186.9696372
188.8343729
189.2155427
188.8727129
188.1989895
191.2160358
191.6085387
193.492987
192.1387885
191.4187677
193.4001511
193.6573789
195.0042831
194.9032487
193.6743184
192.4883096
195.2883971
196.1186153
195.9263727
196.0316872
197.1903275
197.3318721
197.4666047
197.4666047
198.3915276
198.1438245
200.876395
202.9699049
204.7458436
205.0022877
204.7208262
206.8868565
206.5549983
205.9561465
205.9561465
206.4372053
207.4480315
206.1202972
206.019926
206.019926
205.2303385
207.5424347
208.7127699
207.4342267
206.9285724
206.8618391
205.9368559
206.6474123
209.5282188
210.4771946
210.1754177
211.6339058
212.3800895
213.3396148
214.7232315
215.4739363
217.8869464
216.7870218
215.6183142
214.0078525
215.4172703
219.425611
222.8241284
223.7036582
223.3544987
224.6356944
228.4682498
228.9182025
231.2503127
231.0343788
233.7532048
237.0120464
235.388262
236.0982758
234.45074
229.6459998
224.2057557
227.2988792
223.0528423
219.6414846
209.2473601
214.2617044
214.457564
215.4457841
212.9949163
217.5802865
216.5814566
219.3219242
219.5996482
221.9524957
218.148816
217.6840336
221.0390869
222.5131884
225.5639932
225.577798
226.8304798
225.9068832
225.2558262
224.1395649
221.6502968
219.6518533
221.7969655
222.5762445
224.075062
226.0865267
228.3112728
229.2703158
229.2703158
231.5033207
232.9158732
232.8376258
234.2949083
235.5290833
236.8862356
236.3405534
238.1648995
240.4632511
241.771092
238.6435469
238.6960534
240.5275732
240.9755365
240.9026543
241.1138861
241.1138861
242.1417122
244.1006703
245.0931705
246.8685667
243.4745102
245.7945638
244.0374334
244.8552333
242.155517
238.9725115
239.2672354
239.219672
241.3256605
241.3256605
230.4305838
234.5140372
233.6130467
238.4086239
240.4734993
241.0205077
242.4208227
244.0373128
246.0797629
247.2692681
247.2165807
244.7716207
240.2946997
244.7820496
247.1684146
246.7333518
248.4855993
251.2449355
251.3135376
250.3010234
253.3506828
251.395402
254.7519624
256.6492509
255.8676208
255.0627215
255.9490029
256.9310139
258.3759384
258.3759384
259.377903
258.5508798
256.2677797
253.9265065
254.336793
252.9660769
251.1634931
249.9457151
251.4693693
251.4693693
251.9009357
252.7726286
252.4199125
251.4617133
253.2731588
252.8593156
250.4487169
244.5792574
245.6457852
249.238836
249.8148406
249.1295429
250.0049734
248.5803642
243.3436357
243.6772421
246.3542317
242.171914
239.4404286
236.9961316
231.6743437
231.6743437
222.1317775
227.9253406
229.7304564
235.0859425
240.5694699
239.5571969
243.354125
244.9325161
238.9486394
242.1081948
243.8581516
248.5487759
249.8882051
249.1909713
246.381359
245.1149929
240.1937256
236.394989
237.5643597
234.8609662
236.2817775
238.1852149
238.1852149
238.1852149
238.1852149
241.5315271
241.9214982
239.8184636
238.5013995
239.6384584
243.5985727
244.0440645
248.1080465
251.0856676
247.7789613
248.4187454
252.8695035
253.1575962
257.3121233
255.456611
255.4956744
256.8874292
256.8874292
254.6643711
256.8369723
259.4917777
257.5858687
258.7970155
260.7386121
261.5016147
264.6717196
264.3348579
263.2028627
261.8847738
259.2814501
259.2814501
254.4910573
248.2163149
248.1099756
244.9671789
244.0955462
243.3667241
240.4656022
242.2844022
244.744433
242.9176154
240.8125914
237.0800456
233.1172789
229.3689992
230.3750028
232.5113739
229.0586018
228.8983694
236.9217423
238.4590205
240.094138
239.2016474
235.8118711
239.9551856
245.3608272
246.5496693
243.7352344
237.6833584
232.2442597
225.7766718
227.9282945
221.7561538
221.6228077
222.8024265
230.5608554
233.4517292
233.0317372
233.0317372
233.6201601
232.9770605
232.8332251
232.8332251
232.8332251
228.315372
227.9311278
221.5435355
217.3853914
216.1258975
211.0731529
215.8208653
215.5881124
213.6958274
208.1374888
205.5058321
197.6285853
195.0673995
185.442125
194.5494475
194.902887
205.4064856
203.7301345
205.0902407
209.935672
213.22996
213.0233699
215.1305641
214.2485024
205.9742917
208.5988953
207.3532665
207.6377423
210.4248689
214.9961328
218.9576337
217.287974
214.8311381
217.6043394
218.2161521
221.3681118
221.3778174
220.7635331
223.4428134
222.991233
223.4712067
221.1998015
216.0689903
213.1983716
209.3016148
212.6637212
210.6503878
209.6003173
207.3871456
213.1823966
218.7653307
218.9885589
218.737058
218.2932541
218.5526521
219.0492639
218.629091
218.629091
222.109714
222.9561483
220.3884519
222.633212
222.7985684
223.4515544
225.882348
224.3976367
226.3827576
228.2055363
228.9265819
228.5873691
228.4696363
227.3262477
228.7740055
230.6352447
232.8864551
235.7646091
236.3700318
237.8491971
239.726532
235.88831
234.2766425
233.5089981
233.6889431
232.3689853
228.4752427
230.842317
230.842317
231.5442529
229.4757605
227.9767621
224.920351
224.5512379
224.2327022
223.1620752
222.1739757
223.2831236
224.0393745
228.4897709
231.8457887
234.0112765
234.0112765
234.3441596
234.0950097
236.5212217
238.1767752
239.1488395
240.7378405
236.1346265
235.4865837
235.7629212
236.483786
239.5020379
233.5188846
234.4610484
234.5189804
234.157463
238.2574942
238.858878
234.317635
236.7896622
239.0227273
240.7445922
238.0800209
238.9595507
238.9060193
241.272732
238.0453582
236.7708539
234.3460283
231.1524733
222.3311939
214.399632
215.5342194
218.098359
220.4475896
220.619758
219.7613273
216.018232
217.3082893
213.0711141
213.0711141
217.8348015
222.0721576
222.5043268
224.246929
228.6764675
225.5836454
229.1869444
226.7222718
231.9157773
237.6178308
238.584349
235.9437101
232.681553
233.2421854
234.5452638
235.055801
232.7477438
229.0130278
228.5157529
226.6573469
227.4908807
227.4908807
224.9104043
220.4260686
221.1437986
223.0145023
226.9997546
226.0865267
226.7935866
227.0807148
227.4170339
227.7789131
224.914383
224.5954856
222.6468962
218.4071891
217.3580229
217.480096
213.3367212
215.9669311
216.9924664
222.4975751
221.1723728
216.4465431
210.9693455
210.9693455
210.9693455
215.6696754
215.7725786
216.4509438
220.8972409
219.7426396
206.6023205
219.3359701
220.4657951
211.8168046
205.7142909
193.4340301
185.3619485
176.8107974
174.8968708
163.5191076
187.6395628
194.2538797
191.9197801
190.4392886
193.1661925
202.3544149
202.2009343
187.8452486
190.191465
185.6471476
186.4499973
191.7559911
195.1659623
198.4302293
198.4302293
205.089457
209.6808555
207.2150978
200.6764964
205.377188
209.3195792
205.2405264
197.0452864
201.9426817
203.5235445
201.5592815
199.0779707
198.4106373
190.1125545
187.0562037
192.5244794
191.4378774
192.4282074
193.1602848
190.5223587
183.7560682
181.952761
181.2621583
180.9506155
181.6826326
181.6826326
181.8738505
183.2089995
183.961332
185.559918
183.2217193
184.6883457
185.6888032
185.7475792
185.0343704
183.9706156
183.7511853
183.9480095
183.9480095
184.9148291
186.5397588
186.9138151
186.9138151
186.9138151
192.2061246
192.4579872
197.0498077
194.3302583
194.9760706
196.3661376
193.4765297
193.6968643
191.7859518
194.1288526
195.5001715
195.7989343
193.9379362
192.7037612
194.4520301
194.709499
196.7186729
199.2509831
201.8872815
201.1356724
199.963589
200.7169463
203.5198672
204.1354777
207.406195
211.2801649
213.0776247
207.2518101
206.0129331
204.516768
204.3935495
206.6815928
203.4559671
205.2707282
206.3987447
202.8752605
198.0911974
199.0885805
198.5061257
196.0027513
191.9692725
187.1304121
187.2399464
190.3650802
185.4242812
183.6947604
184.9232687
191.0401298
190.2580778
191.1004732
191.8166961
192.3997538
194.5896563
197.5044625
196.3353329
194.6465635
199.2710573
198.7706477
199.4648673
199.7726123
199.5138775
194.8693094
193.3614493
196.7618958
198.1037966
199.3154859
199.0594035
198.4173287
198.9384757
202.164041
202.164041
206.1295808
206.7778045
206.1768427
209.6447459
208.4414962
204.9986708
207.8901474
208.3185188
208.7875812
207.7453475
205.9226894
206.7293369
210.0043344
206.0980528
206.0980528
213.0101679
213.8635348
215.9407683
215.5826267
222.0374346
223.0522998
224.0811506
221.080622
222.8203909
226.086587
232.8815119
232.1737888
232.1739697
232.1739697
232.4447008
235.8274844
238.0373405
231.8538064
234.5897527
234.5554517
242.0817908
242.9555334
240.2552143
241.6423274
244.2566225
242.5632716
243.4442481
245.6359591
245.8436342
245.6545865
244.7331601
240.9443099
233.7033507
234.570221
235.7447157
230.2394262
227.6786021
227.4196864
231.5078419
234.0270707
234.0270707
233.3554572
234.7628254
234.9797238
235.9921777
235.4786263
234.0125425
231.8137784
233.7126343
233.4907324
237.0242235
239.3078059
243.4664926
243.4664926
243.0310078
246.2175097
246.219921
244.5367579
245.7885958
246.3747279
245.6996783
245.3920538
244.9348672
246.0152601
244.4172166
248.333264
249.5682829
250.7577881
248.1082274
248.1295676
247.9678281
244.9662746
246.4966202
248.6193071
248.6056831
246.1070109
247.7608161
245.5932184
246.7719932
246.2141338
244.6800507
245.524978
246.0155012
242.9681326
242.8322546
238.6213627
235.3308726
236.1028574
239.5499026
240.1476091
239.2442675
240.0796098
240.4466733
242.858116
243.955569
242.8617933
243.0749541
246.6326188
248.9608106
248.9608106
249.057806
248.6372112
250.8063763
251.0016934
250.7824439
253.7296221
254.5188478
254.9915272
253.2966089
252.894099
256.2763399
258.6350349
259.1534089
258.630996
261.0504563
261.0504563
263.1440867
261.8974935
259.3385985
260.2390464
261.0368323
260.1427141
257.8166925
256.7886253
257.1884225
255.5803721
253.0216579
248.9254244
253.3618352
248.3159025
246.1745279
246.8517477
251.430547
251.2144925
252.75376
256.0526295
255.3223606
253.7146116
251.3554946
250.8063763
250.0671252
246.6022964
244.2270838
245.5718782
247.1960845
245.3831922
244.4193265
244.5755199
238.8702715
241.6845858
244.5734703
250.4818123
252.4426392
251.0636643
252.735434
250.897464
250.897464
250.0633876
253.1676032
258.9805774
261.3744777
261.7747572
262.4416686
262.5270897
263.465938
265.3561734
264.6493546
265.3911375
265.9219901
265.9219901
266.7247795
268.4325984
269.9033844
269.9033844
269.9033844
272.5346793
272.8281372
273.993047
277.3141609
280.7600608
281.7925286
281.9013395
283.666789
285.1694647
283.2499317
286.5476559
287.5477517
287.7071401
285.1074334
285.0277392
287.4788482
287.8571846
285.9910624
285.1464366
287.780806
289.0146192
290.4638238
290.6942257
284.4142989
277.4979037
280.5616693
282.169358
281.2745164
283.5329004
282.4114547
281.787706
286.8056673
289.7122147
289.6476516
288.1877166
288.085778
285.3694839
285.3852178
283.1662589
286.4163594
282.8850384
281.0292246
277.4919959
279.6857565
283.4005188
284.278662
283.2046592
285.0018175
285.3445267
285.6081445
283.0746889
285.3104065
283.6901186
283.7397918
280.6971856
282.0451749
281.8836766
280.8475918
279.2057828
278.0072955
277.6337817
279.0641177
279.3815079
282.2698499
282.2698499
284.4405823
286.2672191
285.9617046
283.6547324
284.2932505
282.8517019
282.1264365
283.6885512
282.8432623
280.903233
281.0782347
283.5936657
283.3972635
283.1342486
282.6311865
281.6908311
280.011285
280.6924232
282.4104299
282.5581837
283.596077
281.6954126
279.1781732
276.3003808
274.4760348
280.9983597
281.7202493
284.1911913
282.8337978
280.2249884
281.7637736
281.6648491
280.4222346
275.0297346
275.0297346
274.4850772
271.0776379
276.2174916
277.8140883
279.8523789
284.0164307
279.4384754
282.9816119
283.2314851
281.5000955
281.2800021
282.482649
284.5559038
287.5639076
289.3741474
290.5082524
295.0135064
296.6110073
298.4622999
301.6086533
301.1558673
297.6458865
298.1969339
296.7465839
300.4622505
300.4622505
296.8290511
296.0065492
292.9931199
295.7863352
293.2856736
296.3673432
301.3804216
304.9371218
304.9035441
303.2853058
305.50113
305.722188
306.4241238
306.4241238
305.2182819
307.5248321
310.5488712
311.8025175
313.526432
316.5660241
317.4758159
315.2882645
315.4489189
315.7862025
320.0154807
318.3798206
319.4767913
320.694931
321.7605545
323.6318008
322.9226912
316.2620167
316.0863519
321.5943541
322.3081055
324.2330639
325.7718491
326.6565632
326.109374
326.7953348
324.8052104
320.8694504
321.2107731
322.7523916
322.7120019
326.0884557
331.3697334
332.9274475
335.2032534
335.69239
333.0881622
337.5741255
339.9819513
340.4130956
344.3325792
346.5183824
347.6202361
346.994498
346.994498
346.994498
347.0658731
343.3512917
340.2537073
340.0518193
343.3799261
345.3849404
343.8496517
345.6081686
346.0733729
344.7646278
343.1648362
342.0890851
337.7617867
337.7019256
337.7019256
335.0949247
345.2221159
343.2658706
340.1303681
341.1445099
342.9291294
342.8341233
344.5582187
344.9561471
345.8963819
348.4585925
352.4359477
353.1071995
354.9855592
354.9855592
361.1512496
359.9733187
359.3117725
358.2194436
361.7974839
362.943103
362.5600042
360.9022806
358.0897144
356.6556409
351.4039622
351.669509
353.8129332
355.8206603
358.3153539
355.6377615
360.3147017
358.843554
357.7706965
358.4543064
357.4001969
357.3086269
358.7359488
357.6099819
356.5480356
358.0499276
358.0499276
355.9407442
353.7723025
353.7754372
355.0956963
357.4627707
357.6132372
358.3245772
357.6081131
354.3815833
349.6861363
349.609396
350.5864637
346.5597366
346.1390814
350.1322309
353.1293234
353.1293234
355.6846015
359.9197874
361.2639186
356.0784307
350.6363178
343.4300213
341.3429617
345.9031336
349.9328748
348.8667087
349.2275631
348.789245
347.0904083
344.6730579
344.7698725
345.731146
341.9419342
342.2060945
337.1816829
330.3182764
330.9228552
333.6320359
328.4456437
324.1531286
327.5390468
325.5552521
321.8353055
314.6272608
316.5247905
325.2367768
327.4122716
324.2731522
322.1494405
317.8490886
315.6489983
314.0215367
310.2593919
305.6837274
306.7657479
311.1454323
316.9943352
314.2826829
315.6172894
321.8883546
322.4485047
319.5333368
319.2179359
316.4976028
311.0628445
308.223573
310.0051783
312.8768821
310.9815829
310.6783592
310.076674
319.1317914
323.2741414
327.73991
330.852324
330.1505087
329.9583263
326.9483332
329.6123619
331.6079118
338.0452979
339.9860505
342.6456182
342.5906401
340.1242795
337.7840914
336.7919529
330.5979295
333.1472395
334.0952508
334.9191393
333.2057141
335.5192571
337.8939271
339.5820938
339.5820938
341.1085812
342.388089
341.6277389
341.8580201
347.0131857
347.3738592
346.0210472
341.9319272
344.0051216
344.7100114
343.7512697
346.5422545
345.4276811
346.0187565
344.5700341
345.1130036
344.958257
345.3297815
341.588796
341.6406395
340.299221
340.0304188
340.4860984
343.3714865
343.5989947
344.6397213
344.6753486
345.1900453
347.1488829
347.8791518
342.7095786
342.6723236
343.1614603
341.4451415
339.3069016
334.134676
332.7306234
327.8604158
325.3401019
331.3414607
334.4177049
339.7584217
339.9229341
339.2645829
339.6614263
339.6614263
344.8061629
345.5342616
347.6283743
348.2432011
346.0683694
348.8629109
346.1079754
345.6737566
345.270041
345.1762405
342.5148643
342.7191033
340.6883481
343.0837555
338.4790345
337.6310328
333.1240306
334.3079295
335.4713321
335.1459845
327.9921946
320.2680667
321.5197237
321.0372182
325.5101604
317.9219105
312.7158661
301.2072887
295.300936
275.6114058
292.3725059
299.3373687
305.7358722
307.6271324
307.6271324
304.6823656
305.8702431
300.1811506
299.0636836
298.2863337
302.338681
301.7242762
298.3716342
299.1041335
305.9387247
309.4749286
311.088947
312.8073155
308.1468929
298.0237407
298.4426476
307.3693621
306.2086722
299.1941964
292.2011211
293.2361812
294.8539975
295.8426998
294.0975657
294.0975657
298.6692516
294.2920991
278.3662208
274.162804
277.6982242
287.0396259
285.7755505
285.7190653
285.9236057
275.8010563
263.3907047
270.1947926
284.6782181
283.6723954
283.6723954
288.9002623
293.6984919
293.8754829
292.1976247
293.2089935
297.2921455
300.0412939
298.6496596
302.6139335
307.505421
303.1376726
305.1405771
315.2375665
316.1724361
316.1724361
316.1724361
312.1921872
312.0710183
311.3872879
317.4077564
319.2204075
313.348175
312.8212409
316.8057095
315.692583
317.0954299
318.3915155
312.0469653
310.03749
304.6386604
299.8648454
292.100147
292.460278
287.1829187
294.6243793
295.4806398
302.7355244
301.2946991
301.579416
298.3712122
297.7928566
302.827878
302.827878
305.5433884
303.7053581
304.2447106
299.8016085
300.7639068
301.3179684
301.6314403
304.6480645
306.1811228
306.222477
306.0412059
304.8439844
305.8634312
303.4533147
304.8388001
305.5442324
303.8177257
303.7808325
306.1916724
305.6956634
306.7682798
306.870761
307.1967717
306.5292575
306.8277189
306.077436
307.2597072
307.6116397
309.5133289
310.5784701
311.3453911
308.5550695
308.3819365
306.656093
306.3719187
306.7485069
306.6589866
309.6678343
313.9164031
315.801635
318.4406462
318.0280087
316.9163289
316.844351
320.1655855
320.8305678
322.5225926
322.6638961
325.0401334
325.7397183
329.7139991
329.3014822
327.9700104
327.3507829
324.7081547
326.4133211
325.1027675
326.9621983
328.2215716
330.6716557
329.9656809
326.6276876
325.0312116
324.6813287
327.1382851
327.1872952
327.7545588
327.4290303
328.6375849
330.3135744
330.6914285
334.5676288
332.2003134
332.6406208
330.3088723
332.9738655
335.6662875
337.8452184
335.8633528
334.541466
336.350681
337.6549048
334.5891499
333.2091502
334.1107436
334.1107436
331.0412511
328.6579606
326.8845537
326.8352422
324.7807355
324.3230062
323.7810013
324.1188275
325.8827097
328.5266641
325.5717094
326.9672018
327.1310511
326.3087903
327.4927495
327.841728
327.841728
325.5272205
322.9545809
323.4659621
323.2673897
321.1105826
318.9750555
318.7559266
317.5172907
312.568896
308.5590482
304.6006218
302.7014042
299.4628177
299.4628177
299.3096988
296.9875956
298.8154983
301.0438613
301.2939155
301.5256435
302.4901724
305.6995215
303.0662372
297.9889574
298.0022196
302.3023304
303.0068584
307.3489261
303.8583565
302.3646028
300.5194591
302.0455848
305.3200397
306.8042085
307.9759302
311.2678671
308.5750232
308.2262857
305.6109054
305.6245294
306.8868565
306.9220016
311.5758533
311.5758533
312.7845285
312.6381009
312.9698989
312.1328687
309.4299574
307.8246197
309.0415537
308.5494631
309.724621
309.724621
311.2280803
311.9740831
311.0820145
310.5160169
306.9899406
305.7967581
303.9459478
298.9534259
300.2619901
299.5227391
297.8436149
293.570511
289.3960904
295.2734469
294.8004058
291.7983098
293.9642799
292.8973301
294.6861092
294.3599778
294.8081221
294.8081221
297.019425
300.23215
301.0654427
300.2112921
296.9121212
296.1623808
294.8423628
292.6589106
292.9133051
292.773991
290.3583888
292.6735594
290.9261346
289.7996252
288.8007953
290.6083223
293.5125187
293.8205048
294.7487432
293.2346138
293.7791506
296.0400062
296.0400062
296.0400062
296.0400062
295.511987
296.8221789
295.8094839
295.1807316
295.4888986
296.2593763
297.6322022
297.4488815
298.0794422
297.5138063
299.5134555
301.0501911
301.5453561
298.4624204
296.6064258
296.6667691
296.2734222
296.2734222
299.0866515
300.4502541
300.9960569
296.5289621
295.0626974
294.536788
294.8106539
294.3036132
295.7059778
296.9164616
296.885898
297.1730865
297.1730865
297.1730865
296.702939
297.2882271
295.8214199
295.3484993
294.1006401
292.8924472
291.6468185
290.4817279
289.8734116
289.7987209
290.3278856
289.7206544
287.1888867
286.7034273
287.3834804
286.5547693
285.278999
284.6595906
286.7257923
286.9404
288.4012392
287.2353046
287.8432592
286.4480683
286.33769
286.3977922
291.104271
293.3612685
292.9661131
294.7492255
296.1049311
296.5450577
296.9552838
296.9371989
297.2683337
297.1070163
297.1070163
297.6955597
297.0210527
297.3779886
297.3779886
297.3779886
300.3104577
300.9289618
303.7550917
304.0305852
304.9838411
306.5366723
308.723862
306.9983199
308.3088132
308.0410962
310.1116382
310.9692249
313.2112722
313.086848
313.7527949
311.5003186
309.8005776
311.105344
312.3990786
312.2563284
313.8007199
314.4160893
315.2941723
314.6042327
315.8726484
316.7693588
316.6697712
316.4877164
316.7034092
316.3610014
317.3611576
316.8450744
316.0744761
316.177319
316.4692698
312.044132
311.061458
312.2950301
309.9092077
308.3463093
309.9713595
312.7487203
313.9393709
314.5692083
313.7400751
310.2527005
308.6907063
311.3224233
310.991831
309.5051304
307.8013505
305.5153568
302.6866951
302.0292481
304.0408333
306.2049347
305.8924876
306.4461271
303.3797091
305.3701349
304.7701377
304.905654
304.905654
303.7782403
302.475825
299.0074998
297.720758
293.7253781
295.4549592
298.7444246
298.7636549
297.7900836
297.0059819
289.6759846
292.1594053
291.3157439
293.8936884
295.8011648
294.9361633
296.31767
296.2313447
295.2677803
293.3960518
291.5864149
294.2544222
294.2544222
295.6177235
297.2337313
295.0725838
295.4867887
296.427566
295.9762871
293.4066014
290.8881562
291.1951176
290.7523385
288.7030764
289.2025818
287.3076443
287.3076443
290.1094198
287.98824
285.4105366
283.9119602
281.745327
281.5249924
281.935942
285.9390984
283.459777
285.5751094
284.9364707
283.4391602
279.8178367
273.5608777
269.3033871
266.7819881
270.3505038
270.9105333
269.3681914
269.873484
268.1958066
260.2630994
260.241518
259.5171569
260.5038699
266.5525508
271.3223871
276.4349929
270.7703752
265.4819841
263.9164935
265.1610371
263.0158647
262.2989183
260.361421
257.9768043
257.1025192
258.0528815
262.6157058
262.6157058
265.9802838
268.7891727
264.5473557
264.9960424
264.9357594
265.7094321
263.9439223
261.2548159
261.2128589
256.7895898
255.7384342
262.144654
261.8020654
258.6687332
253.9530311
250.9979558
256.4023315
258.6023012
258.7094242
257.9974814
256.9176913
256.9176913
254.2361203
252.3966432
251.0849442
246.8850842
247.0512243
249.7355684
247.8177233
242.3947202
240.9856641
242.7247699
248.4252559
248.8838894
246.9096194
246.702728
253.4072283
259.2165856
265.7915376
265.8617673
266.8614412
261.3167266
258.5839149
261.4795511
260.5498658
260.5498658
260.5498658
260.5498658
269.9343698
267.0404819
265.590373
264.8016296
263.0995376
259.5614649
262.1362747
259.9287695
260.0857466
261.1413029
259.3396233
259.4276365
257.0864839
260.2750354
261.6022874
262.4095377
262.701368
262.2994609
259.7256157
261.5690111
264.7119887
264.6469433
266.8370266
265.3746803
263.299195
263.9137205
262.8035478
266.1177292
266.1177292
266.1177292
267.0289678
267.0369252
266.0075318
265.6453512
260.7123287
256.0812037
256.5034865
252.8119332
254.5124578
258.7029739
261.8390189
259.116998
256.0529309
252.5858717
253.6290699
252.695406
249.463511
252.7599692
255.0356544
258.5479862
255.7563383
252.4642808
252.269024
253.1921986
251.3580265
250.4730713
250.6769485
249.5811232
247.8915701
247.0435081
249.6523175
248.2955268
248.1046104
249.5904068
251.553223
249.132557
249.4333694
249.4333694
247.1846307
250.5610845
251.1370288
251.1370288
251.1370288
250.6815903
250.5001383
249.8077875
247.9541439
249.0175972
245.47217
244.0652239
244.0329724
244.1197197
246.7482417
247.9696366
250.0092534
248.8019045
248.3984903
249.8918823
248.1911769
242.7188019
236.9898019
234.8502961
228.8933659
228.4370232
232.382549
228.7371122
229.6127839
230.4079776
232.8920614
235.437031
236.8556721
240.0198693
243.7879218
243.7448194
248.826078
249.1739112
247.5333682
246.6274947
246.8308295
245.7576103
