100
96.7107595
96.42011541
96.56614634
95.81472502
93.978705
92.56376448
90.7787844
90.31233607
88.38557838
89.04059093
92.47302681
92.92955071
91.21687721
90.04721194
87.20882424
86.11430111
87.0273489
87.62848596
86.86855798
86.34539861
86.18518991
86.15825217
86.05475451
86.760807
88.89314222
89.6644124
92.49287568
94.13040704
94.90451278
97.20981668
97.51605631
97.93288248
98.33978421
96.94043923
94.60961536
96.207449
94.6719975
94.2693491
96.25707116
95.38513887
96.02597366
95.28447677
95.27313456
93.98579388
93.01178172
92.02075624
89.97206981
89.92670098
89.05335091
90.01034977
89.67008351
90.60865127
90.08832745
90.34778047
90.86385096
91.67056555
91.65922334
91.62377894
92.65450215
94.53447323
94.75281074
96.54629748
97.01416358
96.18618235
94.20554918
93.87095402
93.94893171
93.28966583
93.00611061
93.20459927
92.29864035
90.80288659
91.63653893
91.97964074
91.61243673
92.11149391
91.09778402
90.8142288
91.16300172
90.35486935
88.70599578
87.00891781
86.42195852
85.92857244
85.37563977
86.33830973
88.34588065
89.16251967
89.18945742
89.88274992
91.30477932
93.27265252
94.71736634
95.41632994
95.62757858
96.60584407
96.75612834
97.72872273
98.60207279
98.53969064
99.02315228
99.37476075
99.40878738
99.48109396
98.69706379
98.91114797
99.63137822
99.8638935
99.63563155
99.14791658
99.73062255
99.43572512
99.48534728
99.76039584
99.09687664
99.26275644
99.32939192
99.01181007
98.98487233
98.66161938
98.13278891
98.27173096
98.54252619
99.21880538
98.80056144
98.7197482
98.14838444
97.70320276
98.27031319
97.33032765
97.27078105
97.34734096
98.17248664
98.52125955
100.0637999
101.6942424
102.2826195
101.9494421
102.0373442
101.8686289
102.4910326
101.044901
101.2646563
101.1668297
101.0207988
101.4333716
102.4286504
102.5675925
103.0468008
103.1758184
103.1389562
104.3313059
106.686232
106.2722414
106.698992
105.5449222
105.9660017
105.4343357
104.8558831
103.6181645
103.1857428
103.7202444
102.8398055
103.0723208
103.0893341
102.3010506
102.7674989
103.2977472
100.4281684
100.02552
97.21407001
97.24242553
97.19422114
97.06803907
96.94327478
98.42626856
99.67249373
99.49527172
99.71644478
99.81994244
99.64272043
98.88279245
98.36105086
98.51700622
97.23108332
96.43429317
96.07984915
95.61198304
94.86481505
93.88371401
94.19987807
94.51462436
93.07699942
92.70270653
93.63134986
93.89363844
93.29675471
92.54391561
92.53540896
92.14268498
91.53304127
91.08502403
90.91630868
90.99286859
90.98861526
91.9994896
91.42529029
90.92623311
90.79863326
89.84163441
88.86195114
88.40400947
87.0273489
86.74237591
86.45173181
86.92810458
86.43613628
85.82082146
84.64548509
82.25227908
81.70643529
80.46304567
78.98146967
78.89782088
79.20406051
77.58212468
76.09771313
73.86471581
74.15677768
74.99184779
75.36897622
77.16388074
78.56889683
78.71776332
78.53770575
79.17145166
78.96587413
80.75368976
80.85009854
80.37372577
80.39782797
79.54574455
79.18279387
78.19602172
78.05282634
77.51265365
77.00792537
76.90017439
76.26642848
75.57455375
75.35196291
76.58684587
75.95877107
75.78013129
75.78013129
75.69081139
76.82928558
76.69034353
76.99091206
76.99091206
77.90537762
83.1398069
90.281145
90.63417124
88.36005841
87.76175691
86.69133597
88.53444487
88.70316022
91.0098819
91.62803227
90.32084273
90.01176754
90.99286859
90.77027774
89.89267435
89.75656785
88.75845349
87.58311712
87.54058384
87.76884579
88.77263125
89.06185757
89.43615045
89.63180355
91.91584081
93.12520381
92.82038195
91.27784158
90.50373584
89.62187912
90.98294415
92.08313839
92.66017325
92.66017325
92.75941758
93.0245417
92.67151546
92.89268853
92.19372492
91.99665405
92.26886706
91.39977032
91.26933492
91.52311684
91.97964074
92.15402719
90.76460664
90.16063403
85.81373258
86.55806502
85.43518637
85.22393773
87.01317114
87.11099769
88.49616492
88.99805765
88.58406703
88.11336538
88.63085364
87.08264217
86.99474005
86.83878468
87.20740646
87.48103724
87.95599223
88.55571151
88.17858307
87.86667234
87.01033559
85.75276821
85.78679483
85.49189741
85.05522238
84.68234727
83.88130379
83.61334411
82.43091886
82.15870585
81.80709739
82.09490593
81.28252024
80.53677002
80.55520111
80.9649384
82.60672309
86.42479407
88.15164533
85.74426155
84.80285824
84.36192988
84.53773411
84.08971687
82.78110955
83.22770902
82.40823444
82.70171409
82.45502105
82.5826209
84.23291225
85.11760453
85.28631988
84.97582692
84.19746785
84.74472942
84.26268555
85.29057321
85.30758652
85.90305247
85.42100861
85.00701799
84.03158805
83.26173564
84.41438759
83.67997958
83.6374463
84.21306339
84.31372549
86.78065586
87.34493074
88.83643117
87.70079254
87.37753959
87.25986418
87.46402393
86.58500276
86.3340564
86.07176782
86.95078899
85.92431911
86.40069187
86.62328272
86.31562531
86.55381169
84.64264954
85.49756851
85.54151957
84.84539152
84.17903676
84.1591879
84.48952972
84.74472942
85.25087548
85.84067032
86.19936767
85.15588448
84.3307388
83.92100152
84.9531425
85.00843577
83.5963308
83.42336211
83.7678817
83.94085038
84.10956574
84.07695689
83.97629478
85.21684885
85.21826663
84.92053365
84.7815916
84.3250677
84.45266755
85.86193697
86.61477606
85.88036805
86.12706109
87.50372166
87.75750358
87.89786341
86.5297095
84.66249841
84.04151248
83.15114911
82.60388754
81.62136872
82.30473679
82.65634526
82.53441651
82.57836757
82.1856436
81.86947953
81.55189769
81.51928884
82.31182567
81.92760835
80.88412516
81.68516864
81.3973601
81.76314633
81.75605745
81.33923128
81.93895056
82.00700381
82.18989693
82.43942552
82.74141182
83.09160251
83.84302383
84.75607163
84.14359236
84.15068124
84.53489856
83.92667262
84.45692087
85.43518637
84.55191187
84.31372549
84.27260998
84.03584138
83.79481945
83.28158451
82.9441538
83.02071371
82.12184368
80.82316079
80.38790353
79.99943289
79.88317525
79.59394893
79.39262473
79.5542512
79.17570499
77.84441325
76.81227227
77.0532942
77.92947982
77.98760864
78.46114585
79.43090468
80.93658288
83.68139736
84.4555031
85.49189741
87.32508188
89.21497739
87.85391235
88.09209873
89.23340848
91.6379567
96.77314165
98.55245063
99.2769342
99.72920477
102.9844186
109.0567536
110.6219784
106.2453036
100.2367686
93.83834517
91.82084981
94.78541959
94.94846384
94.60536203
95.98485815
95.66727631
95.66727631
96.13230686
97.08647016
103.1744006
104.0463329
104.0463329
106.7996541
107.3171423
106.4367034
104.4107014
102.6072902
102.6937745
102.2925439
101.8147534
101.3553939
102.6030369
104.0179774
104.5156168
103.818071
102.1181575
101.1058653
100.6323281
100.9569989
101.3497228
101.0945231
100.7840302
101.5014249
101.8572867
102.6101258
102.9744942
103.3572937
103.1970851
103.1970851
102.0983086
101.2717451
101.3908383
101.2816696
100.4607772
100.7046347
97.22257667
97.8960203
98.18524662
99.32939192
100.4295862
101.0222166
102.3960416
104.6814966
104.8090965
106.565721
105.2358471
103.7727021
104.4815902
103.2367828
103.5699602
103.5175024
104.146995
104.3142926
104.6233678
105.1649582
104.2604171
103.4792225
102.7334723
102.2457573
102.988672
101.6063403
102.6824323
101.5808203
101.6942424
101.8218423
100.1956531
100.2509464
100.0340266
100.5132349
101.1625764
102.0501042
102.6696724
103.5827201
105.4116513
105.774602
104.5085279
106.5770632
108.3733855
109.7231083
111.1664044
111.985879
111.3053464
114.0572498
114.0728453
114.0473254
112.8634823
115.2481817
116.405087
116.5525357
119.6985808
121.5884763
123.2444388
121.2212723
120.5747664
118.836573
118.038365
114.4131116
111.9589412
109.3147888
109.7684772
112.9088512
112.1886209
108.7164873
109.0397403
107.8218706
110.966498
111.5860661
111.8058214
112.7217047
114.9461954
116.7510243
116.0704918
116.9098153
113.9438277
114.4244538
113.7722768
109.8762281
106.6181787
110.7580849
112.6508159
112.3998696
111.985879
112.5444827
112.8535579
113.0208555
112.0851233
111.947599
113.3710462
114.7803156
114.8965732
115.0553642
114.1848496
112.8705712
112.0950477
110.3313343
107.4107156
106.2722414
107.8346306
109.7869083
111.554875
117.0728595
121.0922547
121.4934853
122.1329023
120.8143706
118.8082174
121.4268498
123.3564431
123.243021
121.4013299
120.9944281
122.9438702
130.4013724
130.7813364
133.2567734
136.4850496
134.3257766
135.0757801
135.8328726
135.5847617
138.6131314
143.4718501
145.7204429
142.3503892
142.4524691
133.531822
143.9411339
147.6542895
149.3173408
157.0839182
151.133512
146.9212992
141.4699502
138.1594431
122.5355507
110.3880453
125.3682673
119.3356301
119.7552918
123.6144783
132.7676407
133.8011994
131.3073313
131.9212284
134.1627323
130.7629053
131.6461798
128.6334056
126.2685551
119.3824167
113.9920321
113.0832376
120.6499086
117.5180412
115.9216253
115.0737952
115.4098082
115.3686927
114.6229425
110.4646052
110.6248139
109.1942779
105.4456779
105.5874555
102.1068152
101.1682475
95.86292941
98.58647725
102.0458509
97.41681199
93.80148299
90.89220648
83.51268201
87.64408149
86.82035359
79.95264628
85.54435512
90.35912268
96.31519998
97.18855004
95.12568585
96.42720429
94.23815803
92.79911531
90.98436193
89.44323933
86.44747849
85.72724824
87.13509988
88.2834985
86.86430465
86.73954036
84.00606808
84.78017382
82.83073171
80.75652531
81.07268938
79.17428721
78.88789645
78.75320772
82.54859428
82.09490593
84.02024584
86.69417152
88.98955099
89.02357762
85.18991111
82.56560759
80.8401741
79.85623751
78.37749706
78.26691052
78.6653056
77.32976054
74.67568372
74.3212397
74.5112217
74.5112217
74.83305687
75.24137638
77.13552522
76.66482356
76.66482356
76.16718415
74.56651496
72.06130464
66.113734
61.86749465
59.71105724
51.67368466
53.85705982
55.86604852
54.82540088
53.80885543
57.33911786
56.6614209
58.148668
55.24364482
55.95253286
56.44024783
57.33344676
57.19308692
57.16331363
57.12078034
64.28054953
65.65295677
64.98660202
66.0485163
69.03435271
74.12133328
74.34250634
74.0546978
72.46537082
69.23567692
68.27017141
68.81885075
68.89541066
68.48283782
69.08113932
69.08822821
74.8727546
74.1794621
75.16481647
77.41199155
76.26642848
76.80518339
76.64639247
70.90865269
71.59202076
70.98663037
71.78058497
72.53484185
71.66149178
72.36896205
72.42992642
73.18134774
73.50034736
74.84723463
74.85148796
76.41671274
76.76406788
79.64498887
78.93042973
77.43325819
75.90064225
75.30659408
74.04193782
72.43985085
71.54665192
71.62888293
71.27585669
72.31366878
73.01263238
73.23522323
73.31461869
73.14448556
73.44505409
73.53437398
73.22388102
74.51972835
72.75601492
71.92661591
70.19125799
70.45496434
69.42565891
68.46582451
67.74275871
67.45211461
67.6718699
67.30324812
65.19217955
63.17610197
62.78337799
64.31599393
64.47903818
62.67137368
60.56455843
61.58961054
63.08111097
62.82874683
63.09812428
64.42090936
64.36561609
63.13498646
62.71248919
62.02345002
59.5947996
57.63259751
58.09337473
57.40150001
56.33816795
57.63685084
57.48940212
56.85707399
55.48608453
52.83484326
50.5394638
49.45628287
49.4605362
47.92366694
46.06212695
48.92887017
53.15809621
53.95488637
51.54041371
50.84712121
51.12642309
52.10894191
51.85374222
49.5257539
48.77858591
48.87924801
50.87547673
49.60514936
48.54607063
48.14625778
48.84238583
48.41988856
47.99880907
46.64908624
45.41420328
45.91042491
46.31590887
46.74407724
46.73415281
46.44634426
45.27809678
42.40993577
42.16749607
40.65331122
39.62400578
37.47465725
38.51105156
39.95009428
38.32674067
37.8035813
36.7785292
35.32530872
34.35980321
33.35034665
31.92122836
31.43209561
31.64192647
32.66981413
32.62869862
31.36829569
32.6301164
34.01386585
33.54458197
32.44438773
32.36499227
31.60364652
30.8167808
28.05069967
28.89994754
29.11828506
30.20855486
31.81631293
35.1013001
38.16369643
38.35367842
37.49308834
38.21473636
36.67077822
38.11974537
39.9430054
41.88819418
40.61644904
39.3092595
38.13675868
39.27381509
40.43922703
42.96003289
43.54557441
42.80407752
41.63441226
41.37212369
41.23459941
41.23318163
39.73175677
39.54177477
39.72466789
41.11834177
43.3385791
45.60702083
45.03849262
44.48130662
43.99500943
45.78707839
47.872627
47.43595197
47.05740575
45.5432209
45.62545192
45.55739866
45.96713595
45.91609601
45.75730509
45.47942098
46.83197936
51.04560986
51.24268073
50.69400139
51.16328527
50.79749904
50.43171282
50.60184594
50.58908596
50.20628642
50.45865056
50.75780131
50.89674337
50.98889881
50.54938823
49.97518892
50.53662824
49.93123786
48.69210157
48.12924447
46.91137482
44.86977727
44.92790609
45.02715041
44.3579601
45.54889201
45.10087477
45.5021054
45.52620759
44.45436888
43.34425021
42.55596671
42.45814016
41.93356301
42.26106929
42.39292246
42.32486921
42.13914054
42.59141111
42.74169538
42.33479364
42.62543774
42.98980619
43.05927722
43.05927722
42.23129599
41.77618987
42.96428622
43.92412062
43.40237903
42.48507791
40.78941772
36.99544894
36.29506756
37.32295521
37.58807934
37.00253782
35.37067756
34.5029986
32.79741398
32.64854749
33.57293749
35.45432634
35.27710433
35.06160237
34.46046531
33.70053734
32.91934272
32.90516496
32.50960543
32.5351254
33.68777735
33.13342691
33.35459997
33.96991479
33.82530163
33.82530163
33.82530163
33.72463953
33.02992925
32.37775226
32.35932117
32.63862306
32.48266769
33.57293749
34.48456751
33.79694611
34.84751818
34.74260275
34.46755419
34.58522961
34.29600329
34.03513249
34.38815873
34.45762976
34.48314973
34.44486978
36.21283654
37.6972481
38.02191882
39.93166319
40.65898232
40.35983157
39.79413891
39.16322856
38.53515376
37.86029235
37.88439454
38.43874498
38.62589143
38.60604256
38.65991805
40.08620079
41.09565735
42.76863312
43.17978818
42.56447337
41.43167028
41.83715424
43.31731246
44.81873733
46.33292218
46.87167709
47.72801384
47.04322799
46.62498405
47.33954319
46.31449109
46.28046446
47.34946763
47.46714304
48.17177775
48.28094651
50.62311259
51.21716076
49.45061177
49.91422455
49.76110473
49.66044263
49.83908242
48.73321708
49.28047864
49.45202955
48.66941715
47.2147789
47.56496959
47.61459175
47.10561014
46.01108701
44.89104391
46.75541945
48.7317993
48.20580438
48.04701345
47.96620022
48.46242185
48.702026
48.85231027
52.00686204
55.23088483
56.67134533
54.60564558
55.61935548
57.11936257
57.07682929
59.49839082
61.5796861
64.18414076
63.22572413
62.61891597
65.28149944
67.87035856
68.52253555
67.99086952
68.5849177
69.70354302
67.8618519
64.90720656
65.5622191
66.33207151
67.41099911
66.32498263
63.80984787
62.84292459
61.46484624
58.85330271
60.06691903
60.72334935
59.63307955
59.41899536
57.14346476
57.23278465
58.17135242
58.93269817
59.98185247
61.01541123
61.23941985
60.07259014
58.75264061
57.25121574
55.1911871
51.91470659
50.32679739
53.02482526
52.39675046
52.7497767
53.6982689
55.34856025
58.54139197
59.77060383
59.77202161
60.50926517
60.45255412
60.5191896
59.50831526
58.84337828
59.47428863
58.99649809
58.68033403
58.48893426
60.38591865
60.61701615
59.90245701
61.78809919
63.35048842
62.91097784
62.23044532
60.73610934
60.61559837
60.64678945
60.36181645
60.22570995
58.91143153
58.65056073
57.84951725
56.80886961
56.78618519
57.43977996
57.02578935
57.13070478
56.59478542
55.78523528
55.62786214
56.19355479
55.65621766
54.01017963
52.53002141
50.25590858
52.3527994
51.02292544
50.65430366
49.44352289
50.47708165
50.67982363
52.04088866
51.75166234
50.93360555
51.88351552
51.58720032
52.30743056
51.66659578
51.18171636
51.21148966
52.9752031
53.1765273
52.4832348
52.78380333
54.70063658
54.12927282
53.09571406
57.2951668
57.17607361
55.28192477
54.76585428
54.36604143
53.6741667
52.89013653
50.9066678
49.2889853
49.50874059
49.29323863
51.29372067
50.63587257
50.77197907
50.02481108
50.63303702
49.90571789
49.91847788
49.20108318
48.51062623
48.68217714
48.4000397
48.09238229
48.45958629
48.26535097
47.58056513
46.86458821
46.8830193
46.10891356
45.8990827
45.93310932
47.16515674
46.48178867
47.27148994
47.46714304
47.90523585
49.4194207
47.41184977
47.07300129
49.43501623
50.35798846
48.57584393
48.1037245
47.41184977
46.51014419
46.29747778
46.36836658
46.28330002
45.88774049
45.71193626
45.93736265
45.9643004
46.33575773
45.56023422
45.63962968
45.42838104
44.30266684
43.69302312
44.8442573
44.91939943
44.96476826
44.352289
42.72184651
41.17505281
40.32296939
39.64243687
39.17315299
39.34612167
39.51200147
42.04556732
41.11550622
39.57154807
39.12778416
38.61454922
37.64195483
36.57011612
37.09611104
36.07673004
35.49118852
36.0611345
36.21000099
37.57390158
37.77239023
37.77097245
37.58524379
38.30830959
38.71804687
37.61501708
36.24828095
37.7383636
36.82248026
36.44251627
36.1858988
36.68495598
37.08618661
37.70859031
38.68969135
37.94535891
37.89006564
37.85887457
37.42078176
37.40802178
36.53183616
37.68590589
37.98363886
37.7979102
37.45480839
37.63628373
37.5370394
39.71899678
37.52144386
41.89528306
41.83431869
41.50255909
41.70104774
41.82297648
43.5937788
43.38678349
42.08810061
41.20624389
41.08147959
41.80596317
41.90520749
41.7861143
41.60463896
40.32864049
39.79981002
39.99404534
39.94584095
41.64433669
44.32818681
45.71335403
45.23698127
45.21855018
44.70956857
44.00209831
42.62685551
42.47090015
41.45151915
40.47325365
41.49830576
40.16984957
41.54651014
42.12921611
44.01344052
46.14010463
46.14010463
45.51628316
45.62545192
46.28330002
46.04511363
44.71240412
44.47138219
45.29936342
46.43641983
46.54558859
46.26770448
47.20201891
46.23651341
45.64955411
46.63632626
47.20769002
48.68784824
48.48652404
47.02763246
46.46477535
46.64908624
47.37782315
47.1141168
48.53898175
49.6561893
49.71290034
49.79087803
49.81356245
50.10420654
51.06545872
49.92414898
50.16375314
50.54088157
51.01441878
50.06876214
48.71053266
49.13019438
48.04701345
46.9241348
46.15428239
47.59048956
48.04559568
48.27102207
48.18170218
48.85514582
46.9836814
46.50589086
46.99360583
46.32299775
45.55172756
46.81921937
48.03141792
47.98746686
47.52952519
47.53094296
47.31685878
45.85513164
45.50352317
44.65285753
44.77620405
45.38442998
44.72091078
44.27856464
44.33952901
45.50635873
45.6679852
45.6679852
45.07393702
44.56779096
43.25776587
42.48082458
42.48082458
41.59896786
41.16229283
39.69773014
39.36880609
39.47797485
37.51010165
35.05734904
37.81492351
37.75254136
37.64904371
37.68165256
38.74923795
38.74923795
38.63723364
39.89480102
41.53942126
41.53942126
39.44820155
39.23837069
37.95103001
37.78940354
36.31491642
37.01955113
36.60130719
35.09846455
35.02615797
37.54979938
37.11312435
36.23268541
36.69346263
36.76435144
37.24355975
36.92456013
36.93732012
37.57531935
36.92597791
37.90282563
38.81445564
39.20434407
38.38486949
37.54979938
37.48174613
35.61169949
36.62824493
36.81255582
37.84327903
37.1698354
37.44488396
37.14147987
35.30120653
34.38815873
32.74212071
32.97038266
32.16083252
30.98407837
32.01621936
33.78418613
34.39950094
34.09751464
34.89572257
34.3427899
34.67171395
34.93825585
34.71991834
35.37209533
35.03891795
33.97983922
34.13012349
33.88910156
32.7010052
31.26054471
31.49873109
31.50014887
31.50156664
31.58379765
31.53133994
32.27850793
32.27850793
31.95809054
31.04929607
32.57624091
32.89240497
33.76433726
33.96707924
34.45479421
33.32624445
34.13579459
35.000638
35.14241561
34.53135412
35.34515759
36.53750727
36.93590234
36.87493797
36.87493797
36.87493797
36.87493797
36.92739569
36.40707187
36.95575121
37.14147987
37.04223555
36.05829895
36.18731658
36.52191173
36.16463216
36.3574497
35.94487687
35.97039684
35.80877036
35.64572611
35.24307771
34.74543831
35.18778444
34.11027462
33.31348447
33.99118143
33.58002637
33.73456396
33.58711525
31.90279727
29.63152
30.73454979
31.29173578
30.54315001
30.54740334
30.36167468
29.55637787
29.24304935
29.15231168
29.83709753
30.20855486
30.04409284
29.17216055
29.26431599
27.64946904
27.33472275
28.70004112
27.70618009
28.23642834
27.8834021
28.12300625
28.10457516
27.22697177
25.26476968
25.27327634
26.79029674
26.38055945
26.9646832
28.57811237
29.1452228
29.1452228
29.15372946
27.98122864
29.69390215
30.85080742
30.13624828
30.13624828
29.9335063
30.19154155
30.5204656
30.93729176
30.94296287
30.94296287
32.99590263
33.1632002
31.94533055
31.96376164
31.85884621
32.28985014
32.01196603
31.71565083
30.65515432
30.89334071
31.26054471
32.08852594
31.77236187
32.69816965
33.46660428
33.28087562
33.15044022
33.31632002
33.62823076
33.06962698
32.2388102
31.54268215
31.67311755
32.27141905
33.04694257
33.2284179
33.62397743
34.23078559
34.11452795
33.79127501
34.03655027
32.87255611
32.52378319
31.49731331
32.11688146
31.80355295
33.11641359
33.29505338
33.30923114
32.56206315
32.8966583
32.09277927
32.5648987
32.56348092
33.2227468
32.90516496
32.17217473
32.16933917
30.93445621
30.85080742
30.28086144
30.92594956
30.60127883
30.43256348
29.5960756
29.1395517
28.28179717
28.43917032
28.01809082
28.34985042
28.33850822
28.04361079
28.41223257
27.98548197
28.15277955
28.52423688
28.54408575
27.63103795
26.95617654
26.4429416
26.51950151
26.24303518
26.08566203
26.25154183
27.3262161
27.7940822
26.02611544
25.08187657
23.9419846
24.05257114
22.85596813
23.04878567
21.90605816
22.17543561
22.5553996
22.14991564
22.28035104
22.05067132
21.1333702
21.88762707
21.41550763
20.60453972
20.17778912
19.96795826
20.25151348
18.336098
18.79545745
19.28884352
18.93014617
19.04640381
20.11257142
20.0246693
19.86446061
20.97174372
20.15935803
20.21323352
20.4755221
21.16172572
21.16172572
21.16172572
21.40132987
22.14424454
21.90322261
20.89943714
22.12723123
22.50577744
22.72269718
21.54168971
20.9136149
20.85548608
20.86824607
19.84744729
20.02183375
20.13525584
21.49348532
21.5005742
21.49348532
21.93016035
21.49064977
21.56720967
21.68772064
21.88337374
21.81815604
22.46607971
22.16976451
21.50908086
22.23356443
22.26759106
22.10880014
22.32146655
23.09273673
23.92497129
24.11353551
24.2737442
23.62156721
23.34793643
23.71797598
23.98735344
23.9660868
23.92638907
23.40322969
23.39472304
23.79170034
23.57903393
24.22979315
24.38574851
24.78556137
24.71467256
24.65370819
24.76854806
24.97696114
24.15181546
23.95758014
23.88385578
23.80871365
23.8767669
24.21136206
23.41031857
23.4500163
23.45710518
23.46986517
23.75767371
23.89094466
23.86826025
23.86826025
23.82714474
24.02705117
24.46089065
24.95427672
24.40559738
23.20190549
22.68441722
22.63904839
22.77940822
22.22505777
22.07760906
22.37392426
22.38101314
22.18252449
21.5005742
21.29074334
21.35312549
21.27231225
21.39424099
22.14282676
21.72032949
21.62533849
21.45945869
21.43252095
21.34178328
21.36730325
20.94480598
21.30066777
21.97127586
21.97127586
21.97127586
21.97127586
22.46891526
22.77231934
22.55681738
22.1229779
22.20946224
22.06484908
21.6012363
21.71749394
22.20520891
21.79830718
21.63951625
22.11447124
22.43063531
22.66882169
23.25861653
23.29122538
23.70805155
23.75625594
23.62582054
23.77468703
23.44718075
23.34793643
23.12392781
22.91551472
22.45190195
22.57950179
22.51286632
22.29736435
22.78224377
23.00908794
23.00483462
23.00908794
22.83753704
22.83611926
22.88999475
22.8871592
22.76381268
22.82477705
22.53838629
22.50435966
22.51144854
22.64188394
22.84320814
23.3436831
23.52941176
23.41598968
23.12818114
23.58470503
23.73073597
23.85408249
23.74774928
23.80446032
23.89519799
23.89519799
24.58281939
24.73877476
24.53319723
24.60833936
24.54453944
24.54453944
24.4041796
24.38574851
24.3687352
24.71609034
24.76287695
25.44482724
25.44340947
25.09605433
25.10597876
24.74019253
24.80399246
24.68631704
24.72317922
24.4041796
24.27232643
24.08801554
24.1730821
24.03272227
24.2680731
24.40276183
24.24964201
24.3687352
24.26381977
24.13621993
24.28508641
23.98877121
23.55634951
23.47270072
22.90984362
23.1182567
22.99207463
23.44859853
23.21182992
22.71844385
22.97789687
23.26428764
23.26003431
23.02610126
23.37487417
23.77468703
23.75909149
23.82714474
23.83848695
23.65275828
23.37770972
23.59746502
23.39897637
23.19056328
22.82335928
22.87014589
22.48025747
21.64235181
22.09178682
21.38998767
21.2751478
20.78885061
21.13620575
21.77704053
22.17685339
21.98403584
21.52751194
21.17023237
20.72930401
21.27231225
21.32051664
21.56437412
21.41125431
21.7018984
21.48923199
22.08611572
22.11305346
22.30445323
22.49727078
22.56248848
22.63621284
22.19528448
22.18110672
22.08895127
21.91598259
21.73025392
21.74443168
21.56295635
21.26664115
21.20709455
21.04830363
20.9788326
21.06673472
21.40700098
21.33752995
21.28790779
20.83563722
20.55066423
20.83563722
20.34792225
20.31389562
20.06153148
20.12107808
19.99631378
19.81625622
20.0487715
20.08563368
19.88998058
19.88998058
20.04593594
19.7524563
19.90982944
19.51143436
19.53270101
19.43771001
19.04356826
19.20661251
19.21086584
20.01616265
20.44716657
20.70094849
20.85265053
20.64281967
20.40179774
21.16172572
21.10643245
20.79735727
21.12344576
20.42873549
20.26852679
19.97788269
19.84177619
20.48969986
20.28837565
20.31389562
20.53790424
20.552082
20.2855401
20.23166461
20.09981144
20.26994456
20.73781067
20.72079736
20.63573079
20.62155303
20.69811294
20.78176173
20.96323707
20.82004168
20.65274411
21.04972141
20.79735727
21.18441013
21.56295635
21.07665915
21.17590348
21.204259
21.05681029
21.07807693
20.97457927
21.1035969
20.93346377
20.78176173
20.9079438
20.65841521
20.63431302
20.81862391
20.73497512
20.77041952
20.76616619
20.75340621
20.53365092
20.00056711
20.01049154
20.01049154
20.16928246
20.61588193
20.89234826
20.99584592
21.16456127
21.31059221
21.55303191
21.90038705
21.72316504
21.70473395
21.47788978
21.24395673
21.15889016
21.42684984
21.44811648
21.40983653
21.1447124
20.8483972
20.91928601
20.90652602
20.97174372
20.97174372
20.97174372
21.02845477
21.19717012
21.1447124
21.109268
21.01569478
20.96890817
21.32193441
20.96465484
20.79877504
21.09509024
21.09792579
21.23119674
21.20284122
20.86824607
20.86541052
20.74915288
20.63714857
20.60312194
20.51238427
20.70378404
20.49111763
20.02892263
19.48449662
19.37107453
19.31294571
19.44479889
19.70566969
19.64895864
19.92826053
19.58374094
20.17070024
20.28128677
20.42448216
20.45567323
20.3450867
20.3096423
20.36351779
20.12816696
20.26427346
19.71417634
19.627692
19.85028285
19.65037642
19.92967831
20.22599351
19.85453617
19.63619866
19.63478088
19.77939404
19.52561212
19.66738973
19.722683
19.58799427
19.58090539
19.56530985
19.4263678
18.86776403
18.55585329
18.62390654
18.80254633
19.42920335
19.43487446
19.43487446
19.4972566
19.90557611
19.77372294
19.80774956
19.80774956
19.88998058
20.18204245
20.29971786
20.16219358
20.25860236
20.23308239
20.17495357
20.29262898
20.53365092
21.00577035
21.28649001
22.08895127
21.79121829
21.90322261
21.74159613
21.74868501
22.3243021
22.3895198
22.39377313
22.25483107
22.37534204
22.44764862
22.27609771
22.27326216
22.68441722
23.39330526
23.29973204
23.65701161
23.37062084
23.62865609
23.63290942
23.24018545
22.97080799
23.10124339
23.02610126
23.31532758
23.08706563
23.08706563
23.16504331
23.35218976
23.19198106
24.02563339
24.40701516
24.91316122
24.86921016
24.62109934
25.43206726
25.61496037
25.78792905
25.10456099
25.24208527
25.25909858
24.80541023
24.14330881
24.2978464
24.32478414
25.10597876
25.52705826
25.08896545
25.34700069
25.75957353
25.95380886
25.68868473
25.0861299
24.82384132
24.53177945
25.27894744
25.59652928
25.60645372
25.62913813
25.59794706
26.0402932
25.79643571
25.90702224
26.14379085
26.61023918
26.06155984
25.91269335
25.86448896
26.33235507
26.97318985
27.2964428
27.17309628
27.64946904
27.84512214
27.95712645
27.87064211
27.01997646
26.32243064
26.73216792
26.72933237
26.93632768
27.130563
26.94625211
26.28273291
25.84180455
25.55541378
26.01335545
26.80305673
26.65560801
26.67545688
26.46137269
26.79455007
26.79455007
27.17593183
27.44672706
27.73595338
28.17262842
28.83189429
29.65845774
30.06535948
30.29645698
29.89947968
30.23691038
30.64948322
30.51337672
30.86640296
30.83237633
30.86782074
29.07716955
29.30259595
29.65136886
30.76857641
30.84230077
30.81394525
30.91177179
31.47037557
31.57812655
31.41650008
30.65373655
30.7274609
30.42831015
29.95477294
30.12065274
30.64522989
30.59844328
30.18303489
30.26384813
29.77187983
29.32669814
29.27282265
29.34654701
29.76053762
30.06252392
30.30496363
31.2194292
32.15941474
32.04173933
32.22605022
32.04457488
32.02614379
32.0672593
33.26102675
33.55875973
33.87917712
34.18541676
33.20431571
32.88673387
32.51244099
33.24543122
34.21660783
34.88154481
34.53135412
34.77946493
34.77379383
34.78088271
35.05026016
35.57909064
36.07814782
36.07814782
37.82343017
38.38486949
37.5072661
37.48599946
37.79223909
38.1892164
37.07767995
36.82956914
36.45811181
36.38580523
35.82153035
36.44818737
37.57106603
38.14242978
38.14242978
38.14242978
37.46473282
37.83760793
36.69488041
36.33192974
35.89667248
35.08570456
35.78750372
35.27852211
34.94818028
36.01151234
37.36832405
36.64667602
36.62540938
36.83098691
37.35698184
37.98222109
38.14384756
38.28562517
37.66463925
37.90991451
37.84895014
37.53420385
36.79412474
37.49308834
38.17362086
38.17929196
38.11549204
37.71426141
37.6377015
37.6079282
38.07862986
37.77239023
36.97134675
35.83145478
35.99733458
36.17597437
36.08807225
36.6126494
35.68258829
35.3267265
34.4377809
34.68872726
35.35508202
34.39099429
34.13295904
33.53607531
34.58097628
34.98787801
34.810656
35.25300214
35.25441992
36.16463216
36.24969872
36.30924532
36.29506756
36.30357421
36.23268541
34.63201622
34.15989679
34.26622999
34.00961252
32.90091163
31.68304198
31.94816611
33.07388031
31.62207761
31.4746289
31.63058427
30.58001219
30.19721265
30.44390569
31.53701104
31.10742489
31.58946876
31.23218919
29.2345427
29.5067557
29.82291977
29.3054315
28.30164604
26.91931436
27.83661548
29.51526236
29.18350276
30.01006621
30.53464336
30.75298087
30.75581643
31.80780628
31.9665972
32.05166376
31.70005529
31.98077496
30.64948322
30.72887868
31.98928161
32.02330824
31.95950832
32.12113479
32.48692102
31.34135795
31.11451377
31.04220719
30.30071031
29.54078233
29.66412885
29.6726355
30.00864843
31.26621581
31.46754002
31.69721974
31.30024244
31.79646407
31.81631293
31.91697503
32.0672593
32.31111678
32.40894333
31.59088654
31.69721974
31.2492025
30.92169623
30.54031446
30.51337672
31.26479804
31.93257057
31.89287284
32.44438773
32.06867707
31.98644606
31.76243744
31.85033956
31.88011285
31.62491316
31.90846838
31.71281528
31.575291
31.41791785
31.9665972
31.70856195
31.29457134
30.92027845
30.30212808
30.46517233
30.28227922
29.91791077
29.96044405
30.24258149
30.91035402
30.82812301
30.71470092
31.10458934
31.56678434
31.78937519
31.70997973
32.09561482
32.04032155
32.52378319
32.49826322
32.37349893
32.7010052
32.87255611
32.70525853
32.09419704
32.12964144
32.32387677
32.52094764
32.43162775
33.25677343
33.60838189
34.28891441
34.49874527
34.05498136
34.27048332
33.59136858
33.55592418
33.3886266
33.38579105
34.09326131
34.09326131
35.02190464
34.97370025
34.76245162
35.30829541
34.96944693
35.2615088
34.87870926
34.27615442
33.61830632
33.74307062
33.56017751
33.99118143
33.2581912
33.28229339
33.28654672
32.76480513
32.96329378
33.01575149
33.7799328
33.19580905
33.23976011
33.83947939
34.14288347
33.92738151
34.19959452
34.26481222
34.51292303
35.04884239
35.07861568
35.32530872
35.82861923
35.27285101
35.57767286
35.69109495
35.54222846
35.51670849
36.09799668
36.39856521
36.20291211
36.13060553
36.46236513
36.49780954
36.57578722
36.93164902
36.59280053
36.68212043
36.41416075
35.62445947
35.68684162
35.15942892
35.13816228
35.54364624
35.91510357
35.7237038
35.82720145
36.25253427
36.11075667
35.96472573
36.10083223
35.98882792
35.98882792
35.94204131
36.15187217
35.68400607
35.83145478
36.00442346
35.38343754
34.37114542
34.13154126
33.86783491
33.96282591
33.90044376
34.10318574
34.12019906
33.83097274
34.33428324
34.53277189
34.69581614
34.42360314
34.05639913
33.91887485
34.47606085
34.78088271
34.83759375
34.93116697
35.17360668
34.75394496
34.91982476
34.80073157
35.05876682
35.77190818
35.9902457
35.9902457
35.9902457
35.9902457
36.4169963
36.43117406
36.39289411
36.31066309
36.54601392
36.66085378
36.66652489
36.46520069
36.60272497
37.1457332
37.77522578
37.63344817
36.64951158
36.85225356
36.39572966
36.6126494
37.24214198
37.40802178
37.14147987
37.08193328
37.20953313
36.74166702
37.06491997
37.06633774
37.09469326
37.28751081
36.72040038
36.13911219
36.06255228
36.06397006
36.06538783
35.69109495
35.63013058
35.82153035
36.0852367
36.12209888
36.12493443
36.34752527
36.3517786
36.67644932
36.43826294
36.30073866
36.56160946
36.21992542
35.62729503
34.50583415
34.94534473
35.01339798
35.12114897
35.58759729
35.60319283
35.96472573
35.75631265
35.83712588
35.64147279
35.64147279
35.64147279
35.66841053
36.2865609
36.14052996
36.33618306
36.26104093
35.92928133
35.87682361
35.41746417
35.41604639
34.62492734
34.63201622
35.04033573
35.20905108
34.91273588
34.98220691
34.54978521
34.35980321
35.01056243
35.34799314
35.4685041
35.22181107
35.05876682
35.16226447
35.65423277
35.71803269
36.12351665
35.84279699
36.07673004
36.01009457
35.69676605
35.79884593
35.89100138
35.87398806
36.13060553
36.17455659
36.7487559
36.73457814
36.74450257
36.65234713
37.1457332
37.09469326
36.89620461
36.89762239
37.05924886
36.97276452
37.05074221
36.46803624
36.13060553
36.61406717
36.64100492
37.15707541
37.35272851
37.10036437
37.12588434
37.28751081
37.69583032
38.33808288
38.66984249
38.87542002
38.78610012
39.03421094
39.09517531
39.57721917
39.96285427
40.53988913
40.40803595
40.24357393
40.21096508
40.68733784
40.50302695
41.66276778
41.86267421
42.06683396
42.36314916
42.15615386
41.87968752
40.69442672
40.19395177
40.84045766
40.24640948
39.78846781
39.83525442
40.30170275
39.72041456
39.90330767
39.67504572
40.369756
40.43072037
40.42646704
40.37542711
40.37968043
40.00964088
40.02381864
40.29177832
39.88912991
39.84659663
39.82816554
39.75727674
39.75869451
40.69300895
40.61928459
40.42079594
40.11455631
40.21380063
39.99120979
40.19962287
41.49830576
41.64717225
41.6202345
41.6259056
40.85605319
39.73884565
39.74877008
40.09328967
40.09612522
39.13203749
39.26389066
38.46001163
38.71804687
39.11077084
38.15093644
38.23174968
38.08288319
37.69583032
37.80925241
37.74119916
37.46331504
36.9089646
37.51293721
38.2898785
38.4316561
38.54791374
38.71521132
38.13817646
38.14810089
38.70670466
38.98742433
39.04555315
38.8172912
39.02286873
39.13203749
39.60982802
39.88204103
39.93308097
39.89480102
40.46616477
40.50160918
40.39811152
40.6008535
40.2095473
40.15567181
40.65756454
41.07722626
41.00917301
40.61361349
41.37921257
40.99924858
40.94679086
41.14386174
41.13677286
41.16229283
41.35652815
41.21333277
41.71238995
41.71097217
41.87826975
41.77335432
41.87685197
41.87685197
41.87685197
41.65709668
41.70671884
41.43734139
41.43734139
42.03706067
43.15852154
43.38253016
43.71145421
44.41325337
44.14954702
44.27998242
44.65569308
45.25399458
45.7332029
45.06401259
45.20011909
46.1301802
46.28188224
45.82961167
46.20957566
46.30031333
46.20248678
47.28992103
47.28992103
47.28992103
48.33340422
47.82584039
46.73131726
47.97470687
48.35183531
47.32394766
47.2799966
47.52668963
47.33954319
48.07536898
48.14484
47.57914735
47.82442261
48.69351935
49.00117675
49.66611373
49.74409142
49.29323863
49.27622531
48.78851034
48.60561723
48.89059022
49.10467441
49.14153659
47.85844924
46.80220606
46.76250833
46.60371741
47.18075227
47.30551657
48.0796223
48.21289326
48.52055066
49.04938114
49.41658514
48.71762154
49.36554521
49.53000723
50.088611
50.09711766
49.78237137
50.53095714
50.35515291
51.40572498
51.77860009
51.77860009
53.12690514
52.92132761
52.85327435
53.04467412
52.07633306
52.47047481
52.47756369
52.49741256
54.12643727
54.98560957
55.58674663
55.16992046
53.9704819
52.63068351
53.25308721
53.16802064
52.71149675
52.71149675
53.52813577
54.20725051
54.48229907
54.48229907
55.76113309
55.46340011
55.18976933
55.2861781
54.90054301
53.2119717
52.37406604
53.55790906
51.96999986
52.08058639
49.35562077
49.8575135
49.81072689
48.78000369
49.35845633
49.89579346
49.54560277
49.53426056
48.41421746
49.44919399
50.03189996
50.03048219
49.21100761
47.23746332
47.05882353
46.79795273
44.81873733
44.47705329
45.51628316
47.71383608
46.96383253
46.03660698
46.52006862
47.14530787
47.05031687
47.4869919
47.9789602
48.21714658
48.82962585
50.52386826
50.8116768
51.02576099
50.27008634
50.91517446
51.03852098
51.09806757
51.05978762
51.3036451
50.45439723
49.87594459
49.46620731
49.31734082
49.61365602
50.81876568
50.75921909
50.57207265
50.86697007
50.85562786
51.86366665
52.07349751
51.88351552
51.43691605
51.61272029
52.02387535
51.62548027
51.95440432
52.2280351
53.21055393
53.0815363
53.2474161
53.40620702
53.34666043
53.95205081
53.53097132
53.33957155
52.3584705
53.14817178
52.9752031
52.43077708
52.45204372
52.3527994
52.94401202
53.16943842
53.04467412
53.19779394
54.01159741
53.92794862
53.56499794
53.21338948
53.28853161
52.65336793
52.87312322
53.15809621
53.13399402
53.12265181
53.7096111
53.8641487
54.30082373
54.76018318
54.77577871
54.56169453
53.43598032
54.27530376
54.5219968
54.67228106
54.67228106
54.95016517
54.8296542
55.34147137
55.13164051
54.58012561
55.13589384
55.44071569
55.70583982
56.1396793
56.4062212
56.5664299
56.88259396
56.96057165
57.50074433
57.17040251
57.46813548
57.76019735
58.3854366
57.62409085
57.62834418
58.3145478
58.86606269
59.63733288
59.66710618
60.50501184
60.51210072
60.13213673
61.34149972
61.23091319
61.72004594
62.12552989
63.17184864
63.77723902
63.83820339
63.25975075
63.38876838
65.25597947
65.45446812
65.35238824
64.89586435
62.14679653
63.59434591
64.66334907
64.36845165
64.35569166
65.61609459
66.03150298
65.45021479
64.87885103
65.7280989
65.75645443
64.97667758
65.93651199
66.60712007
68.02347837
67.31600811
68.83302851
68.90391732
69.49512994
69.50221882
69.49796549
73.05233011
74.04193782
74.03626671
74.03626671
75.94175776
76.96255653
74.36235521
74.01641785
72.92047694
72.02018913
70.28341344
69.4384189
70.45638212
72.62841507
72.88786809
72.22576666
72.63975728
72.43134419
74.05753335
73.88598245
74.53674167
73.46348518
71.49135865
71.44598982
72.43276197
71.18795457
71.22339898
71.50978974
71.53956304
72.05279798
73.18843662
73.97530234
73.75412927
73.75696482
72.15346008
72.59580622
73.75980038
74.21065317
74.21065317
74.21065317
74.75366141
75.25271859
74.85857684
74.09439553
72.28105993
69.9658316
68.41478457
68.21771369
64.45635376
66.43556917
66.4511647
68.37366906
68.37508684
69.76167184
69.16478811
67.3755547
68.24606922
68.47291339
69.52206768
69.9006139
70.43653325
71.05893695
71.49561198
72.21017113
72.06839352
71.50270086
72.54051295
72.66669502
72.68654389
73.27066763
74.5523372
74.55375498
74.5523372
74.56226164
75.41576283
76.21822409
76.14166419
76.08778869
77.69412899
77.79337331
77.77919555
75.25980747
76.45924603
76.48193044
76.66907689
76.19128635
76.77541009
75.9034778
75.27256745
75.27256745
75.10526987
76.29053067
77.68278678
78.34914154
77.84866658
78.4937547
78.88506089
77.76643557
81.47250223
80.9351651
81.47817334
81.45123559
81.05992939
81.41862674
81.15633817
81.22297364
81.15775594
79.56275786
79.71587767
79.4181447
77.83023549
80.22344151
80.92098734
81.24991139
81.99424383
82.17288361
81.94036834
80.93800065
81.40019565
81.66531978
81.54339104
83.27733118
84.68943615
87.95882778
87.97158777
88.43094722
90.23152283
90.72207336
89.75656785
89.07887088
88.45504941
89.67008351
89.40070605
89.38511052
92.25043597
92.60346221
93.11669715
93.58598103
95.68996073
96.38183545
94.90734833
95.6204897
97.12475012
96.24005785
96.56756412
94.84496619
95.46311656
97.79677598
99.06568557
99.99858222
99.48251173
98.91256575
95.58788085
96.32087108
98.66729049
94.88608169
94.21547361
94.78825514
91.25657494
90.4229226
93.98721166
94.21547361
90.87093984
91.29769044
91.79532985
88.69040024
83.85294827
81.4980222
88.37140062
90.46970921
93.38891016
96.70367062
97.33599875
103.2509605
102.6710901
100.5061461
102.5633391
105.4315001
105.57186
105.5179845
105.4981356
105.774602
105.8837707
105.7972864
105.3974735
106.5699743
107.0732848
109.338891
108.9419137
109.1829356
113.6716147
115.4126437
116.0137808
120.6555797
120.2373357
120.241589
123.787447
125.3399118
125.3399118
131.7482597
127.1858563
122.8673103
128.0705485
127.5062737
128.9424808
131.7369175
136.9429912
135.8910014
140.8177732
139.419846
140.3102094
141.2742971
141.2856393
135.7506415
140.8050133
140.9467909
141.4415947
142.2639048
146.6320729
147.4699786
145.764394
147.1141168
142.7161754
134.1343768
134.9283314
136.07673
130.4495768
129.726511
122.0520891
121.6026541
129.9944707
127.8663888
122.3469865
120.9348815
123.3266698
117.696681
114.543547
115.7330611
121.29925
119.4674833
120.1820424
125.4263962
126.5209193
126.693888
126.9292388
129.7463599
130.7217898
128.871592
126.1735641
128.6660145
125.1244099
120.495371
118.4169112
114.4258716
114.5945869
116.6049934
116.9268286
119.2505636
122.5681596
122.5596529
122.5695774
122.033658
119.5624743
121.0624814
121.0624814
120.2274113
116.759531
119.779394
117.56341
117.6796677
120.3323267
119.5369543
118.418329
115.6352346
112.0851233
105.2188337
107.4915288
107.5000354
100.9130478
90.57037132
99.72636922
97.3331632
104.5453901
99.45273843
99.78024471
95.73674734
94.94846384
99.84688018
105.6838643
105.6725221
99.35632966
99.35632966
99.35632966
95.57795642
97.14318121
98.72967264
102.7419789
104.5283768
103.2013384
105.2542781
102.6767612
102.880921
101.412105
100.6706081
101.3809139
105.0118384
105.5761133
104.9693051
101.4787404
98.34261977
97.41397644
98.72683708
95.31283229
94.79392625
95.19090355
96.92200814
91.3416415
90.02310975
83.70691733
83.55805084
86.62470049
82.40114556
82.43800774
82.42524776
88.87896446
89.93237208
90.40449151
94.29486907
92.21215601
93.00894617
96.56189301
98.69989934
98.69989934
101.3015184
99.67107595
97.28921214
98.26605986
100.6918747
95.89837381
96.20177789
96.06425361
98.00377128
97.54157628
99.8638935
101.7679668
104.5368834
108.0685637
106.552961
106.7018275
107.4362355
106.5387833
106.5387833
109.0071314
108.9121404
109.472162
105.8667574
104.5425545
103.1573873
103.1361207
105.1904782
105.2145804
105.4144868
106.4196901
107.5340621
104.64747
105.8851885
103.9513419
101.9763799
98.12995336
99.24290758
98.87286802
99.64130265
100.7570924
102.5590858
99.91209788
98.43902854
98.05906455
99.07702777
99.07702777
94.07794933
93.33503466
91.97680518
89.96498093
92.28588037
92.41915132
94.04108715
91.25090383
90.66961564
90.07698524
88.93425772
89.96214538
89.14408858
87.26411751
87.99710774
87.97016999
86.27025648
83.62752187
84.28536997
87.14360654
84.39737428
87.44559284
88.34020955
90.20742064
89.59494137
85.72299491
85.85484809
87.87659677
88.0112855
90.2159273
90.06989636
92.67860434
92.24618264
89.85297662
89.69135015
88.01553883
89.77499894
90.0557186
90.45411368
88.85202671
86.04483008
86.03348787
85.79246594
84.31939659
83.46731317
81.71494194
80.0759928
81.34064906
80.55803666
79.32031815
77.681369
80.53393447
78.72626997
78.71067444
81.40019565
81.37609346
83.84444161
81.80567961
82.70454964
81.24424028
81.22439142
78.76880326
77.41199155
75.67946918
78.50793246
76.46775268
73.80942254
70.48048431
70.08350701
70.08350701
65.26448613
62.35095629
62.51967164
71.09438135
72.6978861
68.85429515
69.07546822
68.95353948
67.73566983
64.25219401
65.09293522
65.09293522
67.01827513
64.88452214
60.49083408
60.4894163
54.04987736
55.93126622
51.9260488
58.18269463
60.97713127
57.31076234
53.90384643
51.50213375
54.71056101
53.3424071
49.62499823
47.71383608
43.82912963
38.55074929
42.82109084
43.70294756
50.28851743
50.17651312
51.67368466
51.75875122
53.84997094
49.1996654
50.60609927
54.57445451
52.38115492
52.17415961
49.80363801
51.43266273
51.40997831
48.85514582
48.4000397
46.21950009
47.4813208
47.05173465
48.64815051
50.25449081
51.47944934
52.34571052
53.67274893
51.22992075
52.76395446
52.68030567
54.01726851
58.67182737
57.64252194
61.08346448
60.88497583
57.22286022
58.30745892
58.91426708
61.36560192
62.2020898
61.0763756
58.8717338
56.34383905
56.08296826
56.08296826
56.08580381
57.14630031
57.05556264
57.83250393
57.83250393
60.53620291
63.28243517
62.8599379
60.16474558
56.98609162
56.77200743
54.40715693
53.05459856
54.02152184
52.42652375
52.8504388
53.37643373
52.20251513
50.72661024
50.81309458
50.18076645
50.18076645
50.18076645
50.18076645
52.34571052
53.06168744
51.55459147
51.80553783
53.5380602
54.69071215
56.61463428
56.9634072
57.50216211
56.06170161
54.59713893
56.03476387
55.78948861
53.3126338
53.6387223
53.92227752
52.53002141
54.26821488
52.63493684
53.33106489
52.01962202
51.37311613
49.24503424
49.53567833
51.63824026
51.33767173
50.59050374
50.07585102
51.1023209
52.11319524
52.01678647
53.99316632
56.03618165
55.03948506
55.83911077
56.37219458
54.82256532
58.01114372
58.92560929
58.00121929
60.72760268
61.00832235
57.69923298
58.59526746
58.66757404
61.79802362
61.75407256
63.01872882
62.49982278
60.80416259
62.64868927
62.67562701
62.70256476
65.24321949
66.42564473
65.77913884
65.45305035
66.25976493
64.55843364
62.71248919
64.12884749
64.40531382
62.19925425
61.11607333
63.25833298
64.96533537
64.96533537
69.21724583
69.28813463
70.30609785
71.07311471
72.13644677
70.55279089
70.32452894
70.81507947
69.01308607
70.01120043
71.03483476
72.86093034
72.77302823
72.04854465
71.16243461
71.26026115
70.49040874
73.80658699
73.80658699
75.45404279
79.22107382
77.23051621
78.43562588
77.59488466
78.79290545
77.67144457
76.60385919
79.89451746
80.23053039
80.02778841
78.35197709
76.68041909
76.52729928
75.03012774
75.58022486
76.31746842
74.02350673
75.77871351
77.28580948
79.09489175
78.9970652
78.13363957
78.14923511
77.96208867
78.14498178
77.26312506
76.34865949
75.55186934
76.11047311
75.68230474
73.64496051
76.18136192
77.73949782
78.08259963
79.74281542
82.64642082
82.40681667
81.53771993
83.58357081
84.64123176
86.44180738
88.26081409
85.51316405
85.35720868
86.58925609
88.46072051
87.49237945
86.19227879
87.59729488
85.07932457
87.14360654
87.6554237
85.03253796
86.64738491
86.5056073
82.77402067
82.9795982
81.6936753
83.14831356
82.6421675
84.20597451
83.80757943
83.62326854
82.61664753
81.77874187
80.49565452
81.07552493
79.78251315
81.52495995
83.95361037
85.36146201
86.95504232
85.96968795
86.83878468
87.18897537
86.22205209
85.6705372
87.60013044
88.67764025
88.02829881
87.00750004
87.66960146
87.40589511
85.2140133
85.24662215
82.99377596
84.51930302
83.85153049
83.85153049
82.04811932
82.76267846
85.089249
86.95504232
87.685197
87.80570797
87.01458892
87.94181447
89.76791006
90.14078516
89.62046134
91.23389052
91.61527228
91.36857925
91.06942849
92.97208399
92.97350177
91.68048998
89.73388343
87.33642409
89.2319907
89.16960855
87.69512143
89.66583018
89.46734153
90.82273546
92.25894262
92.61196887
93.60724767
92.97350177
93.61858988
95.08315257
95.20791686
94.998086
94.12757149
93.26698141
94.58693094
93.2797414
94.05951824
92.63607106
88.37565395
91.41961919
92.83314193
93.8723718
94.87615726
94.82937065
94.28210908
93.40025236
91.95412077
91.50043242
92.22775155
93.10960827
92.1596983
90.94749975
89.58643472
88.24380077
87.4484284
88.14455645
89.17527966
90.10108743
90.09966966
90.36904711
90.23010506
89.9905009
91.88748529
91.88748529
91.88323196
94.43664668
94.97540159
94.07086045
94.1332426
94.77265961
94.51037103
91.83077425
91.78682319
91.76413877
90.76885997
92.12708945
90.58738463
88.29767627
87.79720131
87.05995775
84.00606808
83.45455319
84.97015581
84.07979244
84.63981399
84.85673373
87.2286731
85.53301292
82.28914125
81.49518665
82.50747877
83.56230417
85.2196844
85.12894673
85.12894673
85.12894673
86.22488764
85.64218167
83.27166007
85.13887117
86.01647456
85.44936413
84.89643146
85.89312804
87.94039669
88.26932074
88.34020955
86.74095813
87.74616137
89.61904357
89.78492337
90.05855415
90.0500475
89.89834546
88.91157331
88.7343513
90.36479378
90.18331845
90.46403811
88.76696015
88.59824479
88.68898246
88.06516099
89.0065643
90.12235408
90.98861526
90.55761133
92.31281811
92.31707144
92.31707144
92.31990699
94.51320658
93.92482951
95.08457034
94.25375356
93.64410985
93.75753194
93.72775864
92.09164505
89.88558547
91.2707527
90.97018417
90.60014461
90.02169197
91.48058356
90.10534076
88.96828435
88.19559639
90.01885642
88.68047581
88.30618292
85.93424355
84.50796081
83.94226816
86.23055875
85.16864446
84.99567578
86.48575844
85.49615074
83.08876696
84.22865893
82.02968823
81.25558249
81.26834248
82.5769498
78.90490976
80.8401741
82.29197681
84.12516127
84.42431202
82.57269647
82.16295918
83.67714403
83.68281514
81.91484837
82.13318588
82.49046546
82.51314987
83.7324373
84.78442715
84.90493811
84.90493811
85.52167071
86.0022968
89.1724441
88.67338693
88.54011597
87.89644564
87.40022401
87.48245502
85.2849021
85.18849333
85.1785689
83.71258843
83.23054457
84.92478698
84.04718359
84.80002268
86.32129641
86.83878468
86.57507833
86.75088257
85.24803992
84.9829158
84.65540952
85.81940368
87.11808657
87.3888818
88.36856507
87.90920562
88.52168489
88.8704578
88.72017354
88.63652475
90.47254477
90.30808274
90.54910467
90.47538032
90.49381141
91.02689521
89.33974168
88.15873421
87.46118838
87.79578353
88.35722286
88.49049381
88.27357407
88.62801809
88.41676946
87.67385479
86.93094013
86.43755405
86.22772319
86.15258106
86.95220677
86.3340564
86.87422908
88.01979215
88.69465357
90.14645627
90.20033176
88.79389789
89.07319978
89.16393745
90.96167751
91.29485489
91.08218848
90.63133569
91.80808983
91.81234316
92.14410276
92.12283612
92.12283612
92.27028483
93.14647045
92.29296925
93.66821204
93.50233224
93.50233224
94.93712163
95.00092155
95.91396935
95.63608524
95.68712518
96.75471056
96.53779082
98.44328187
100.0085067
99.89650235
98.72541931
99.70652035
98.50708179
99.35349411
98.60207279
99.347823
99.29820084
97.08930572
97.27786993
97.0014036
99.14791658
99.40311627
101.1328031
101.8530333
103.096423
103.8279954
102.8199566
101.5794025
102.6696724
99.96739115
98.70840599
97.11199013
94.79817958
96.92059036
97.12333234
97.39129202
94.98249047
95.16821913
95.6261608
94.74572186
95.58220975
94.84638396
95.63608524
96.83268825
96.33079551
95.95508485
96.65688401
95.25045014
95.37096111
95.04912594
95.54392979
96.09260913
94.41821559
93.0131995
93.19751039
92.74240426
94.03683382
94.18853586
93.66679427
93.18758595
93.17766152
92.0703784
93.2854125
93.60724767
94.25517134
95.72824068
96.82134604
96.76747055
96.87805708
96.5151064
95.74525399
96.35489771
97.73439383
98.11152227
98.02929125
96.79866162
96.8114216
98.08742007
96.15073795
95.39648108
94.6663264
94.7017708
95.12426807
95.06188593
94.25942467
94.02832717
94.05951824
95.35536557
95.35536557
95.35536557
93.64978095
93.45838118
91.59967675
89.57934584
90.26129613
92.42340465
91.70459218
92.5269023
93.10251939
94.16018034
93.72208753
91.56281457
90.72632668
89.36667943
90.77736662
92.25185374
93.58314548
92.8529908
93.62142543
95.06188593
94.8322062
95.82748501
96.35206216
95.57795642
93.98012278
94.73437965
92.22775155
92.69136433
90.75326443
91.00279302
92.81187529
93.94609615
93.71783421
94.40262005
95.31425007
94.69893525
94.87757504
96.39317766
97.01983469
98.32985978
99.66540485
99.66540485
100.1446132
100.2693775
100.6294926
100.5345016
98.98629011
99.92769342
99.5675783
99.81852466
99.22164093
98.03921569
99.91635121
101.0122921
101.006621
100.9924433
100.3360129
99.47542285
98.57513504
98.10301561
98.10301561
97.53590518
95.87285384
95.56236088
95.66160521
96.48958643
96.48816866
96.88372818
95.76368508
96.20319567
94.91160166
95.06046815
95.85016942
96.15499128
96.22304453
94.04675826
94.40262005
94.35158011
94.81377511
95.92531156
96.18051125
97.96690911
97.8605759
96.18760013
95.00375711
95.00375711
94.56141097
93.62142543
92.68994655
91.9342719
92.2008138
92.32416032
92.06187175
90.3577049
89.33123502
89.21923071
90.31517162
90.61432237
90.18473622
92.51272454
92.29864035
92.32699587
92.2958048
93.59023436
93.59448769
95.72256958
95.69421406
94.65923752
94.79959735
95.57653864
93.94609615
90.57037132
92.35251584
92.58786667
92.25468929
91.75137879
91.77122765
92.3666936
92.00090738
93.96169169
92.80053308
94.12190039
94.1389137
93.80998965
92.9536529
93.96169169
92.42340465
90.62424681
90.16772291
86.44180738
84.07270356
79.59111338
81.35199127
80.80189415
80.76786752
83.86570825
83.95077481
83.90115265
82.43517219
79.57551784
78.73335885
80.68421873
78.88789645
80.29716587
79.55708675
81.00463613
82.57836757
84.20455673
84.65966285
83.09160251
80.2064282
80.46162789
81.90067061
81.32930685
81.00747168
77.4389293
77.41766265
77.2432762
77.51265365
78.71492776
76.17569081
76.17569081
75.45829612
70.93700821
69.79286292
67.67045213
71.36659436
71.80610494
71.79334496
69.59720982
65.58773907
63.33205733
63.33205733
67.37697248
69.67376972
69.39305006
71.82737158
73.08068564
75.48239831
73.86046248
75.8921356
72.00459359
72.71206386
70.99230148
71.21914565
74.60337714
75.75744687
76.86047666
80.43610792
80.83166745
79.92570853
77.75651114
79.63931777
78.33638155
80.82174301
80.12277941
79.91720188
81.44556449
77.43609374
78.33638155
80.31701473
79.79101981
78.06983965
77.53533807
75.60858038
74.30280861
74.446004
72.64259283
73.17142331
72.03720244
73.54713397
74.53674167
73.29902315
78.21587059
78.22012391
78.5589724
77.35386273
78.6653056
78.19318617
76.03107765
75.9034778
75.31793629
74.9138701
73.40535636
74.73806587
73.77114259
73.59108502
75.1336254
75.05281216
76.35007727
76.34440616
76.3302284
75.32927849
74.95215006
75.02303886
75.02303886
76.86472998
75.98996215
76.23523741
75.30092297
76.82503225
77.82314661
78.63695008
78.42995477
78.91058086
77.81038663
80.80047637
80.83875633
81.91201282
82.03252378
82.03252378
82.03252378
82.03252378
83.63886408
83.80757943
81.83545291
83.01646038
82.79670509
84.87658259
85.0240313
84.6511562
84.40871649
86.24048318
86.4942651
85.14596005
85.30616874
85.02544908
86.96496675
86.54246948
87.33500631
87.01600669
86.98339784
88.03680547
87.25135752
87.29814413
86.47299845
87.9815122
88.43520054
86.73528703
87.78160577
86.36099414
84.25276112
83.4658954
84.92904031
85.9129769
85.94558575
86.68708264
86.34965194
86.06467894
85.80239037
84.49803638
83.30710448
83.02780259
83.13130024
82.42950108
82.11900812
83.6969929
82.81938951
81.68091532
82.43233664
82.40398112
83.77213503
83.77213503
83.24472233
83.24188678
83.22345569
82.20407469
81.41579119
82.48479435
84.19321452
83.80757943
83.36948662
84.22298782
84.97299137
84.99142245
83.41769101
83.42761544
83.35814441
84.11665462
83.93517928
85.28773765
85.28773765
85.86760807
85.43235081
84.87232926
82.63649639
82.22534133
81.05709384
80.67571208
79.60245559
78.63695008
79.10481619
76.27493514
76.47484156
75.49941162
75.38598954
76.28485957
75.35338069
74.90678122
74.89969234
75.45120724
77.02919201
75.93466888
75.62559369
75.1038521
73.08635674
73.14306778
74.10290219
74.48853728
73.99515121
75.73476245
75.43419392
76.20262856
75.03579885
76.67900132
77.56369359
77.5098181
77.63883572
76.01406434
74.81037245
74.06320446
74.28437753
75.10810543
74.29430196
75.98145549
75.98712659
77.13127189
77.20216069
77.32976054
77.33543164
75.6723803
75.58022486
75.44270058
73.86188025
74.30847972
74.2446798
75.23712305
74.34108857
75.71207803
76.08920647
74.06604001
73.66764493
73.39543193
73.46490295
75.05281216
75.87370451
76.93845434
77.26170729
76.48901932
76.45641047
77.79620887
78.07551075
78.00887528
78.77589214
78.42003034
77.71539563
78.333546
77.42900486
77.04053422
77.49847589
77.36378716
77.56794692
76.68041909
77.75367558
76.72011682
76.09062425
76.0580154
75.78722017
74.85432351
74.50696837
74.81037245
74.20072874
73.02681015
73.38408972
75.65678477
75.54478046
75.51358938
76.29620178
76.20404633
78.55613684
78.38458594
77.82031106
78.86237648
77.75792891
78.48808359
78.35197709
78.2981016
77.46161371
78.46256362
78.96445635
78.96445635
78.96445635
79.01833184
79.13317171
79.80661534
78.8014121
79.31890037
79.5840245
80.59348107
81.25983582
81.22297364
81.37184013
82.1501992
83.03489147
83.33262445
83.87988601
83.87563268
83.61192633
83.47865538
82.28205237
82.78961621
82.42382998
83.42619767
84.48669417
85.50323962
85.14170672
85.01977798
85.66911942
83.60483745
83.0391448
83.06750032
81.87798619
82.97818043
81.34632016
81.63838203
81.97297719
81.73904414
82.9441538
83.72960175
84.48244084
84.26410333
84.02308139
83.39642437
84.24850779
84.98149802
83.72960175
84.05001914
86.06184339
86.09587002
86.30286533
86.90825571
86.82886025
87.82272128
87.45126395
88.15731643
87.8865212
88.02971659
88.72300909
88.65637361
87.89786341
88.03680547
88.04531212
88.04389435
88.46780939
88.85060893
89.07461755
89.07461755
91.99807182
92.7934442
92.60346221
92.57510669
91.19135724
91.74003658
92.31990699
91.65071669
92.59212
92.49996456
92.09022727
91.61810784
93.10393716
93.19183928
93.56754994
93.3095147
92.60487999
91.87188975
92.41064466
92.62331107
93.33787022
92.79911531
93.03730169
92.95507068
91.10061957
91.38842811
90.59589128
90.55902911
90.55902911
90.55902911
90.55902911
91.59684119
91.92292969
91.37992146
89.94796762
90.80288659
89.02357762
88.28916961
88.33453844
86.88982462
87.14644209
89.14267081
88.68614691
86.99474005
87.45835283
88.6691336
88.38274283
89.62471467
89.00798208
87.97016999
86.25749649
86.64029603
85.92999022
84.32081437
83.94226816
85.59964839
85.32318206
84.97582692
85.52592404
85.44085747
86.17951881
85.16439114
85.15730226
85.15730226
84.72488055
84.39879205
84.39879205
82.02685268
82.15870585
83.46731317
84.10673018
84.21164561
83.9578637
82.38980335
82.25936796
81.64547091
81.42429785
83.66438405
83.95361037
82.68895411
84.18470787
84.97299137
85.3090043
85.16722669
86.09870557
86.09870557
85.6705372
85.89312804
86.81610027
87.49379723
88.36572952
88.2778274
88.7343513
87.22583755
86.68282931
87.22725533
87.13084655
87.13368211
88.46497384
87.84965902
87.43283286
85.26505324
85.2140133
85.36713311
86.71969149
85.66770164
85.44936413
84.9829158
84.44416089
84.16769455
83.69841067
82.73432294
81.87373286
81.71352417
80.51408561
80.51408561
78.22579502
78.43562588
79.13317171
79.01266074
77.96350644
75.50933606
75.25555414
73.10478783
72.64826393
75.10243432
75.60432705
77.3793827
77.38363603
76.34157061
74.09155998
75.24846526
76.45782825
75.42426949
75.44837168
76.27351736
78.6596345
78.24847944
78.59867013
78.65679895
78.87655424
78.85386982
78.58874569
78.45122141
80.9053918
80.92807622
80.93941843
81.13932486
80.35387691
80.71399203
80.42760126
81.17902259
81.45548892
81.60293763
81.17476926
79.70595324
79.98809068
80.84300966
82.97534487
84.48102307
84.47818752
84.48102307
84.44274311
84.40304538
82.41532332
82.17146584
82.75558958
82.58970978
83.26031787
82.88460721
81.37325791
82.10199481
82.34301674
83.84302383
84.91202699
84.61145847
85.35295535
85.4153375
86.65163824
87.96591666
87.76317468
87.71780585
87.26553528
88.46213829
88.36005841
87.60721932
88.66204472
88.66204472
88.71875576
87.78444133
87.99994329
87.41298399
87.54767272
86.24473651
86.24473651
86.64596714
87.84398792
87.77026356
87.18613982
88.32461401
87.85391235
87.45693505
88.39833837
88.39408504
88.9300044
88.54153375
88.12470758
88.799569
89.36667943
88.82225341
87.06704663
86.29435867
85.55002623
86.10579445
86.58642054
88.44228942
88.35013398
88.42811166
88.1828364
87.72205918
87.52924163
86.87281131
85.99946125
87.23292643
86.8614691
84.90777367
85.98670126
87.87659677
91.44797471
91.36290814
91.6025123
90.99570414
91.46498802
91.44939248
91.16300172
91.79391207
91.86763643
92.63323551
93.19892816
92.53115563
92.05478287
92.24476486
92.33408475
92.62472885
92.35109807
90.7787844
89.87424326
90.07840302
89.37660386
89.06327535
89.3978705
88.38557838
87.53491274
87.87376122
88.94418216
88.93851105
88.93283995
89.29295507
89.09163087
89.46592375
89.46592375
89.30146173
87.30806856
86.30144755
85.89454582
86.93802901
85.84350588
86.01931011
86.26742092
85.89879914
86.3992741
86.41912296
86.59209165
85.58547063
86.28443424
87.08831327
85.79955482
84.54056966
82.43800774
82.50889654
83.97771256
83.59065969
83.59065969
83.59065969
80.62183659
80.44745013
80.95501397
82.20265691
82.20549246
83.69557512
84.71495612
84.12657905
84.65540952
85.95834574
85.72866601
85.75560376
84.75465385
84.93471141
