100
101.6938432
105.4436256
107.5697789
107.9695932
107.9695932
108.0624383
107.6910579
106.4927755
107.5233564
109.2322869
113.4857541
114.1408925
113.1503511
112.2404689
111.9590321
110.1514536
109.8166309
110.0429409
110.8338653
110.6533976
110.2640283
108.9618755
108.7396275
107.8993791
107.6916381
107.5076887
107.8262636
106.697615
105.2915917
104.6068589
103.6847908
102.9861313
102.9878721
104.643997
106.6796263
106.3105669
105.8660709
105.6490454
105.024662
104.0799629
103.1178553
103.0830384
103.6963964
104.2018221
103.4393315
101.7686996
99.67620263
96.97092787
97.48563802
97.60111414
96.64306853
96.86183485
96.72024604
96.46608252
96.46608252
96.7086404
95.93570475
95.40880868
94.97881971
94.70724772
95.46799745
94.61962514
94.72175477
94.41304474
94.20646434
93.55074566
92.10410259
91.05959496
90.60697499
90.77525677
90.61742007
89.77891255
89.77891255
89.77891255
89.63152092
89.23983056
89.90599431
89.99535774
88.84639935
88.28410608
87.48969999
87.18969419
87.10439273
86.96454477
86.96454477
88.16979052
91.38049092
91.19015842
91.70428828
91.88417571
92.26368015
91.96599547
91.51743747
90.70156096
90.77061452
90.09226484
89.95531828
89.82997737
89.6709801
88.59745836
88.35315964
87.33650554
87.24656183
87.64869727
87.64869727
86.34480357
86.19509081
85.85388499
86.11907387
87.0602913
88.74426972
90.95282307
92.96001857
94.79312946
95.91771601
95.01479719
95.14420008
95.12447049
94.43799687
94.43799687
93.92560785
93.40625544
93.22810886
92.73660999
92.73660999
95.66993559
95.70011025
95.63105669
96.34248245
96.34248245
97.00632507
97.57093948
97.86340161
98.89398248
99.64428712
100.584344
101.2435444
101.5516741
101.4832008
99.55086172
99.6999942
99.46672083
99.46672083
99.90599431
99.8903267
99.50792085
98.68972321
96.57981779
95.30551848
93.88034585
89.69361109
88.09029188
89.85725062
91.63059247
91.63059247
92.56832821
94.51633494
95.26257761
95.4952707
95.68966518
94.99796901
91.89346022
91.85574189
92.32054779
92.32054779
93.04009749
93.72308942
93.47995126
93.5141879
92.79463819
91.16636685
91.3938374
91.67063193
93.50316254
93.33081878
94.11245865
94.09563048
94.00162479
93.35228921
92.87355655
92.59270005
92.36000696
91.80293623
90.63076655
90.63134683
89.92340277
89.41159403
89.10578541
89.17599954
89.27812917
89.619335
89.7353914
89.10578541
88.63053444
88.73556548
87.00400395
86.68252771
85.93164278
84.97765914
83.98537689
83.32617652
83.08593977
83.57801892
84.04282481
84.04282481
84.54360819
85.77902861
85.70765392
85.37573261
85.28114664
84.93819997
84.89699994
84.59699414
83.48459351
83.96448674
84.43857715
84.30801369
84.19950096
83.77009226
83.77009226
83.28613706
82.56716764
81.94742645
81.02361748
81.02361748
79.9065746
79.21487843
78.86670922
78.45412871
78.12917078
78.45644983
78.66767249
78.52318227
78.93576278
79.04195439
78.91487263
78.66593164
78.74543028
78.676957
78.75355423
79.54157721
80.27679452
82.0942378
82.0942378
84.17396855
85.98851042
84.58712934
83.41960193
84.09330935
84.27377706
84.22677421
84.52503917
84.57668427
84.45018279
84.45018279
85.26489874
85.45058899
85.88057796
85.88057796
85.88057796
86.17536123
88.10479893
88.80635989
88.9253177
88.9253177
88.43033714
88.22607787
87.57442117
86.15795277
85.582313
84.20298265
84.1240643
83.16253699
82.73138745
82.44008588
81.09557245
81.12516683
81.23484013
82.1911449
83.62734289
85.47844252
86.72953055
88.19242152
89.54099692
89.9030929
89.77020832
90.79498636
90.66906517
91.02884002
90.93367377
90.59536935
90.83386526
90.6615215
90.65107642
90.3615157
90.67022573
90.84431033
90.91220333
91.92421517
92.34782104
93.21534266
93.5495851
92.93100447
92.87703824
92.20333082
91.43677827
89.24853479
88.32356525
87.04578425
86.74693901
85.10706203
84.17977137
83.43294841
83.85655429
82.79289735
83.20373702
83.98479661
84.44147856
85.80920327
85.80920327
86.08773864
86.40283178
86.81715314
86.38890501
85.9827076
86.3761388
86.33784019
86.33784019
86.33784019
86.20553589
86.30476412
86.7892996
86.60999246
86.44055011
86.45853885
87.09452794
87.63535078
88.16572854
88.90500783
88.59397667
89.2061742
89.88858585
91.68862067
95.18598039
98.4930076
99.27580804
99.27580804
100.8634596
98.85742471
97.49028028
97.43283236
98.10537921
98.34039343
97.3121337
96.1567922
95.45232983
93.78982185
94.66546742
95.29507341
95.29507341
95.49933268
95.57128765
95.21615505
95.36412697
95.20745082
94.79545059
94.7339407
94.9306563
95.04613242
95.54981721
95.47380027
94.81518018
93.9981431
93.14686938
93.14686938
92.39308304
91.6746939
92.72848604
93.49039633
93.49039633
94.70956885
95.49817211
95.65252713
95.43840306
94.74612662
94.69680265
94.5337434
94.19079673
94.15539952
94.15539952
94.05965299
94.31033482
94.13392909
93.73643591
93.46834562
93.5785992
93.39813149
92.96059885
92.00023211
92.03156734
91.66540939
91.4454825
91.08164568
90.91452446
90.41025939
90.76597226
91.73794464
91.90448558
91.80873905
91.72227703
91.88881797
91.726339
92.92171996
93.45673998
94.15714037
93.67434573
93.67434573
93.72831196
94.40608136
93.66622178
92.00197296
92.54395636
90.31509314
89.32513201
89.32513201
89.39244473
90.58550456
90.53966228
90.66906517
90.97545407
90.84024836
90.56809609
90.21238322
90.52747635
90.78802298
90.85011315
91.16404573
91.78726861
92.36232809
93.00876226
92.30952243
93.99117971
94.02019381
94.04108397
94.09040794
93.0557651
93.54030059
93.75558521
93.30644693
93.28613706
93.26350606
93.42192305
94.1820925
94.46759125
94.56623919
94.79719144
95.02872396
94.84303371
94.46701097
94.52213776
94.48151802
94.64631811
94.62774909
94.24476295
94.24476295
94.48906168
94.68055475
94.53142227
94.78442523
94.79951256
95.33975512
95.11518598
95.29565369
95.1372367
95.42911855
95.05773806
94.94806476
95.33279174
95.07166483
95.07166483
95.179017
94.85870133
94.40666164
94.08170371
94.08170371
93.06098764
93.2460976
93.07781582
92.16038995
91.78552777
91.5296234
90.65629896
90.62496373
91.13677247
91.87140951
92.14936459
92.58921836
92.70933674
92.69657053
92.87065514
92.71978181
92.76504381
92.80218186
92.35942668
91.76986015
91.68339813
91.90332502
91.19828237
91.33871061
91.57024314
91.67991644
91.65264318
92.13021528
92.60778738
92.62113387
92.62113387
92.62113387
92.8781988
92.98729182
93.00586085
93.00586085
93.00586085
93.00586085
93.39232867
93.39232867
95.16741136
96.96802646
99.30482214
103.3296582
110.9969245
116.8519701
117.4688098
117.3336041
115.1912029
113.9157431
111.884756
106.8484884
105.360065
105.1703128
105.3055185
105.2091917
105.7662624
107.0672547
108.812743
111.5830093
115.0728254
119.065746
118.164568
116.1330006
115.0501944
115.9304822
116.8026461
117.2320548
117.6278071
117.8198805
118.2817849
118.5382696
120.0110254
121.7657982
122.6675564
122.2381477
121.4599896
121.8267278
122.3849591
121.5064121
120.9046597
121.3955783
121.9358208
122.0489758
122.1859224
122.0373702
122.3942436
123.0325538
123.2722103
123.1985145
122.1911449
121.6137643
121.3056345
121.0799048
121.0799048
121.405443
121.405443
121.405443
121.405443
121.613184
121.6642488
122.627517
122.9298439
124.8732084
126.5978065
127.75721
129.2299658
129.1266756
127.7339987
128.8574247
128.8841177
129.1435037
129.0100389
128.5846922
128.5498752
129.3645912
129.1191319
129.9059943
130.3017466
130.1032902
130.1781466
131.4570881
131.4570881
130.0887831
131.9398828
132.8242326
133.4091569
133.9499797
134.1907967
134.1907967
133.2704694
132.9925144
132.8364185
133.0052806
133.520571
133.9644867
135.1047409
135.8179075
138.4755991
139.7493182
140.9377357
140.9766146
140.0655719
137.6336099
137.6336099
137.4392155
135.872454
135.261417
133.3151512
133.3151512
133.1950328
133.769512
134.572042
135.3026171
136.7980038
136.9871758
136.5920037
136.8473278
136.5188882
136.1608542
135.2004874
134.9759183
134.4600476
134.5807462
134.5807462
135.8179075
136.2832937
137.413683
137.0620321
137.4705507
137.7032438
138.3612836
138.4042245
138.4895259
138.4552893
138.3856554
138.137875
137.8645622
137.2947252
137.4798352
138.3711484
138.4901062
137.7885452
137.2053618
136.7068996
136.294319
136.3047641
137.3544943
137.6527592
140.9696513
141.2713979
142.8921256
142.8921256
144.7832647
147.5953113
150.3516509
151.9126095
151.5609586
151.2371613
151.2371613
152.8050833
153.022689
151.0131724
152.6484071
153.0876806
153.7828585
153.4950386
153.5223118
152.3571056
151.6242094
153.3911681
155.9774851
159.0477572
166.249057
165.5567806
163.1927117
161.1588232
160.090524
160.5756398
161.7298207
161.3886149
162.8840016
162.4899901
163.4520977
164.662566
166.0923809
166.8525503
167.0568096
167.5483085
167.6341902
169.3228109
169.2044334
168.3287878
168.8104219
169.3013405
170.2657692
171.1042767
173.5182499
174.5499913
174.5499913
176.4968375
177.7519875
178.111182
175.9728428
174.2082052
173.9203853
174.454825
173.9923403
172.8526664
167.4920211
164.5755237
169.0744502
172.0118378
172.8828411
172.8828411
172.9060523
172.7215227
172.8671734
169.7562816
172.2050717
170.8472117
167.4809958
161.9967504
159.5346138
159.5346138
159.2392503
160.5170313
161.0566936
161.4872628
161.0067893
160.3522312
160.8535948
160.7717751
160.7218708
160.3029072
160.3655777
160.3644171
160.2686706
160.4613242
160.4613242
160.5228341
162.4041084
162.7226832
163.1532525
163.1503511
164.3788081
165.835316
164.5470899
164.4188476
163.8385655
162.7174607
162.7174607
162.7174607
164.2952475
164.3741658
165.1534846
165.1534846
165.1534846
164.345732
163.7811176
166.0326118
166.5943248
165.9507921
164.8894563
164.8894563
163.901236
162.1302153
160.7305751
160.2849185
161.1060175
156.4190797
152.6547902
149.6988336
151.7472292
153.7521035
156.3610515
158.1013172
159.8775605
161.047409
159.1957291
156.5624093
154.8291069
154.8279464
154.3741658
153.0273313
152.0275054
147.6980212
142.7505368
137.2442407
140.8094934
144.9289155
141.368305
139.7319097
140.8907329
140.1311437
140.026693
139.3645912
139.2926362
138.2417455
137.6457959
134.3091743
133.1979342
134.8349098
137.2129055
136.4945163
135.962978
134.3584982
133.7248303
130.9534034
130.4845355
129.257239
127.4461788
127.3898915
129.5688505
129.5688505
129.4533743
130.4868566
132.0269251
133.6992979
133.8118726
133.6662218
132.7046945
132.0385307
131.5708234
133.2704694
134.7913886
136.9477166
136.9477166
136.9477166
137.5738409
138.9079092
140.5199327
140.7479835
140.4914989
140.553589
139.170777
139.2142981
139.8131492
140.158417
138.5829513
138.1065398
137.8651425
138.8121627
138.8121627
138.0305228
137.4235478
137.7734579
138.0276214
137.9312946
137.8599199
136.8925898
136.1208147
134.2105263
132.3101027
131.3793304
129.7760111
130.0353972
130.0435212
130.2210874
130.2210874
130.4357918
129.9930366
130.2326931
129.8386816
129.5433181
128.2521906
125.4517496
121.7135728
120.2048396
120.5373411
120.3441072
120.2936227
118.2945512
115.5892764
115.5892764
108.816805
106.9604828
107.9974468
110.7328962
110.7328962
124.8238844
128.2417455
123.4532583
121.3073754
121.3073754
119.3431208
118.3276272
116.6668601
115.7540765
116.2084373
115.5585214
114.7745604
114.2476644
113.6760866
113.166599
113.253061
112.2195787
112.5073986
111.8035165
111.8035165
112.0495561
111.5673417
111.0218766
110.9563048
110.9185864
110.4050368
111.2476063
111.9665758
112.3182267
112.3484013
111.9700574
112.4389253
112.7702663
112.7702663
112.473162
111.3915163
110.3945918
109.596704
108.9096501
108.9096501
107.9243312
106.2948993
105.2045494
101.639877
98.90906981
95.92990193
93.85481344
91.63581501
90.77699762
89.71740266
83.49097661
83.64707248
82.8428016
77.42644925
76.72546858
76.50380085
76.84964893
75.92874137
75.67747925
75.20977195
75.19932687
75.89160332
73.88440782
73.66506122
73.94707828
74.49602507
77.75140718
79.31004468
81.21917252
82.6814832
83.6592584
83.8722219
83.31283004
80.76074972
79.41449544
78.54001045
77.88835374
77.34927175
77.00748564
77.00748564
75.4082284
74.69854349
75.179017
75.8759357
76.0018569
77.12238148
76.67730517
76.04247664
75.86839204
76.3987698
78.33923287
78.18081588
79.25027563
80.71664829
80.71664829
80.22863111
80.41432136
80.82980328
81.08164568
81.76637846
84.12928683
86.88156444
89.73887309
95.09429583
95.09429583
94.866245
92.47316196
95.19062264
96.7214066
97.46300702
103.2710497
110.6209018
106.1515697
105.2724424
103.7747345
106.615215
107.9951256
107.3823478
103.9749318
101.6282713
101.6282713
100.6232229
100.8663611
102.3495619
102.6014043
103.4056752
103.3801427
103.3609934
103.9006557
106.438229
106.8775025
107.4926014
107.4926014
107.4926014
108.5347879
109.0680671
109.1133291
109.1133291
109.1133291
108.3949399
107.104973
107.7438635
107.2935647
105.5167411
105.5167411
102.8660129
98.5220217
96.61347415
97.08118145
97.58602681
94.65386178
96.28851622
94.72581675
93.81825567
92.76040156
88.73208379
91.30157256
85.63860036
84.6016364
84.50066732
82.84164104
82.19404631
82.2039111
82.88051993
82.76272268
83.89949515
88.60442175
89.95647885
90.92264841
90.91800615
91.25805141
91.95380955
93.16659897
93.38362444
92.78941566
92.41977601
92.01589973
89.11739105
88.87599373
88.27250044
88.05547496
89.99419718
90.20193814
91.10775837
92.23466605
91.28648523
90.31857483
90.27273255
90.93193292
91.04334707
91.1808739
91.59287414
91.64626008
92.57006905
92.57006905
92.29153369
92.24801253
92.40178727
91.60622062
92.0199617
90.39517205
90.24661986
90.24661986
90.24661986
90.72361168
89.87698021
90.76423142
94.16932629
95.1273719
101.4234318
102.5300296
102.985551
100.979516
102.05768
104.9579296
105.0333662
105.9194569
108.7245401
110.1595776
113.2397145
115.5399524
117.3115534
120.8564963
121.5934544
123.611095
128.413509
126.8995532
122.3054605
128.1889398
129.3541461
129.1318981
132.1453026
133.9923403
134.2076249
134.2076249
132.3263506
130.5530088
129.7429351
127.9811989
124.9805606
120.5013637
115.3583241
121.7373644
123.1120525
120.7404399
117.123542
115.7053328
114.2343179
114.5528927
114.5528927
114.0869262
111.4199501
107.4473394
103.3540301
103.3540301
102.5456972
99.17890095
101.2336796
104.413625
103.4149597
101.862125
100.2686706
98.73614577
95.32698892
98.5156386
98.03458481
97.78506354
97.10323217
97.86920443
97.86920443
97.21580688
97.02721523
96.31462891
95.95601462
94.67068996
93.01688621
92.78535368
97.33186329
98.76283874
98.37521035
98.37521035
99.05588116
98.13091162
96.23861197
94.92369291
95.25793536
94.91208727
94.79951256
94.02425579
92.77374804
89.77543086
88.18429757
87.32954216
88.46689491
87.33302385
87.44908025
89.33789822
89.87872106
91.85284048
91.85284048
94.84129287
93.72831196
92.62635641
91.61318401
92.65479023
93.28149481
93.54030059
93.84785006
93.0847792
93.75790634
92.90199037
93.67492601
93.81535426
94.19950096
94.08112343
95.32814948
95.19352405
94.55057158
93.58382174
92.99947775
93.69407532
93.39406952
93.61515697
94.11187837
93.99640225
92.99715662
92.50333662
91.42923461
91.36714443
93.16485812
93.95694307
95.28520861
95.28811002
94.87320838
94.26391226
93.44049208
92.70759589
91.67643475
91.4263332
90.42650728
90.83966808
91.39151628
91.4199501
91.55747693
91.55747693
91.74838972
91.89636163
90.86462021
90.43637208
90.28317762
90.46306505
91.71705449
93.81941624
95.77090466
95.77090466
97.69163814
100.9505019
101.5098938
100.8210991
101.4211107
103.1143736
105.7302849
108.3589625
109.7330703
109.7330703
109.6042477
106.9755701
104.8824929
103.1294609
103.2989033
103.6598387
104.2018221
104.5203969
106.4469332
106.2583416
106.4956769
106.9790518
107.135728
105.2399466
104.063715
104.4919631
104.4919631
104.7014449
105.8486624
107.2123252
105.4627749
105.7268032
105.5591017
105.409389
104.6997041
104.2598503
104.2169094
105.4970115
105.4970115
105.0380085
105.6014623
105.6014623
105.6014623
105.6014623
105.6014623
107.0852434
109.2746475
110.9325132
113.6366274
113.6366274
114.127546
116.4486741
119.2740672
121.8818546
122.1952069
119.4887715
117.3852492
118.8609064
119.1585911
119.4493124
119.460918
119.0634248
120.5692567
123.253061
125.2463297
124.5557941
122.6333198
122.2056519
124.2842221
124.6973829
124.4641096
124.2586897
123.2855568
122.506238
121.3717867
120.131724
119.2328672
116.3186909
114.2145883
114.8645041
114.277839
113.5693147
112.9263622
105.790054
105.9786456
104.349794
103.9528811
104.8737887
104.1664249
103.8954332
103.7567458
104.0405037
103.6662218
104.0805431
104.0341206
104.1304474
103.716126
104.0416642
103.2925202
103.2925202
101.2574711
100.9046597
99.10404457
98.8191261
100.6156792
102.1000406
102.4551732
103.1404863
102.623455
102.7226832
102.4766436
104.1287066
104.7368421
104.4049208
102.6861255
101.1895781
101.9178321
101.4826206
100.290141
100.3678988
99.22126153
99.79399988
99.79399988
99.79399988
98.21853421
97.55933384
97.67248883
97.62896768
98.02588058
98.02588058
97.50188592
96.85255034
96.05524285
94.80415482
93.78692044
92.57645216
91.76579818
89.54854059
88.87657401
89.36981373
91.51859804
91.6230488
91.52846283
90.00116056
89.24911507
86.8862067
84.97649858
85.68734405
85.78425115
87.10671386
86.06568792
85.96181744
84.39969825
83.13932571
83.13932571
82.15284628
81.94742645
79.38490106
79.07270934
77.83032554
75.40242558
75.70939477
76.93204898
77.36261823
77.67132827
78.19648349
78.1541229
78.16921024
77.37944641
77.37944641
77.09220681
77.31271398
77.31271398
77.55120989
77.55120989
76.84790808
77.46939012
77.34869146
78.16224685
77.97075379
78.27714269
79.07793187
80.48163407
82.84570301
84.69274067
84.80763651
84.52619973
84.52619973
85.28346777
88.04967214
87.61504091
88.59977949
88.53246678
89.24447281
89.19398828
89.10056287
89.06226426
88.84001625
88.84872048
88.84872048
87.73980154
86.85197006
85.78831312
85.59333836
85.34149597
84.17338827
81.76811931
81.60970232
80.26751001
80.26751001
78.78953171
77.89995938
78.02007776
78.29223002
78.35025823
78.1251088
78.30093425
78.07230314
78.02239889
78.37463007
78.02588058
77.47113097
76.61463471
76.78697847
76.72895027
76.93030813
77.73399872
78.24638774
79.86537457
80.13520571
80.01044508
79.63732374
78.35199907
77.98874253
78.26031451
77.825103
78.01369466
77.89183543
77.80421285
77.85237625
76.72082632
76.60767133
76.6860094
76.61463471
76.30940637
76.30418383
76.43880926
76.85893344
76.60709105
76.60709105
76.16607671
75.97342308
76.07787385
76.02042593
75.5695468
75.75813846
75.82254976
75.2759241
76.07555272
75.76336099
75.8469216
75.86839204
75.37515232
75.15870713
75.15870713
75.07804793
74.81808159
74.85347879
75.64208205
75.64208205
75.08210991
74.00162479
73.45499913
74.18963616
74.11071781
73.96274589
73.88788951
74.92659432
75.19758603
75.30841989
75.80572158
75.81500609
75.40880868
75.224279
74.61150119
74.89351825
75.19236349
74.61034063
74.61034063
74.69970406
74.27783903
73.91168108
73.88092613
73.21302153
73.85713457
73.19851448
73.57801892
73.58034005
73.7399176
73.7399176
74.10317414
74.24128126
74.06487553
74.06487553
74.06487553
73.88672895
73.02384959
72.7720072
72.7720072
72.7720072
72.95595659
73.3557709
73.64591191
74.2337376
74.08170371
74.25752916
73.86932049
74.36488133
74.4014391
74.2755179
75.48598619
76.927987
77.04984623
78.4703766
80.1160564
82.5265479
85.9374456
90.14971276
90.97951604
88.9125515
87.88603261
87.58486624
88.07578483
89.93326757
90.11141415
90.96036674
91.90448558
91.41530784
91.93698137
92.08727442
91.34045146
90.49672141
90.24603958
90.54604538
90.05396623
89.32803342
88.91139094
87.07886033
87.50594789
87.26164916
86.35466837
86.64655022
86.03203157
87.09452794
87.43341264
87.35507457
86.1730401
85.75001451
85.37573261
85.37573261
83.72541055
81.34857541
80.47176928
80.88144838
80.26228747
80.11431556
79.81721116
79.50153775
79.29147566
79.87233796
80.59827076
82.09829977
83.33081878
84.31265595
84.48093774
83.94939941
83.61689781
83.61689781
83.61689781
83.71148378
82.99715662
82.46561829
82.77490861
82.84338188
82.63912261
81.46985435
81.20524575
80.88318923
81.37642894
81.45302617
81.45302617
81.37236697
81.81802356
82.89038473
84.89351825
91.14837811
91.41124587
91.89287994
92.24220971
92.83467765
93.11785528
94.81576046
96.00417803
96.20611617
95.5921778
94.72291534
94.14437417
94.11536006
94.88945628
94.88945628
94.42929264
97.91620728
100.8779667
98.93866419
98.48198224
96.43938954
95.66703418
96.90419544
97.91736784
98.3769512
97.86920443
97.80943539
96.90941798
97.47229153
97.47229153
98.40306389
98.98334591
101.2609528
102.3913422
102.3913422
102.3269309
101.9857251
102.6751001
102.5642662
102.5642662
101.8360123
101.9015842
101.2185922
102.7604016
102.8155283
103.2385539
102.8462833
102.7795509
102.5520803
103.2048976
103.8240585
103.0348749
101.1768119
101.1768119
99.24041084
98.36824697
97.95856786
99.09592062
100.6145187
99.64892938
98.94272616
99.48877154
99.44467011
99.53403354
99.99941972
99.99941972
100.7392793
101.0810654
101.4884234
101.3810712
101.3654036
100.588406
100.8280624
101.0978936
101.0978936
100.4619045
100.5292172
100.1119944
100.2396565
101.0445076
101.3329078
101.0334823
100.8210991
100.9951837
101.7153136
102.0704462
101.9810828
101.5168572
100.5379214
100.8123948
100.7682934
99.31932919
99.50269831
98.82957117
98.54001045
96.63552487
95.51325944
94.50588986
92.32460976
93.03255382
94.51169268
93.21940463
92.53467185
92.14240121
91.11704288
91.90680671
91.95787153
91.27836128
90.83270469
90.2257297
88.5318865
87.36493936
84.53316312
83.77763593
83.77763593
82.23640689
82.60140428
81.55515581
84.11187837
83.44223293
84.35501654
84.2627517
84.49950676
84.17396855
85.28636918
85.06063947
84.70260547
83.92560785
82.37103232
82.37103232
82.13369698
81.62478965
81.43503743
82.0298265
82.0298265
82.3199675
83.05460454
83.81999652
86.56763187
89.72610689
90.73405675
93.24435676
94.59003075
93.41902164
93.74862183
94.03237974
93.65983868
95.15754657
96.05872454
95.41577207
95.47438055
95.95311321
98.47501886
98.53943016
96.96628561
98.53943016
99.94603377
100.2744734
99.8514478
100.1027099
101.7599954
102.954796
104.9643127
104.4617884
104.2958278
104.2958278
103.8994952
104.3300644
103.4056752
103.4056752
103.4056752
103.2356525
102.9344862
103.1416468
103.1416468
103.279754
104.5998955
104.2511461
103.3157314
102.3843788
102.9948355
104.0027854
105.7720652
108.0131144
110.8077526
111.767539
111.5632798
111.4605698
110.8443103
109.4864504
108.6856612
110.2814368
112.6112691
111.8690884
110.9806766
108.1924215
108.096675
105.3821157
105.9049498
106.8647363
106.7916207
105.8422793
105.82313
103.9493994
103.5553879
101.5383276
99.09185864
95.70533279
96.56763187
98.85278245
100.0835606
100.6475947
99.93152672
97.94057912
98.66941333
98.43613996
98.66825277
100.2094818
100.625544
101.677015
104.3712644
103.5890443
103.701619
102.3925028
102.3965647
101.4031219
101.1402542
101.4971276
101.6369756
101.6369756
102.1429815
102.2189984
102.2189984
102.2189984
102.755179
102.1046829
102.650148
102.6698776
103.1636976
104.6010561
105.2828875
104.9126676
106.1544711
106.8571926
106.7028376
106.6900714
106.4370684
105.944409
105.0612198
105.2823072
105.0316254
105.2602565
104.839552
104.3242616
106.2496373
105.6333778
105.6333778
105.8747751
106.0018569
105.9792259
105.8382174
105.8022399
106.0250682
106.4486741
106.4486741
108.2968723
108.2875878
108.672895
109.7272675
109.3274531
108.1204665
108.2440666
108.5696048
110.6034933
111.3891951
110.8367667
110.8245807
110.938316
110.911623
110.911623
111.6561249
112.4766436
114.4368363
116.2507979
116.2507979
118.5556781
117.5326409
120.3319213
120.3098706
121.2412232
122.0837927
120.0620902
119.1789009
118.6218302
118.3177624
117.8454129
117.1711252
116.1289387
116.6651192
116.6651192
117.4908606
117.2802182
116.0482795
114.5006673
115.5620031
115.96704
115.9954738
116.2513782
116.0970232
116.1742007
117.5384437
116.4248825
115.5614229
115.9142343
115.5393721
115.5155806
115.5196425
116.302443
117.018511
117.1473336
115.5202228
114.8697267
115.5405327
115.9577555
115.6211919
115.5242848
115.5242848
116.2014739
117.26339
116.9923983
118.3972611
118.8864388
118.740788
117.281959
117.281959
117.0672547
117.4664887
117.8587594
117.1299251
117.3858295
118.1680497
117.0219927
117.059711
117.3185168
117.3341844
117.1873731
117.7038241
118.0194975
118.6125457
119.347763
119.8804619
119.7731097
119.8514478
119.9431324
120.2350142
119.9762084
120.6719666
120.5280566
120.5321186
120.8965357
123.0725933
125.4517496
126.4782684
128.7988162
129.3059827
128.3195033
128.1100215
128.0270411
129.5729124
131.0949922
131.6984855
132.4702605
131.8342715
132.2555562
132.2555562
132.2549759
132.1650322
132.3919225
134.432194
136.4921952
136.814832
136.3610515
137.1571984
138.7651599
139.0384727
141.8493588
144.345732
145.2080311
148.2086694
148.2086694
148.9003656
152.6484071
152.3425985
151.9851448
151.9851448
151.9810828
146.4602797
146.3685951
149.2351883
149.302501
150.3098706
150.9145245
150.2936227
149.0796727
148.6937852
146.6500319
144.5517321
145.8556258
147.8042128
148.2533511
148.9694191
149.7278477
149.6390646
149.1347995
149.1881855
149.7301689
150.263448
151.8011954
151.8981025
151.3242036
151.4472234
152.7006325
153.8321824
155.5753496
155.6374398
156.3001219
156.3001219
157.131666
156.0447978
153.9302501
153.9302501
153.9302501
153.9453374
154.127546
154.127546
155.3119016
156.5519643
162.3269309
163.8820867
163.2472582
160.4729298
156.9471363
155.6798004
156.4956769
156.2014739
153.3029652
154.1699066
155.981547
155.3026171
154.5552138
154.5145941
154.0503685
154.0700981
153.1195961
152.3495619
151.4274938
149.8775605
148.7361458
147.2059421
145.8707132
147.7165903
149.6048279
149.3077236
149.3274531
149.0860558
146.5043811
147.3985957
148.1744328
152.660593
152.5015958
152.0222828
152.0222828
150.6052341
151.006209
151.3793304
150.7746765
149.7969013
151.450705
153.8919515
153.6917542
151.1611443
151.5116347
151.7420066
152.6588522
154.2958278
154.639935
153.9569431
154.5697209
153.9296698
153.9296698
154.6126618
154.4513434
153.6992979
152.8375791
153.3064469
152.6704578
153.6911739
155.6943074
155.6119074
155.6206116
155.8097836
156.1985725
156.6546742
156.0506006
156.8194743
157.6637846
158.9079092
158.9079092
158.9079092
158.9618755
158.4088667
157.7090466
158.3792723
158.726281
159.6651773
159.6820055
159.9582197
159.9582197
159.9738873
160.2483607
160.1079325
160.5756398
161.9990715
163.0163059
163.0163059
166.1712993
166.3111472
167.9684327
170.1456508
170.5448848
169.7371322
170.5611327
172.5242268
173.6865317
174.5360645
176.148088
178.7535542
183.8553937
185.0374282
185.0374282
184.4838391
180.8460512
177.5448268
180.6928567
183.0325538
183.7492021
185.1970057
185.8840597
183.7323739
183.4416526
183.4718273
184.2993095
186.3941275
186.3366796
186.3366796
186.1417049
186.4068938
186.2235246
186.3204317
186.3204317
185.4819242
187.3945337
189.2032728
191.2064063
194.8035745
195.7279638
199.6204956
201.4466431
205.487727
206.9952997
200.2872396
193.6795683
194.5174955
199.8235943
208.7825683
208.4425231
207.327221
201.744908
199.7069576
199.0489178
196.9233447
193.8873092
194.0277375
192.2422097
191.6671502
191.8220855
193.6493936
193.6493936
195.1140254
196.034933
194.2987292
192.9727848
192.6640747
192.8607903
192.8607903
192.4981141
194.059653
193.5089654
192.1836012
190.5466257
190.0516451
190.5414031
190.5930482
189.6280392
189.837521
190.1404282
190.489758
193.6453316
193.4242442
196.2832937
196.8972321
198.7663204
198.0461904
197.7363199
199.728428
199.8009633
199.5665293
200.0388789
199.7980619
199.0994023
197.7740382
196.7765334
192.1679336
193.6517147
193.5902048
194.0248361
195.0310451
196.724308
198.590495
200.1758255
202.5271282
201.5969361
203.0284918
201.6729531
201.6729531
199.8711774
198.0015087
197.6829339
201.1251668
202.4859282
203.0656299
204.5331631
205.6269947
207.0794406
204.9625718
203.1863286
204.3567574
203.9006557
206.8467475
206.8467475
208.0223989
209.3959264
211.0758429
212.4017873
211.4605698
212.8108861
213.8832473
214.7188534
215.4883073
215.4883073
218.5138978
219.5763941
221.631753
222.0878547
221.4309755
220.2158649
219.8734985
219.4678814
218.541171
218.4895259
220.0510648
220.3522312
219.0384727
219.0854755
219.0854755
219.6489294
219.7620844
220.8176174
220.5297975
220.0771775
220.6812511
222.890965
224.4780363
227.1560378
236.7364939
235.4082284
236.5455812
236.5455812
236.8821447
236.8467475
237.308652
237.308652
237.308652
237.308652
237.3423084
240.2019381
245.5968201
251.1582429
254.4391574
254.4391574
253.7834388
251.549353
252.9031509
252.9031509
258.5498752
263.090582
266.4974177
279.3808391
270.7862821
272.7174607
276.792201
277.3533337
280.2692509
280.644113
274.3643011
277.6777114
279.3361574
280.3980735
284.0341206
291.3503163
289.4968955
286.8879475
286.5606685
285.9687808
287.082342
289.2850926
293.6122556
296.9024546
306.0517612
311.2133697
297.3666802
299.8607323
291.6276911
293.4364301
292.0814716
289.3616898
282.0762491
283.1660187
289.7446759
289.7278477
290.6267046
292.650148
293.0580862
294.7745604
299.4841293
297.1635815
294.3463123
295.6757384
296.1753612
296.1753612
295.627575
296.2908373
294.0294783
302.4284802
309.3727151
312.0495561
322.0971392
331.8632856
336.3465444
337.4426972
337.7247142
346.2008936
346.2008936
346.2008936
343.7451401
344.1455347
343.4689259
340.670806
340.4555214
340.444496
337.9138861
331.8893982
333.1613764
337.1635815
344.3701039
353.9406952
352.8369988
351.8748912
352.2311844
342.0106772
343.973191
342.555562
338.1976441
330.8669413
318.3728892
312.5549817
302.0414321
282.4116521
303.9702896
302.3576858
304.7449661
314.1675854
314.8331689
312.4308014
312.4308014
309.4707828
309.01236
307.9109847
309.5114025
314.6683688
323.8269599
325.6560088
325.7233215
326.9889166
327.1647421
323.8078106
314.8296872
317.4142633
316.5258516
316.5258516
318.5301457
316.4161783
314.4066616
312.8607903
312.8607903
309.1179713
307.07828
308.0850693
308.7576162
309.5438983
308.5591598
308.7193176
304.8911971
306.5235304
306.5235304
307.7850635
304.9619915
306.977311
312.0959786
312.3008182
312.7760692
313.6163175
315.1476818
315.5051355
315.7941159
315.7941159
315.5643243
315.2707016
314.8592816
315.4088087
309.1643939
306.3012824
308.1587652
308.4953287
305.7273835
297.5639761
299.8073464
299.4313236
300.0934254
302.1679336
301.6532235
299.3732954
298.4384611
296.1620147
296.1620147
293.166599
293.0139848
294.3294841
295.0414902
300.6650032
308.1483201
305.1621888
306.2310683
308.6897232
309.9582197
316.822956
332.4749028
336.8925898
344.5151744
356.8780827
360.4827946
360.4061974
350.2698311
354.6161434
359.4702025
366.565891
377.0689955
372.1238322
372.9350664
379.8961295
380.5425637
384.4675912
391.0004062
390.3754425
389.7023153
385.3443974
382.0629026
379.6785238
377.5291592
383.8780247
384.5969941
382.6855452
389.2073348
387.3968549
387.5454071
389.1023037
388.1535426
389.0199037
390.7706145
390.7706145
390.7967272
390.5135496
391.6497418
391.5197586
391.2789416
391.2156908
390.0829803
389.9820113
391.3613416
391.3613416
400.5454651
405.8063019
419.6779435
435.4175129
439.8369408
443.2722103
448.5394302
455.6815412
464.5662392
464.5662392
455.3710903
447.9330355
453.320954
460.855916
460.1166367
462.8468636
460.8280624
461.1042767
461.7884292
462.9019904
464.5528927
466.4359079
457.9788777
461.1878373
452.9884524
445.2225382
445.2225382
438.5835316
450.2384959
451.8702489
448.8632275
441.6126037
441.0578541
439.043115
439.0065572
437.1484942
436.5838798
437.7595311
437.9173678
448.119306
452.2619393
455.5712876
453.2101201
453.2101201
453.3650554
446.7794348
441.2145303
439.3669123
444.0323797
444.0323797
450.2750537
455.7476934
455.5422735
451.9021645
449.5676899
447.4838972
445.5770905
444.8616027
442.3344746
442.6188127
435.0194394
428.4518076
429.46498
439.8108281
446.249057
451.2330993
448.4872048
450.9377357
461.1884176
458.5887541
458.0589567
456.9343701
469.5404166
468.3195033
468.9311205
467.9701735
463.4584808
450.316834
455.2440086
467.6109789
467.9452214
477.4984042
500.3963326
496.9813729
496.3117275
482.0263448
476.1034063
460.7050427
471.0630767
478.9003656
470.3377241
462.487669
458.2916497
457.4125225
445.9449893
424.6474787
437.7026635
444.7327801
445.9084315
445.9084315
443.1689201
441.0503105
441.0503105
441.0503105
431.9973307
430.8889921
439.3709743
440.1514536
439.1191319
442.8381593
440.6400511
442.7876748
443.6331457
444.1710671
441.1344513
441.2940289
443.6348866
444.3486334
440.4021354
436.4393895
435.2295015
437.9899031
442.3884408
452.9803284
454.2772587
463.0412581
459.1092671
459.076191
463.6772471
458.0612778
448.2817849
459.6083096
462.2665816
461.7379446
461.7379446
460.2442987
458.9398248
453.4294667
451.5522544
448.7721233
451.0265189
453.80665
453.2165032
449.1835432
445.8254512
437.0127082
437.9887425
442.1400801
443.7706725
443.7706725
442.6089479
446.5438403
448.4500667
457.7450241
457.7450241
460.9145245
460.7723554
460.915685
467.9904834
472.7946382
476.3738177
481.9851448
480.4659665
487.4926014
490.8611385
492.9495735
496.1614345
501.4147276
498.1030581
492.1737364
497.0515871
503.4329484
507.5546916
512.2636801
512.2636801
505.8968259
507.3893112
509.9564788
515.3200255
529.3819997
523.4961992
524.6277491
522.9605989
526.2972204
541.9746997
551.1013753
551.1013753
560.8060117
580.0980677
589.5502814
580.734637
570.3278593
578.5458133
581.6085418
583.1700807
590.475251
594.0898277
599.2845123
618.1454187
631.364243
644.3248419
665.1064818
671.3955783
660.3232171
660.3232171
667.2082632
663.7364359
670.0092845
680.4340509
667.2993675
638.4181512
647.0092265
650.0179887
631.0799048
605.2973945
605.7146173
623.471247
636.3233331
649.7974816
644.6364533
641.56386
646.3906459
636.4237219
627.3887309
607.3423084
599.1452446
615.9061104
611.6671502
610.1642198
616.27575
613.0290721
611.4222712
610.0197296
613.3725991
619.0141009
601.5824291
612.3983056
618.156444
629.6367435
636.4805896
643.1190158
642.5004352
617.5425057
611.6683108
600.4636453
603.6273429
614.1466953
624.0207741
628.0978355
628.0978355
633.9116811
635.2648987
642.578193
639.4997969
643.6992979
643.9818952
639.1110079
634.7664365
639.804445
655.2544537
669.3965067
682.2375675
688.3369117
690.2541635
690.2541635
699.2148784
715.8730343
727.4612662
739.7934196
739.7934196
731.0317414
738.5556781
746.1527302
755.3438171
758.0873905
774.9823014
766.1887077
765.3275692
786.1306795
791.7936517
781.0532119
776.8653165
778.3485174
792.6228747
801.0050485
828.7750247
815.6333778
815.6333778
816.1718795
820.1746649
815.7749666
816.3482853
817.3852492
812.7354494
791.3874543
792.0402716
824.4461208
835.1157663
844.1002727
860.6580398
876.5043811
882.6530494
891.1628852
891.1628852
867.919689
885.8968259
893.0023792
902.4737422
907.6005339
907.6005339
934.9944873
939.4440898
946.5629896
966.6552545
971.1779725
986.8972321
967.041142
958.3479371
960.3725411
969.1916672
981.2812627
981.0990541
1003.23043
1026.489874
1024.648639
991.6363953
963.8960135
976.5310741
970.6203215
946.4858121
903.9319909
889.9808507
933.8635177
970.3023269
982.8253931
968.9798642
973.7213486
974.4124645
981.9143504
994.123484
996.6018685
1018.704811
1031.746649
1032.800441
1011.860964
1020.76191
1040.152614
1032.851506
1023.070852
989.2949573
955.3896594
970.6574595
985.6014623
996.6140544
993.3894273
993.8449486
1004.64922
1012.805083
1021.948587
1021.948587
1016.966286
1012.696571
1019.914699
1026.774212
1030.367319
1042.57181
1055.180758
1046.012882
1046.798584
1064.437417
1076.709801
1068.079267
1053.525794
1025.217896
1019.229966
1035.407648
1040.153775
1040.153775
1040.153775
1037.018511
1040.562874
1038.293971
1043.25132
1049.925724
1055.209192
1050.228631
1044.986944
1058.793594
1057.760111
1057.760111
1050.425347
1042.77839
1032.559044
1034.736262
1027.476354
1021.513956
1023.794464
994.2314165
964.9294957
934.2070446
905.0681831
852.9489932
796.3442233
851.3311669
794.5174955
846.3807811
816.9628039
856.4602797
923.8397261
923.8397261
877.3550746
891.0282597
892.2834097
897.2117449
893.705681
867.4072999
809.0152614
727.561655
754.5592758
669.2833517
625.1383973
669.5676899
791.2876458
788.6473626
788.6473626
760.3069692
784.1466953
777.8692044
769.4231997
769.4231997
736.8624151
737.1537167
766.6947136
802.4133929
802.4133929
834.3236813
818.7436894
827.1972379
826.1718795
845.8358962
828.0148552
829.6982534
807.1850519
791.0149132
771.2394824
776.7956827
813.2664075
813.2664075
810.2994255
824.4478617
813.3366216
824.4467011
846.9442349
853.0656299
860.5268961
847.1374688
855.9252597
869.860152
876.886787
876.886787
885.6374398
904.3526954
904.2070446
899.9767887
891.5882319
910.6690652
914.3846109
919.1876052
926.9854349
926.9854349
909.9088957
904.8145999
887.9359369
892.7865142
897.0922068
894.3480532
900.3719608
909.7934196
901.6311727
899.4231997
877.9829397
861.21395
854.2586897
863.502002
854.5557941
837.9005397
874.4258109
884.7420646
885.6519468
881.2946092
868.0235594
878.9949515
865.3931411
870.8263216
861.07004
883.2025765
884.2082052
884.7461266
886.2310683
890.7949864
899.7945802
899.1870249
908.5011315
913.1677595
907.5970522
912.8364185
913.7439796
902.1394998
909.3193292
909.3193292
900.7630709
905.9461498
910.3174143
917.0179307
909.0506586
911.1791331
912.541055
918.5382696
935.7668427
919.4284222
926.8618349
931.9729589
922.7482156
917.5506296
917.5506296
931.6375559
931.29635
932.0524575
929.3999884
929.3999884
938.0299426
935.3902397
924.2227122
925.4975918
930.4288284
919.1452446
913.7010387
909.6216561
905.5318285
887.1473336
898.9467881
902.5085592
896.9308884
897.6167818
907.2169674
913.6702838
914.3915743
915.8097836
915.8097836
915.2927523
918.7866303
919.193408
939.6779435
953.1062496
962.4482098
965.9925724
958.582371
963.9935008
973.2165032
973.2165032
952.6339001
961.123426
968.2504497
968.2504497
968.2504497
946.0094006
953.7259908
954.3329658
922.1487843
922.1487843
880.6650032
908.3931991
919.6291998
922.257297
930.0435212
925.5509778
926.5241107
926.3842628
922.5642662
908.6665119
918.9456276
920.5042651
911.3659839
915.8063019
909.3233912
914.7995126
929.0077178
937.9724946
940.1874311
942.2863111
935.3716706
937.3869901
933.5727964
933.0163059
924.0190333
926.0714907
935.7517554
938.2347821
934.7026055
927.4368943
928.7477514
920.6168398
917.9330355
908.5603203
895.9008878
859.827076
872.0158997
875.2933326
877.1247026
857.0562293
866.0900598
871.8006151
892.8787791
898.7286021
899.3216503
890.9969245
883.0604074
883.6911739
881.6253699
881.6253699
884.9138281
887.104973
888.5690245
902.3472408
899.6738815
909.9477746
897.9394186
892.9623397
895.2747635
885.4343411
895.2532931
900.388789
900.388789
900.388789
904.6033772
898.0711426
896.3726571
896.5670516
902.491731
908.4593512
897.3637788
903.2617652
901.1518598
903.5269541
914.6242674
905.1540649
903.2820751
906.2287472
902.5387338
889.981431
889.981431
874.199501
879.0924389
879.2026925
856.5554459
868.4825625
871.4739163
884.8523182
897.94232
887.7670748
884.2540475
875.5045552
873.3511286
886.6918122
886.6918122
882.9019904
876.6343643
858.0270411
862.2973365
860.5837637
865.0554169
858.1245285
868.7117739
869.9965183
878.9160332
874.703766
870.8953752
870.1816283
870.9301921
870.9301921
884.5888702
905.962978
915.0913944
925.4563918
925.4563918
936.3685951
926.8287588
931.2447049
924.9167295
922.9408693
921.7060291
937.0933674
935.5086172
930.2054198
930.2054198
930.9069808
929.2032728
931.6764347
937.5546916
948.5957175
938.1036384
948.4645738
973.7103232
967.286021
972.6304184
996.4846515
1005.32873
1004.360819
1004.360819
1001.46057
1006.68717
998.2893286
991.6160854
989.7220449
991.4199501
1000.606975
987.8668833
989.1597516
992.3031393
984.3016306
984.3016306
996.181164
977.5250972
964.9904253
958.3711484
942.6762607
942.5172634
891.7083503
915.6194511
915.6194511
919.5653688
932.5456972
944.7821041
962.3060407
958.917774
957.7392213
958.5423316
980.5773806
979.683166
983.9697093
985.6252539
986.709801
984.7066674
976.8270179
970.0876226
957.9939651
965.028724
956.8409447
937.2732548
933.3459061
932.954796
939.8961295
937.1421111
932.5149423
924.8935182
934.1385713
938.9090698
948.8516219
951.5673417
958.55974
964.436256
960.5472059
968.5701851
975.559682
974.127546
968.6833401
967.9440608
973.4265653
970.0406197
970.0406197
958.9363431
945.2277607
947.6121395
940.9417977
940.3249579
956.3755585
955.0745662
961.5389079
969.3512447
979.2154587
985.224279
980.7421807
980.2814368
989.3146869
989.3146869
1012.773168
1014.23896
1002.03621
1000.510648
1000.510648
985.5300876
1018.53943
1028.191261
1026.162015
1025.069344
1034.007428
1025.443626
1037.309232
1046.876342
1031.462311
1029.332095
1026.289677
1029.451633
1031.473916
1029.636743
1017.801311
1021.663088
1015.725643
1009.760924
1000.10271
1014.909186
1004.853479
1000.490338
1009.52649
992.9478326
963.8112923
966.8299193
980.57622
983.2315906
993.6401091
993.6401091
985.137817
982.6072071
982.2549759
982.2549759
982.2549759
978.5417513
981.8696687
978.1425173
978.1425173
953.9598445
952.7041142
954.0753206
944.2267742
923.5176696
902.5787733
886.8241165
867.2929844
839.6901294
772.9025706
815.9676203
828.2887483
865.6989497
873.2269483
873.0778158
881.2296176
874.1374108
875.6972088
878.3531596
882.5068183
858.5347879
836.1318401
826.1422852
841.3247838
849.9535774
845.880578
848.7889514
859.0489178
861.0230372
874.5076307
879.253177
875.409389
880.3719608
875.1447804
867.9254918
868.3711484
861.8342715
859.0036558
842.5056577
833.6952359
803.3656357
833.5095456
829.6361632
838.0757848
843.874543
851.323043
853.3691174
860.0899437
857.7461846
843.6691232
855.228341
852.0669645
852.0669645
852.0669645
852.0669645
845.9960541
844.0132304
846.2925782
852.755179
849.8288168
867.8825509
870.4473974
878.446585
884.2412813
890.8007892
894.3613996
902.2039111
892.2329252
887.9782975
889.0605234
903.3401033
912.0959786
911.1065978
926.1010851
929.6930308
929.0785122
917.6753902
922.6170719
929.3100447
939.0872164
951.3810712
966.641908
966.641908
998.3049962
998.3049962
1020.893054
999.0024952
991.0851274
995.6281553
994.9498056
998.92996
1007.750247
1003.507805
997.6260663
996.8409447
991.8000348
999.872338
990.9557245
982.7894157
982.7894157
975.0084141
979.8177914
985.2556142
993.9035571
993.9035571
972.773748
983.9435966
983.633726
984.386932
970.9806766
953.2977427
951.3839726
951.7768235
954.4153659
953.9668079
938.0282017
930.4891777
898.590495
916.7782742
916.3894853
918.2051877
914.8975802
904.9585098
910.5814426
910.5814426
887.4241281
886.0192654
902.1365984
907.2918238
899.8218534
886.4428712
895.921778
893.6929148
877.6446353
873.9604248
857.8204607
856.3181106
863.8078106
869.8793013
878.3769512
874.5087913
882.6228747
888.5272442
897.7003424
886.0854175
891.2400627
907.4009168
916.2861951
913.0337144
900.7973075
901.1907387
894.1321882
894.1321882
901.0851274
903.0696919
896.0778738
903.4608019
898.7187373
905.2939128
905.2939128
902.7586607
913.9679684
922.8201706
920.2849185
914.6405153
914.8256253
921.7611559
942.4807056
956.3146289
994.7420646
988.228399
989.0512389
977.1252829
965.7384089
981.127488
982.9576974
983.9830558
1001.62537
1002.859049
982.2039111
940.4079383
918.1755933
914.0700981
955.4784425
950.9864794
933.8768642
945.563744
959.185284
951.6340742
930.9307724
946.7463587
947.2529449
938.6287936
935.0745662
887.4879591
878.6798584
849.0947601
822.7128184
750.1346254
750.1346254
823.5669936
764.2041432
733.2321708
753.3755005
758.9229966
758.4373005
715.631637
695.6548483
660.1166367
638.9729008
659.2966982
698.3438751
729.8984506
740.3725411
740.3725411
758.9682586
732.7197818
694.0428248
723.7404979
723.3064469
715.3206058
704.6381942
700.1305635
729.3535658
729.3535658
708.33343
708.1164046
701.1228457
692.0402716
717.7664945
724.6103406
741.7948123
755.4024256
751.2679162
737.9811989
745.0206
761.4158881
767.7769396
762.2834097
762.2834097
788.3699878
806.5954854
812.7940579
808.0165961
813.7863402
810.6928567
809.6025068
797.7722973
795.9049498
798.191261
796.0378344
790.4833749
790.4833749
791.1170429
786.5577671
791.8685081
791.8685081
791.8685081
803.0517031
805.6937272
828.6688331
814.3155574
815.6948877
817.2616492
817.2616492
816.3865839
797.639993
784.2314165
787.9208495
793.000058
780.6406313
775.5126792
774.4879011
777.1188998
785.4621946
788.2754018
797.0347589
794.5360645
804.7223351
792.9635003
799.5914815
804.6544421
807.014449
819.7974816
821.417629
813.8002669
809.7290083
799.7905182
815.3722509
811.1013753
791.0828062
778.7198979
780.3040678
764.779783
762.0942378
754.1838333
763.0145651
776.1208147
784.8517379
759.5346138
763.5878837
775.9182963
764.2969883
768.2591539
766.4039923
778.6554866
772.7534382
777.9643707
785.0397493
793.4283062
788.6740556
793.1149539
801.5365868
799.7452562
799.7452562
809.2003714
805.940347
803.7526838
803.1764638
793.3470667
803.8136134
807.9185284
822.7987002
821.1147218
820.7706145
821.6520629
816.8409447
816.8409447
816.8409447
810.0046423
813.7155458
816.8670574
817.5570127
811.6886207
804.1623629
805.8799977
805.5260256
813.1364243
833.1045088
831.9509081
834.798352
850.9812569
846.3494458
846.3494458
864.1861545
866.751001
873.6876922
891.5174375
928.6920443
919.6994139
924.7316196
908.582371
917.1310857
917.0463645
929.3616898
941.4367783
943.4039343
928.1117623
928.8289909
928.8289909
938.9433064
934.0904079
943.8960135
950.5837637
967.9017002
969.0129403
959.9373295
972.3420182
973.7700923
971.6381361
975.1697325
979.5485406
995.4656763
996.0523414
996.0523414
985.3455579
992.0541983
999.9646028
1009.428422
1009.428422
1005.900888
1001.231939
1009.308304
1005.517902
1005.517902
1016.377299
1031.764057
1030.756688
1026.531074
1019.614693
1020.855916
1010.142169
988.5550978
987.045204
984.6718505
993.5536471
996.5484826
1000.872164
1012.628097
1012.628097
1024.288864
1032.220739
1057.847154
1062.837579
1060.168862
1044.968955
1043.572216
1066.961063
1077.353914
1084.471073
1088.396101
1082.213196
1090.304648
1090.304648
1097.967852
1084.949806
1089.734811
1098.211571
1100.572158
1100.572158
1092.997737
1096.87286
1106.532235
1117.948703
1145.531248
1142.53177
1134.037022
1124.715372
1127.771717
1122.534092
1091.699646
1092.948993
1085.04149
1102.01648
1109.180642
1131.442581
1129.708698
1123.920966
1124.967794
1121.314919
1152.970464
1158.306157
1154.97882
1182.825393
1170.874485
1180.158997
1187.426449
1187.540765
1197.389891
1225.32989
1216.692973
1225.300296
1214.276098
1218.06592
1232.5927
1252.778971
1252.455753
1244.359659
1233.247838
1233.247838
1203.914002
1193.520571
1190.565775
1197.92143
1227.566297
1218.924737
1214.551152
1206.149829
1201.436778
1188.53885
1175.079208
1177.529739
1186.386004
1151.520339
1151.520339
1131.444322
1153.439912
1177.429931
1177.420066
1198.472117
1201.215691
1197.83903
1197.685255
1199.294377
1199.294377
1200.630186
1185.890443
1190.559972
1193.593687
1198.515058
1202.210874
1219.553763
1206.742877
1219.991296
1206.07091
1224.616143
1230.69866
1251.219753
1249.011199
1254.720594
1254.720594
1254.399698
1249.686648
1265.210352
1263.658098
1267.782742
1278.20983
1282.973365
1273.171241
1272.334475
1268.562641
1264.826206
1273.878025
1273.878025
1265.084431
1266.846748
1269.850868
1269.850868
1269.850868
1275.910753
1276.758545
1272.499855
1266.869959
1273.455579
1273.455579
1265.680961
1275.74073
1281.48146
1277.532061
1275.620031
1281.978181
1279.40289
1255.130273
1262.581094
1248.781408
1258.022399
1256.430685
1249.677363
1260.484535
1255.304938
1260.80195
1254.100853
1233.630244
1221.458829
1218.020078
1234.377648
1244.104915
1246.879824
1243.238554
1244.932397
1251.412406
1253.207219
1247.69454
1261.798294
1264.224453
1270.688214
1291.335229
1274.617304
1282.84048
1283.341844
1278.750653
1288.304416
1285.528927
1283.158475
1291.589973
1285.014217
1283.631985
1288.266117
1289.254918
1287.830326
1292.412813
1311.435037
1312.087274
1292.405849
1292.405849
1304.415366
1300.731736
1301.117623
1297.336506
1302.650728
1304.419428
1314.694482
1314.694482
1314.694482
1324.849417
1329.817791
1344.160622
1348.322405
1340.90524
1341.211629
1344.190797
1354.340509
1357.041722
1338.915453
1328.949109
1343.215923
1348.953752
1353.184588
1361.453606
1356.590263
1344.780363
1329.950096
1341.259792
1338.199965
1360.319735
1352.141821
1320.517031
1281.537167
1298.793594
1314.1142
1318.578889
1328.701329
1332.507979
1322.620554
1322.620554
1309.540997
1290.680091
1283.006441
1281.148378
1293.875123
1281.697325
1316.526432
1311.053792
1332.680903
1329.442349
1330.764812
1335.748854
1336.109789
1320.883189
1320.883189
1315.129113
1328.314281
1326.93437
1327.545987
1327.545987
1330.100389
1339.918761
1338.598039
1351.033482
1344.903383
1346.968607
1351.247026
1349.043695
1355.706493
1352.913596
1336.639587
1350.071955
1342.227122
1339.984913
1339.984913
1351.362502
1350.96733
1361.846457
1366.272849
1385.47264
1395.258516
1409.437707
1424.48616
1418.711194
1421.711832
1421.711832
1465.578251
1466.56473
1472.611849
1501.147798
1511.347415
1496.688331
1463.047641
1468.860326
1470.598851
1482.830035
1493.120176
1496.524111
1474.063715
1474.174549
1470.570417
1451.350897
1452.582255
1467.066094
1467.066094
1471.885336
1483.531016
1490.51355
1488.837695
1515.628155
1517.288342
1514.425811
1527.739221
1553.276853
1554.256949
1584.324842
1633.961005
1606.633784
1612.987292
1645.563744
1637.450241
1654.754251
1651.020716
1616.517147
1615.991992
1622.314165
1612.452852
1611.054953
1604.049208
1617.265131
1620.100969
1611.648001
1598.577729
1600.794406
1613.172402
1648.678698
1668.014275
1670.284338
1665.792375
1663.594847
1691.23368
1720.656879
1700.319155
1716.285615
1732.593861
1727.435153
1750.32844
1742.785354
1724.871468
1724.871468
1751.045668
1748.914292
1763.249579
1787.165903
1781.840074
1754.749028
1752.170835
1759.037312
1795.219056
1795.219056
1803.154413
1810.304648
1824.124645
1825.952533
1827.131666
1829.206754
1794.665467
1738.709453
1696.547322
1696.547322
1643.534498
1694.498926
1702.996576
1667.878489
1665.073986
1640.598851
1668.112343
1654.359079
1643.094064
1627.374804
1641.800615
1658.524923
1697.105553
1701.388615
1706.467243
1706.038995
1706.038995
1703.78634
1697.59241
1706.513666
1713.327337
1686.68775
1692.328672
1682.184762
1672.318227
1679.852028
1691.668891
1697.670748
1703.042419
1721.89288
1700.085882
1685.141879
1679.734811
1679.734811
1642.913016
1661.76928
1644.648059
1613.14745
1639.455695
1639.455695
1599.151628
1625.384437
1655.754076
1649.387222
1657.710207
1642.829455
1618.872512
1589.185284
1599.514304
1609.384901
1606.33784
1616.113271
1619.211977
1608.837115
1600.421285
1602.773168
1591.622469
1584.741484
1569.022805
1561.599838
1585.45291
1565.324088
1552.16097
1563.241455
1563.977833
1549.064005
1551.458829
1528.14716
1507.688737
1516.994719
1512.274706
1541.6863
1550.316834
1557.080601
1593.761388
1602.767945
1597.198979
1612.696571
1620.918006
1620.270992
1602.680903
1615.560843
1586.087158
1578.259734
1586.987756
1556.348285
1556.720246
1615.878257
1640.280856
1640.280856
1642.709917
1649.110428
1647.22219
1632.811466
1637.117159
1628.016016
1631.816863
1637.095689
1632.267742
1627.783323
1632.069866
1625.380375
1629.984913
1616.286195
1610.099228
1584.95967
1589.668079
1584.129287
1578.500551
1567.308652
1569.481808
1592.068125
1592.068125
1592.068125
1599.035571
1608.31196
1608.307898
1613.733534
1614.000464
1607.606917
1589.067487
1595.341496
1564.377067
1571.044508
1587.540765
1616.777694
1624.46585
1626.400511
1630.030755
1629.34254
1645.80282
1643.535658
1642.205652
1650.751465
1648.134974
1665.353682
1655.510938
1667.582545
1661.206406
1665.176116
1686.617536
1683.896594
1689.274647
1683.447455
1683.447455
1686.571694
1694.518656
1695.335113
1697.513492
1676.034933
1670.374282
1646.081936
1641.771021
1648.595137
1631.920733
1636.464342
1648.264376
1644.070098
1644.337028
1644.337028
1645.787153
1652.711658
1631.428074
1640.190913
1640.190913
1644.231416
1609.380259
1602.302559
1585.068763
1544.884814
1527.150815
1555.986189
1526.654094
1526.397029
1532.778971
1565.08327
1565.08327
1572.174897
1573.603551
1587.875588
1586.777694
1573.192131
1595.426797
1582.694249
1592.280508
1581.437359
1574.947484
1530.999246
1517.437475
1475.375152
1517.793187
1521.95439
1533.082458
1538.837115
1538.837115
1549.187605
1559.346602
1524.186735
1514.183253
1515.957755
1544.327743
1544.787327
1537.518134
1545.234144
1574.23954
1585.427378
1594.406081
1589.803284
1588.808681
1556.54384
1580.331341
1591.569083
1592.569489
1580.377183
1578.170951
1578.073464
1585.47264
1606.170139
1634.2378
1633.573377
1622.501596
1603.952301
1555.745953
1546.663959
1538.305577
1545.133175
1539.384901
1560.333662
1544.043985
1507.137469
1538.490686
1546.911739
1548.181976
1550.635409
1561.416468
1554.884814
1559.182383
1561.963094
1564.663146
1564.663146
1577.51001
1569.109847
1569.872338
1577.977717
1585.803981
1582.096559
1582.048396
1601.744908
1603.225207
1591.484942
1573.054605
1577.909244
1583.034295
1585.332792
1585.332792
1596.156212
1580.248361
1567.278477
1574.351535
1574.351535
1575.650206
1566.651192
1560.948761
1549.153949
1537.6545
1522.113967
1481.35728
1481.903905
1464.42349
1497.461266
1510.51471
1536.385423
1554.599896
1566.087158
1548.945047
1524.40318
1565.41113
1565.41113
1564.544769
1567.756049
1573.174723
1550.853015
1551.07004
1583.419602
1572.63274
1590.682412
1598.865549
1613.307027
1613.155574
1607.091627
1597.793768
1599.594963
1575.943829
1575.943829
1581.54413
1606.603029
1616.992979
1611.800615
1597.369582
1597.369582
1607.09975
1597.906342
1568.540591
1581.44026
1560.69866
1576.980793
1591.199443
1579.708698
1581.935821
1580.503685
1576.692973
1566.426623
1566.175361
1556.97499
1580.695758
1606.538037
1596.968026
1611.37875
1607.309813
1606.797424
1613.362734
1618.412348
1621.175651
1620.466547
1630.792665
1637.117159
1636.228747
1661.903905
1674.54709
1670.536761
1658.383915
1661.513956
1661.537167
1660.217606
1653.769512
1648.466315
1690.667905
1694.734521
1688.757036
1689.039633
1668.155864
1672.648407
1680.344688
1674.333546
1668.830732
1699.096501
1699.729589
1691.668311
1653.43701
1653.43701
1677.348691
1679.770208
1677.786224
1700.728254
1719.092439
1713.649974
1709.093599
1727.771717
1720.381245
1725.748274
1737.34579
1744.016712
1744.016712
1744.016712
1754.710149
1750.348169
1749.675622
1744.994487
1741.215111
1758.105959
1763.341844
1757.337086
1730.688214
1725.568386
1723.564672
1713.790402
1735.581152
1747.500725
1765.312482
1791.160564
1791.160564
1824.244183
1824.553473
1803.593106
1809.550281
1804.255788
1800.142169
1783.578599
1773.087681
1745.429119
1741.188998
1741.722857
1711.164626
1712.691928
1712.691928
1731.215691
1725.868972
1711.508153
1702.155167
1682.694249
1698.774444
1683.597749
1723.879185
1686.444032
1666.386584
1658.839436
1673.121337
1677.294725
1671.017234
1671.017234
1661.103116
1664.580166
1673.819997
1666.00766
1666.00766
1702.493472
1717.637092
1666.406313
1657.240179
1612.49057
1614.953868
1642.939128
1632.583416
1665.911333
1665.911333
1694.932977
1692.259038
1694.182673
1693.341264
1682.495793
1679.679104
1692.418035
1667.664365
1681.038125
1677.768235
1682.738351
1688.870191
1692.488249
1692.488249
1677.85934
1682.619393
1663.896013
1671.607381
1710.839668
1709.870017
1702.26368
1701.761736
1690.207161
1680.506006
1672.989033
1672.989033
1642.912435
1684.052109
1689.739453
1679.185864
1691.045668
1706.654094
1707.666686
1708.206929
1708.206929
1692.720362
1697.724134
1701.136192
1693.108571
1692.051877
1701.597516
1691.07004
1686.876342
1688.594557
1683.311089
1671.939883
1668.639239
1698.831892
1705.448848
1700.16422
1700.183369
1696.896652
1710.786282
1723.692334
1704.866825
1705.063541
1724.07416
1726.044798
1731.324784
1718.857425
1711.390356
1712.5927
1723.562932
1715.064701
1709.651251
1728.496489
1725.564905
1735.705913
1731.87315
1730.705043
1729.448152
1734.641676
1739.126676
1745.560843
1745.560843
1765.213834
1799.560146
1821.83195
1824.634132
1841.953229
1834.179191
1842.835838
1878.06534
1877.951024
1880.195555
1844.707828
1846.93321
1807.111936
1794.52736
1794.52736
1778.1489
1744.847096
1786.849649
1789.686648
1789.686648
1779.46556
1772.926942
1785.644983
1787.144432
1795.382696
1794.861022
1795.661231
1799.533453
1796.065688
1786.60419
1786.665119
1791.581849
1798.494168
1802.890965
1810.600012
1817.215227
1834.858701
1837.541345
1846.771311
1848.968839
1857.273255
1864.21865
1855.553299
1854.441479
1850.674288
1851.99617
1868.643301
1862.755759
1865.673998
1876.598967
1876.598967
1878.358962
1892.556142
1889.767887
1889.767887
1889.767887
1878.689723
1898.689143
1909.05298
1909.05298
1889.229966
1901.482621
1896.66686
1896.576916
1900.02089
1895.238206
1906.480009
1899.771369
1908.45645
1908.515639
1911.916672
1921.455928
1929.802704
1928.499971
1920.978355
1931.785528
1933.22985
1935.166251
1946.13068
1943.236233
1955.408228
1940.190333
1923.851332
1921.631753
1903.53914
1905.192944
1916.094702
1917.913886
1903.029072
1900.183949
1877.512331
1872.871816
1876.311727
1884.055591
1885.673998
1876.856612
1880.237335
1871.512795
1865.874775
1847.755469
1837.218128
1832.960019
1822.384379
1829.214298
1824.368363
1830.066732
1823.572796
1823.135264
1845.242848
1812.665235
1791.570243
1794.096211
1793.212441
1800.077758
1800.077758
1815.751755
1821.450705
1821.450705
1821.450705
1810.284918
1808.99147
1789.748158
1800.109093
1806.944235
1794.303952
1771.540068
1766.867057
1779.344862
1761.54239
1695.501074
1734.066616
1730.836767
1732.383218
1738.960135
1744.579586
1742.845703
1746.903615
1745.882319
1728.385075
1724.550572
1719.784715
1719.784715
1722.440666
1722.772587
1709.459757
1711.35786
1696.081356
1686.251958
1664.084025
1664.084025
1674.919631
1687.226252
1690.215865
1697.714269
1688.397841
1696.924505
1701.663669
1704.243602
1715.423896
1714.499507
1724.494865
1714.738583
1707.955666
1669.395346
1669.395346
1683.892532
1678.463994
1671.191899
1669.957639
1669.957639
1648.363024
1624.713051
1624.536645
1630.02031
1634.097952
1660.623803
1657.326641
1623.446875
1593.1695
1572.212035
1565.211513
1576.635525
1586.397609
1633.156734
1633.156734
1630.804851
1619.868276
1622.852666
1605.611327
1596.19393
1588.150061
1562.829455
1592.012418
1611.823246
1646.961063
1651.671792
1674.849417
1690.872164
1684.736262
1669.007718
1704.346312
1713.070852
1712.986712
1704.573203
1699.759763
1706.170139
1693.555968
1716.087158
1731.906226
1733.290779
1730.334823
1730.334823
1719.191667
1727.826264
1732.914176
1749.310045
1762.651889
1741.614925
1735.097197
1735.097197
1733.84785
1733.280334
1733.630825
1729.998839
1726.600708
1724.817501
1741.814542
1722.980909
1733.014565
1734.021935
1735.769164
1751.040446
1752.027505
1738.557419
1759.288574
1776.705739
1778.581791
1772.744154
1765.660651
1763.175883
1774.560436
1773.588464
1767.986421
1765.546916
1775.013637
1777.447339
1779.329774
1766.643069
1769.936749
1759.004816
1759.601927
1756.50264
1756.773052
1753.451517
1756.175942
1757.170545
1744.182092
1751.180294
1756.528173
1756.528173
1762.030407
1764.110718
1766.303604
1775.729705
1774.050368
1764.717113
1766.696454
1768.570765
1770.297104
1758.18894
1761.855742
1754.565659
1744.072419
1750.628445
1750.628445
1730.503685
1736.153891
1714.610921
1671.019556
1671.019556
1613.643591
1656.800325
1666.298961
1665.398364
1667.296466
1658.474439
1654.820983
1648.253931
1643.499101
1623.163117
1609.023385
1601.690362
1609.102304
1616.281553
1606.02797
1609.591481
1568.870771
1590.82284
1589.455115
1608.013114
1615.152324
1620.63715
1635.346138
1625.055417
1591.205826
1601.064237
1579.959961
1584.327743
1608.775025
1576.249637
1587.67539
1587.67539
1574.40376
1575.148262
1577.361458
1577.361458
1577.361458
1584.551732
1570.150293
1570.150293
1544.721755
1537.927233
1537.008066
1513.465444
1513.134103
1517.792027
1522.867754
1507.349852
1510.176986
1506.462601
1502.594441
1514.468752
1488.140196
1465.805141
1449.005397
1431.942204
1426.915221
1432.169094
1444.07474
1427.92259
1428.145419
1441.774502
1462.053038
1475.952533
1461.367144
1472.484768
1493.832182
1499.907155
1507.090466
1502.063483
1515.258516
1531.258051
1503.721929
1499.481808
